  1  18
  1  19
  1   2
  2  19
  2  20
  2   3
  3  20
  3  21
  3   4
  4  21
  4  22
  4   5
  5  22
  5  23
  5   6
  6  23
  6  24
  6   7
  7  24
  7  25
  7   8
  8  25
  8  26
  8   9
  9  26
  9  27
  9  10
 10  27
 10  28
 10  11
 11  28
 11  29
 11  12
 12  29
 12  30
 12  13
 13  30
 13  31
 13  14
 14  31
 14  32
 14  15
 15  32
 15  33
 15  16
 16  33
 16  34
 16  17
 17  34
 17  35
 18  36
 18  37
 18  19
 19  37
 19  38
 19  20
 20  38
 20  39
 20  21
 21  39
 21  40
 21  22
 22  40
 22  41
 22  23
 23  41
 23  42
 23  24
 24  42
 24  43
 24  25
 25  43
 25  44
 25  26
 26  44
 26  45
 26  27
 27  45
 27  46
 27  28
 28  46
 28  47
 28  29
 29  47
 29  48
 29  30
 30  48
 30  49
 30  31
 31  49
 31  50
 31  32
 32  50
 32  51
 32  33
 33  51
 33  52
 33  34
 34  52
 34  53
 34  35
 35  53
 35  54
 36  56
 36  57
 36  37
 37  57
 37  58
 37  38
 38  58
 38  59
 38  39
 39  59
 39  60
 39  40
 40  60
 40  61
 40  41
 41  61
 41  62
 41  42
 42  62
 42  63
 42  43
 43  63
 43  64
 43  44
 44  64
 44  65
 44  45
 45  65
 45  66
 45  46
 46  66
 46  67
 46  47
 47  67
 47  68
 47  48
 48  68
 48  69
 48  49
 49  69
 49  70
 49  50
 50  70
 50  71
 50  51
 51  71
 51  72
 51  52
 52  72
 52  73
 52  53
 53  73
 53  74
 53  54
 54  74
 54  75
 54  55
 55  75
 55  76
 56  78
 56  79
 56  57
 57  79
 57  80
 57  58
 58  80
 58  81
 58  59
 59  81
 59  82
 59  60
 60  82
 60  83
 60  61
 61  83
 61  84
 61  62
 62  84
 62  85
 62  63
 63  85
 63  86
 63  64
 64  86
 64  87
 64  65
 65  87
 65  88
 65  66
 66  88
 66  89
 66  67
 67  89
 67  90
 67  68
 68  90
 68  91
 68  69
 69  91
 69  92
 69  70
 70  92
 70  93
 70  71
 71  93
 71  94
 71  72
 72  94
 72  95
 72  73
 73  95
 73  96
 73  74
 74  96
 74  97
 74  75
 75  97
 75  98
 75  76
 76  98
 76  99
 77 100
 77 101
 77  78
 78 101
 78 102
 78  79
 79 102
 79 103
 79  80
 80 103
 80 104
 80  81
 81 104
 81 105
 81  82
 82 105
 82 106
 82  83
 83 106
 83 107
 83  84
 84 107
 84 108
 84  85
 85 108
 85 109
 85  86
 86 109
 86 110
 86  87
 87 110
 87 111
 87  88
 88 111
 88 112
 88  89
 89 112
 89 113
 89  90
 90 113
 90 114
 90  91
 91 114
 91 115
 91  92
 92 115
 92 116
 92  93
 93 116
 93 117
 93  94
 94 117
 94 118
 94  95
 95 118
 95 119
 95  96
 96 119
 96 120
 96  97
 97 120
 97 121
 97  98
 98 121
 98 122
 98  99
 99 122
 99 123
100 125
100 101
101 125
101 126
101 102
102 126
102 127
102 103
103 127
103 128
103 104
104 128
104 129
104 105
105 129
105 130
105 106
106 130
106 131
106 107
107 131
107 132
107 108
108 132
108 133
108 109
109 133
109 134
109 110
110 134
110 135
110 111
111 135
111 136
111 112
112 136
112 137
112 113
113 137
113 138
113 114
114 138
114 139
114 115
115 139
115 140
115 116
116 140
116 141
116 117
117 141
117 142
117 118
118 142
118 143
118 119
119 143
119 144
119 120
120 144
120 145
120 121
121 145
121 146
121 122
122 146
122 147
122 123
123 147
123 148
123 124
124 148
124 149
125 150
125 151
125 126
126 151
126 152
126 127
127 152
127 153
127 128
128 153
128 154
128 129
129 154
129 155
129 130
130 155
130 156
130 131
131 156
131 157
131 132
132 157
132 158
132 133
133 158
133 159
133 134
134 159
134 160
134 135
135 160
135 161
135 136
136 161
136 162
136 137
137 162
137 163
137 138
138 163
138 164
138 139
139 164
139 165
139 140
140 165
140 166
140 141
141 166
141 167
141 142
142 167
142 168
142 143
143 168
143 169
143 144
144 169
144 170
144 145
145 170
145 171
145 146
146 171
146 172
146 147
147 172
147 173
147 148
148 173
148 174
148 149
149 174
149 175
150 176
150 151
151 176
151 177
151 152
152 177
152 178
152 153
153 178
153 179
153 154
154 179
154 180
154 155
155 180
155 181
155 156
156 181
156 182
156 157
157 182
157 183
157 158
158 183
158 184
158 159
159 184
159 185
159 160
160 185
160 186
160 161
161 186
161 187
161 162
162 187
162 188
162 163
163 188
163 189
163 164
164 189
164 190
164 165
165 190
165 191
165 166
166 191
166 192
166 167
167 192
167 193
167 168
168 193
168 194
168 169
169 194
169 195
169 170
170 195
170 196
170 171
171 196
171 197
171 172
172 197
172 198
172 173
173 198
173 199
173 174
174 199
174 200
174 175
175 200
175 201
176 203
176 177
177 203
177 204
177 178
178 204
178 205
178 179
179 205
179 206
179 180
180 206
180 207
180 181
181 207
181 208
181 182
182 208
182 209
182 183
183 209
183 210
183 184
184 210
184 211
184 185
185 211
185 212
185 186
186 212
186 213
186 187
187 213
187 214
187 188
188 214
188 215
188 189
189 215
189 216
189 190
190 216
190 217
190 191
191 217
191 218
191 192
192 218
192 219
192 193
193 219
193 220
193 194
194 220
194 221
194 195
195 221
195 222
195 196
196 222
196 223
196 197
197 223
197 224
197 198
198 224
198 225
198 199
199 225
199 226
199 200
200 226
200 227
200 201
201 227
201 228
201 202
202 228
202 229
203 230
203 204
204 230
204 231
204 205
205 231
205 232
205 206
206 232
206 233
206 207
207 233
207 234
207 208
208 234
208 235
208 209
209 235
209 236
209 210
210 236
210 237
210 211
211 237
211 238
211 212
212 238
212 239
212 213
213 239
213 240
213 214
214 240
214 241
214 215
215 241
215 242
215 216
216 242
216 243
216 217
217 243
217 244
217 218
218 244
218 245
218 219
219 245
219 246
219 220
220 246
220 247
220 221
221 247
221 248
221 222
222 248
222 249
222 223
223 249
223 250
223 224
224 250
224 251
224 225
225 251
225 252
225 226
226 252
226 253
226 227
227 253
227 254
227 228
228 254
228 255
228 229
229 255
229 256
230 257
230 231
231 257
231 258
231 232
232 258
232 259
232 233
233 259
233 260
233 234
234 260
234 261
234 235
235 261
235 262
235 236
236 262
236 263
236 237
237 263
237 264
237 238
238 264
238 265
238 239
239 265
239 266
239 240
240 266
240 267
240 241
241 267
241 268
241 242
242 268
242 269
242 243
243 269
243 270
243 244
244 270
244 271
244 245
245 271
245 272
245 246
246 272
246 273
246 247
247 273
247 274
247 248
248 274
248 275
248 249
249 275
249 276
249 250
250 276
250 277
250 251
251 277
251 278
251 252
252 278
252 279
252 253
253 279
253 280
253 254
254 280
254 281
254 255
255 281
255 282
255 256
256 282
256 283
257 258
258 259
259 284
259 260
260 284
260 285
260 261
261 285
261 286
261 262
262 286
262 287
262 263
263 287
263 288
263 264
264 288
264 289
264 265
265 289
265 290
265 266
266 290
266 291
266 267
267 291
267 292
267 268
268 292
268 293
268 269
269 293
269 294
269 270
270 294
270 295
270 271
271 295
271 296
271 272
272 296
272 297
272 273
273 297
273 298
273 274
274 298
274 299
274 275
275 299
275 300
275 276
276 300
276 301
276 277
277 301
277 302
277 278
278 302
278 303
278 279
279 303
279 304
279 280
280 304
280 305
280 281
281 305
281 306
281 282
282 306
282 307
282 283
283 307
283 308
284 285
285 286
286 309
286 287
287 309
287 310
287 288
288 310
288 311
288 289
289 311
289 312
289 290
290 312
290 313
290 291
291 313
291 314
291 292
292 314
292 315
292 293
293 315
293 316
293 294
294 316
294 317
294 295
295 317
295 318
295 296
296 318
296 319
296 297
297 319
297 320
297 298
298 320
298 321
298 299
299 321
299 322
299 300
300 322
300 323
300 301
301 323
301 324
301 302
302 324
302 325
302 303
303 325
303 326
303 304
304 326
304 327
304 305
305 327
305 328
305 306
306 328
306 329
306 307
307 329
307 330
307 308
308 330
308 331
309 310
310 311
311 332
311 312
312 332
312 333
312 313
313 333
313 334
313 314
314 334
314 335
314 315
315 335
315 336
315 316
316 336
316 337
316 317
317 337
317 338
317 318
318 338
318 339
318 319
319 339
319 340
319 320
320 340
320 341
320 321
321 341
321 342
321 322
322 342
322 343
322 323
323 343
323 344
323 324
324 344
324 345
324 325
325 345
325 346
325 326
326 346
326 347
326 327
327 347
327 348
327 328
328 348
328 349
328 329
329 349
329 350
329 330
330 350
330 351
330 331
331 351
331 352
332 333
333 353
333 334
334 353
334 354
334 335
335 354
335 355
335 336
336 355
336 356
336 337
337 356
337 357
337 338
338 357
338 358
338 339
339 358
339 359
339 340
340 359
340 360
340 341
341 360
341 361
341 342
342 361
342 362
342 343
343 362
343 363
343 344
344 363
344 364
344 345
345 364
345 365
345 346
346 365
346 366
346 347
347 366
347 367
347 348
348 367
348 368
348 349
349 368
349 369
349 350
350 369
350 370
350 351
351 370
351 371
351 352
352 371
352 372
353 354
354 355
355 373
355 356
356 373
356 374
356 357
357 374
357 375
357 358
358 375
358 376
358 359
359 376
359 377
359 360
360 377
360 378
360 361
361 378
361 379
361 362
362 379
362 380
362 363
363 380
363 381
363 364
364 381
364 382
364 365
365 382
365 383
365 366
366 383
366 384
366 367
367 384
367 385
367 368
368 385
368 386
368 369
369 386
369 387
369 370
370 387
370 388
370 371
371 388
371 389
371 372
372 389
372 390
373 374
374 391
374 375
375 391
375 392
375 376
376 392
376 393
376 377
377 393
377 394
377 378
378 394
378 395
378 379
379 395
379 396
379 380
380 396
380 397
380 381
381 397
381 398
381 382
382 398
382 399
382 383
383 399
383 400
383 384
384 400
384 401
384 385
385 401
385 402
385 386
386 402
386 403
386 387
387 403
387 404
387 388
388 404
388 405
388 389
389 405
389 406
389 390
390 406
390 407
391 392
392 408
392 393
393 408
393 409
393 394
394 409
394 410
394 395
395 410
395 411
395 396
396 411
396 412
396 397
397 412
397 413
397 398
398 413
398 414
398 399
399 414
399 415
399 400
400 415
400 416
400 401
401 416
401 417
401 402
402 417
402 418
402 403
403 418
403 419
403 404
404 419
404 420
404 405
405 420
405 421
405 406
406 421
406 422
406 407
407 422
407 423
408 409
409 424
409 410
410 424
410 425
410 411
411 425
411 426
411 412
412 426
412 427
412 413
413 427
413 428
413 414
414 428
414 429
414 415
415 429
415 430
415 416
416 430
416 431
416 417
417 431
417 432
417 418
418 432
418 433
418 419
419 433
419 434
419 420
420 434
420 435
420 421
421 435
421 436
421 422
422 436
422 437
422 423
423 437
423 438
424 425
425 439
425 426
426 439
426 440
426 427
427 440
427 441
427 428
428 441
428 442
428 429
429 442
429 443
429 430
430 443
430 444
430 431
431 444
431 445
431 432
432 445
432 446
432 433
433 446
433 447
433 434
434 447
434 448
434 435
435 448
435 449
435 436
436 449
436 450
436 437
437 450
437 451
437 438
438 451
438 452
439 440
440 453
440 441
441 453
441 454
441 442
442 454
442 455
442 443
443 455
443 456
443 444
444 456
444 457
444 445
445 457
445 458
445 446
446 458
446 459
446 447
447 459
447 460
447 448
448 460
448 461
448 449
449 461
449 462
449 450
450 462
450 463
450 451
451 463
451 464
451 452
452 464
453 454
454 455
455 465
455 456
456 465
456 466
456 457
457 466
457 467
457 458
458 467
458 468
458 459
459 468
459 469
459 460
460 469
460 470
460 461
461 470
461 471
461 462
462 471
462 472
462 463
463 472
463 464
465 466
466 467
467 468
468 469
469 470
470 471
471 472
