-90.254659  30.161889
-95.381877  20.715144
-97.520725  22.817140
-76.881211  29.865233
-90.999211  32.753299
-83.449936  21.075302
-93.813428  28.968357
-76.103330  36.217083
-95.927445  27.376569
-86.707592  21.006054
-87.962666  20.750717
-73.857575  28.642514
-74.674457  36.190357
-88.749133  24.580850
-93.940216  27.239706
-86.810628  33.544311
-84.350772  35.684992
-89.332860  24.911062
-81.000114  32.105280
-84.783026  24.728176
-83.172304  29.480671
-78.646607  35.301309
-86.378185  26.740289
-81.709723  27.574421
-76.255668  24.700004
-93.941469  24.718163
-90.663674  26.246992
-93.038699  21.714959
-75.686770  33.184191
-74.286142  32.837689
-95.328556  22.632878
-86.697050  21.248954
-88.181891  27.271361
-89.574139  35.017698
-77.485951  26.500406
-85.414060  36.501747
-68.908848  37.913886
