-84.111963  26.061362
-77.921788  28.123015
-93.358767  27.569858
-72.306277  39.309952
-92.235964  25.777105
-74.587562  40.296313
-89.769447  31.360284
-90.629299  33.254607
-76.043125  39.813018
-68.945751  36.322394
-79.667743  34.449669
-68.041870  39.682385
-89.415771  22.655159
-74.615438  42.685893
-79.157652  38.409269
-81.959555  27.118664
-65.397007  39.364262
-65.762664  44.305691
-97.979723  22.564675
-76.846540  40.337369
-85.468223  29.060479
-82.730425  19.779915
-92.758422  20.006197
-77.900682  30.142334
-86.962965  25.603346
-92.282537  22.577101
