24.904305 30.827567 36.438998 28.640832 25.941264 22.107394 25.431957 41.904741 26.426531 31.748763 29.108985 25.935935 34.836532 34.165046 44.327415 
44.540796 24.748111 26.273109 20.486111 22.824832 32.045916 37.922577 27.280623 30.344967 31.325059 28.754449 24.985547 27.331511 40.316627 27.030943 42.894298 28.812004 22.226696 20.302226 32.767808 27.085174 40.346311 36.254077 22.827323 34.600249 21.337289 40.438166 
43.773075 22.314564 28.242671 30.626651 24.721571 39.948087 30.812613 31.441667 34.452090 43.182826 35.349598 26.153138 
22.163744 44.276610 27.825476 24.367726 38.174575 28.287736 33.308202 21.861739 28.902994 26.604105 27.921528 25.794695 43.451099 42.424488 42.684937 20.662600 28.608018 22.490169 28.269303 38.487216 35.722918 26.980558 36.010783 
34.043717 24.817784 31.568594 36.150306 25.668441 32.425936 29.477516 30.371157 32.797883 40.076711 38.523767 32.447238 34.023221 24.009369 35.523484 44.816323 24.991397 40.360585 37.674086 28.146969 36.320099 31.858664 27.230296 26.091081 29.456125 28.588176 38.408969 31.863596 
35.908072 22.361790 23.133822 19.965356 20.765503 31.309829 25.555216 37.407480 31.133269 44.335439 24.879404 21.688843 30.752714 34.506315 21.729633 32.187539 29.053678 24.275153 31.023129 31.515677 38.154748 31.696857 23.023601 23.683799 34.495859 29.815009 28.757715 29.635744 25.901791 
38.706769 30.720632 33.111188 32.923978 40.449590 24.819844 24.673388 35.229065 34.249584 23.113010 31.658216 29.437481 27.672646 
28.270413 28.742048 26.373923 33.793684 38.892028 37.197473 29.297815 37.057976 35.550505 34.538125 22.207911 30.335331 41.488153 25.716706 26.980350 
38.622589 42.115317 35.797721 21.804442 30.667470 28.989555 29.940783 32.631335 21.229244 44.068339 26.888745 26.580655 38.523680 23.139119 22.093131 33.900307 21.392199 33.672305 32.485038 33.263670 36.347970 41.999441 30.593661 23.248026 32.922954 
29.117864 32.093020 25.443205 41.580635 34.540460 27.491543 24.085615 38.670204 32.143377 32.566848 28.283484 32.318455 35.815900 41.892337 26.187106 21.600068 21.923738 26.707581 20.724889 24.196529 31.381135 36.145991 27.340591 22.434622 31.822063 30.826187 
22.546130 32.588169 33.344926 30.219849 30.717834 24.934435 37.536515 34.586682 38.087310 30.666114 27.024260 25.178619 41.440950 34.465699 26.607247 36.689082 20.558341 32.792059 29.970638 22.654220 40.197666 42.267018 38.552943 
32.969011 36.883526 32.851669 26.628019 28.669454 22.792402 24.103232 20.795695 26.536514 25.828616 29.624171 25.965638 33.895923 37.492352 29.119146 36.368472 
27.224535 22.982512 23.835148 38.985795 25.468993 20.853303 41.143391 31.634819 36.622515 22.710054 28.169814 40.705948 30.071634 41.442379 32.331949 28.403609 20.729143 30.733051 37.863484 43.410319 32.511015 37.804765 21.040958 27.665752 36.231028 35.309716 19.772492 29.366565 
33.492694 23.082533 43.649963 26.152108 37.756283 29.581750 30.765065 23.651455 27.778567 27.138357 41.572407 19.990556 22.743923 28.561167 28.368703 22.364695 39.059533 
29.141665 30.962206 25.188023 32.113383 25.078820 21.148310 27.383022 29.403787 34.035815 24.070578 28.185783 36.850648 44.312031 29.616802 23.939456 26.675177 31.328069 
26.767061 28.571082 37.264863 28.138956 42.595170 22.710010 28.356577 30.853293 33.724538 39.551629 26.924778 33.277874 28.583216 20.567661 33.151796 21.470809 30.466184 25.202748 34.689671 33.787239 31.044964 37.967514 29.106118 26.099511 25.223910 29.959036 41.410182 32.024492 34.697422 
29.699708 42.317602 30.177403 41.477017 25.255286 35.416119 28.460708 39.450499 29.334597 
28.448198 41.153994 20.802153 40.438645 27.923430 42.788868 44.676265 37.204820 30.752021 34.349127 21.880852 44.576670 26.270110 38.221301 24.324317 19.885172 33.863362 22.395386 38.768030 36.063341 28.957530 
36.220862 20.253249 33.890990 29.114085 43.068562 24.568961 39.598694 22.438052 22.874286 25.871169 26.120942 29.500219 41.128951 23.338259 31.142346 26.423640 25.710655 24.807240 39.708651 33.085618 25.683377 24.441167 24.728267 27.451371 37.763287 32.725978 32.370483 44.775121 27.207621 22.362208 
28.728231 27.649246 36.932582 27.668145 40.432988 27.300503 34.532426 29.452241 37.789992 26.895881 
31.792962 29.047264 43.073581 33.959371 42.701078 30.497054 28.636838 33.847687 31.601456 37.226304 34.075653 31.171285 24.351152 38.419871 
28.028792 27.559750 34.539831 29.620783 43.357001 38.120254 23.291267 23.506488 37.584206 31.749113 31.133600 28.316873 24.889873 34.699890 33.990252 28.890172 42.509989 21.993010 30.201488 43.742993 
39.630970 26.216732 31.948993 26.195758 20.107056 37.345183 38.468288 35.601072 33.583060 39.989966 28.064987 28.013544 21.376048 30.028525 33.786863 29.021666 
36.070931 25.439746 31.502279 39.001476 40.423202 33.101787 44.429265 44.345122 31.881415 28.013432 31.436150 36.863977 26.106332 25.446012 
35.905439 37.052136 35.778437 38.504817 29.737850 31.781277 24.506926 22.802606 22.698247 33.875022 33.555085 26.175096 22.999424 29.898231 
20.505738 42.416153 26.930301 26.789080 27.137903 32.828759 45.262432 23.002660 31.323883 21.247251 39.309775 32.170144 36.093002 33.517215 28.639059 27.428980 32.539462 31.643398 
28.241344 32.401059 39.325690 38.385568 21.715452 33.715169 34.896841 31.886383 30.304587 24.103006 29.529102 24.109425 31.629050 26.152756 28.072695 37.396036 21.019841 28.614490 42.310026 32.324104 27.710449 42.419118 24.624346 
26.759328 26.134021 42.308543 29.509769 37.660900 38.444547 21.929248 20.659210 22.893465 32.070321 29.828516 22.860113 43.665450 29.227451 39.246288 22.172746 23.015211 24.717813 38.800256 33.914698 
42.971728 31.657952 37.296788 30.492109 22.897273 28.979871 25.778273 23.074395 35.540852 23.139351 25.022435 22.589011 24.507624 24.793443 45.134228 29.441114 25.096933 27.501687 35.673720 
37.825514 35.170980 43.770805 32.748866 22.465130 24.399979 36.499084 33.750741 24.302752 21.685832 44.197612 28.105247 43.326506 20.210917 
26.282122 27.125178 27.391085 44.002030 28.677883 36.535365 29.517092 36.244577 29.274285 23.977672 30.631399 26.189582 29.484138 23.426129 28.968627 28.161596 27.675290 24.230036 31.219016 42.648701 31.715772 
26.433926 44.514562 27.635375 31.229791 24.943949 37.107132 30.952147 26.675649 34.144322 36.528644 27.590462 28.333456 25.867130 30.202574 38.053757 29.918503 26.872238 29.398068 33.955937 22.976094 23.848809 20.788972 
27.803772 35.542497 32.739236 35.858136 42.143542 38.502885 27.684767 33.301815 24.282835 44.367545 24.452793 29.345884 35.645540 40.391267 21.361266 41.591556 38.521156 44.728305 36.350486 28.493048 28.340839 31.884236 23.212810 21.065129 34.401498 23.651945 21.248651 33.930490 
32.622231 20.776826 25.964349 29.066167 23.127593 25.794572 41.177865 42.926218 31.319504 38.941002 28.689983 21.606093 35.548830 37.030354 32.668961 24.265496 29.087182 24.242742 36.200229 30.890147 40.693082 33.282283 36.970377 41.048176 30.465536 
43.328371 32.343743 32.737286 39.832146 37.916753 27.792558 41.626640 20.678737 44.092042 31.041189 29.033664 32.366924 42.362913 26.918900 42.676080 
28.761301 21.408265 37.104399 36.112913 34.236739 35.184657 22.530649 31.683334 31.140525 30.528722 39.543739 44.025810 45.027319 39.277679 26.429189 33.841095 23.383497 
25.096419 36.258381 24.424061 23.717739 42.452464 25.939911 29.113499 34.897559 31.963104 34.651711 32.650093 28.157582 21.347059 
40.440031 22.963868 39.967857 34.916134 25.194744 26.367471 29.325839 41.327814 35.563280 23.544674 24.982779 25.154273 43.372292 24.442919 33.946213 32.172853 
25.561796 33.067119 36.087108 26.394620 32.109150 26.736832 42.696557 33.583035 28.565956 43.634734 24.400296 34.527040 33.063383 41.237051 26.382720 35.131863 21.665716 21.781305 29.262750 
30.194638 42.521848 27.433825 35.742714 22.374002 20.873935 43.273891 26.982122 27.377184 31.770108 22.622795 22.651686 25.788467 37.629956 34.072982 35.510115 32.975478 27.222512 23.539638 30.501396 30.338633 23.747616 21.673957 28.383120 36.717029 37.770018 
29.457740 33.886040 41.525633 39.331475 31.670932 32.867016 27.480834 31.187972 22.902350 40.227245 38.339456 37.920323 29.835938 29.362150 29.451457 29.638456 45.367922 34.713795 43.720101 41.079182 
31.875276 29.107213 33.526388 40.446705 30.821469 32.357528 29.168638 35.941431 31.135906 39.005193 39.372235 30.916762 27.232502 41.684939 23.141338 35.518825 23.461830 32.645442 22.950676 36.034646 31.437279 33.867313 35.329866 23.346504 26.783779 40.605998 
25.388271 40.642898 23.344543 38.301706 41.597592 23.447225 29.880107 27.485924 35.213378 32.124749 22.632244 27.116032 29.605455 43.485706 29.466656 26.439088 28.647186 26.872120 
29.661694 41.109359 29.891717 25.474014 26.257104 39.481208 31.833725 25.004264 34.823084 19.850885 33.403030 21.479119 24.555013 21.819587 
36.284986 45.026215 21.317155 24.475038 27.751536 35.425540 42.457810 21.597456 25.751448 43.756060 41.261005 20.215159 28.145820 37.664332 24.809137 30.974661 24.407780 28.430738 20.245201 42.601645 37.545634 
34.698483 29.680308 22.621674 41.373513 31.740928 37.738555 30.398859 34.565466 33.684466 31.370987 31.506998 25.596290 41.247731 34.959341 41.815987 43.687845 42.214864 21.163471 26.786480 30.814961 31.568287 31.182509 21.770507 
29.598816 39.892888 28.317787 23.222402 36.309575 29.011559 24.335177 40.059725 27.108176 21.480657 30.383147 20.187185 37.376866 32.560968 29.942657 38.265004 42.699756 
35.303543 32.746369 34.523499 26.731901 28.992964 28.006850 43.213367 32.397737 28.470838 41.935943 28.235953 22.937618 31.097538 22.789431 39.223317 31.144136 30.802987 30.779712 24.926200 19.988042 25.839465 26.394339 34.739828 20.490465 26.551693 27.494035 29.872896 41.978300 43.740441 25.371482 23.643521 35.211489 
33.378975 29.611006 22.724186 33.471719 37.180611 29.903326 43.960375 23.364438 25.125110 21.873317 29.369055 25.513721 34.898620 41.328384 30.550892 33.450805 36.066816 26.004310 36.746055 21.339900 32.459326 35.891253 32.082293 23.408302 29.174340 35.314582 39.685342 
30.507943 27.247011 22.573345 27.103722 36.310559 20.181648 
33.308307 37.509399 37.907078 22.084007 33.996443 42.691235 37.897153 34.871793 40.374894 37.403080 
43.479242 37.124803 38.141863 32.556665 39.738009 31.742532 21.165332 31.595021 31.383669 21.432384 31.087536 32.719698 22.150479 40.334954 31.065537 31.338937 21.806367 31.508149 29.868742 37.112517 42.020839 34.195924 35.212293 
37.592444 35.964574 27.492366 34.783844 34.017986 33.401352 34.528013 44.540878 25.996502 30.954769 33.186102 25.252428 39.727976 43.124517 22.826087 39.144289 28.510824 42.606653 32.848567 43.317789 25.189499 26.862637 32.699980 44.660260 35.280500 27.684808 22.272949 28.382422 40.305679 24.467436 28.489679 
32.266684 35.972134 37.840799 22.774042 24.336842 32.937740 39.946881 43.875195 28.530032 25.026296 25.200958 42.065220 35.883649 29.895481 31.785722 21.841412 27.082503 23.238291 26.301841 36.683185 37.337332 42.099230 20.340544 33.527814 33.416668 26.178041 31.685004 22.050553 35.947100 27.483767 22.417834 32.646311 40.324619 24.272711 40.246182 32.000671 27.940527 26.529698 28.972918 24.115821 20.975195 32.388389 24.261826 29.229919 35.554772 
29.185421 29.304246 19.878407 43.985001 25.584202 35.664807 20.853386 30.908270 39.206399 34.397824 39.345914 
38.004771 25.489544 33.484738 39.899280 31.781426 35.145805 43.218887 29.707719 23.456350 33.045634 23.860995 
37.462298 42.791000 39.675318 37.430376 24.275140 28.359932 30.063203 32.187882 35.994214 44.358046 30.861910 30.753391 30.294169 33.642059 38.758737 36.573636 25.719386 39.253755 25.939235 27.028163 36.046988 25.723965 41.301147 25.154546 36.065529 36.475456 32.171924 22.647642 
23.475284 28.413423 28.359112 32.882666 43.842483 33.378729 25.428693 23.268524 36.256410 22.155428 39.608964 25.770786 45.463004 25.232403 29.154255 34.180153 32.830649 36.063720 36.624823 44.677690 23.945968 24.624403 23.216762 34.370554 28.951262 
41.093064 40.686810 24.741576 33.808308 42.811536 23.756160 31.415181 39.112591 22.353392 25.322681 44.067290 34.756408 32.425951 38.329419 23.040136 28.497347 33.650693 20.314195 33.155832 29.358542 35.487965 28.586752 21.405172 32.715068 39.452388 28.791294 36.220095 26.228100 
24.106298 33.562959 32.203292 27.241324 33.913019 30.787588 28.961196 30.765891 27.424767 31.298644 25.907047 32.336812 29.260777 37.713768 21.127232 21.603683 31.430337 41.646878 23.943180 30.305055 34.899409 
31.904036 25.490623 26.973412 27.861823 38.505041 20.661051 21.131259 29.903450 34.544949 26.761455 35.417665 28.500670 42.354572 40.115994 30.510024 31.367088 29.912990 
31.620142 24.847990 37.451312 31.065083 30.783814 22.165579 22.636794 27.225161 42.149328 37.355280 30.473684 30.929562 24.093524 25.851926 29.861907 21.457808 26.779929 22.487637 31.835466 30.978579 30.872869 26.023263 27.550969 37.514719 28.594994 19.867662 32.121965 21.824508 
35.042819 38.884644 34.568279 33.978813 24.146578 22.954269 36.148132 36.350406 21.504395 27.713872 33.905573 41.197570 30.926207 30.379957 39.841810 28.921278 33.343823 23.361249 35.482193 20.107544 32.486912 28.163797 26.427173 19.889988 19.761238 33.733842 25.291585 
23.465837 34.342443 29.012007 23.210624 28.309414 25.703075 41.987869 22.481576 31.656334 26.906918 23.063735 24.578505 36.008059 30.174310 28.894335 24.602379 24.393791 
38.121510 23.000057 35.772417 28.866801 31.603348 30.073574 35.127832 36.040242 41.907827 38.272346 31.915424 30.805300 30.815759 23.792057 34.284422 24.328001 32.661838 38.345057 36.115747 20.420614 
39.003739 32.452430 32.494717 29.404221 43.401955 44.247205 45.389259 35.687306 36.515269 22.811786 36.306332 22.786283 21.804999 24.155416 39.119339 28.154803 21.638395 28.588704 30.782188 
25.933110 38.965221 26.389371 27.618724 38.741050 36.476154 31.839158 39.220497 44.216734 31.735014 22.667870 42.139886 24.648732 34.999380 23.843132 41.497422 27.046510 19.867177 27.948794 35.329766 36.576186 27.264065 30.976513 20.262564 37.584316 33.015712 29.253176 42.121954 21.124718 34.755098 29.290848 36.424070 35.152862 28.259768 
20.645263 28.573163 20.046524 28.790298 23.168288 29.659786 30.516279 32.803515 43.450153 27.206311 26.814380 24.748344 26.349477 35.017702 34.671198 37.990990 24.196904 22.380681 37.597001 28.052271 23.774586 30.312589 
30.510548 26.811179 30.114407 21.724736 39.569733 34.374911 29.507834 21.027817 33.977281 39.205954 31.843319 31.745796 42.337242 25.355947 25.655423 26.068981 30.950588 34.579353 24.301630 
39.027278 33.211535 32.286420 30.009749 41.911842 34.151094 42.488827 38.105068 27.398097 28.018044 34.239197 23.712245 26.724489 33.118002 33.274939 33.059972 
26.621234 27.822854 37.058562 29.638537 28.578314 38.079525 20.044556 21.322524 28.919861 38.673692 
26.265645 32.092946 40.990925 42.967970 23.455185 20.159083 43.231139 29.024465 27.905212 39.907581 34.539925 30.147470 22.907907 34.182905 32.137617 19.980180 41.502642 24.534874 33.239468 35.337007 33.889196 35.485122 31.991112 32.370207 
40.065053 28.858510 20.918885 32.337612 21.923536 31.091853 25.430517 28.824408 35.740781 42.681559 39.080276 37.320113 22.809830 31.632003 27.740313 36.973434 25.500301 36.131322 29.390227 35.708582 42.239363 21.760647 26.097952 34.217720 28.108241 33.638155 31.207980 30.262001 41.611628 29.454512 
32.604009 35.273919 41.238094 29.736315 30.694076 42.979547 40.889317 29.214028 28.044036 33.615220 45.082170 36.266150 36.845580 31.967342 32.870058 26.977498 27.877996 22.675348 
24.381336 39.545982 31.719564 36.114838 42.990906 27.425730 28.730420 23.595759 25.599761 29.660494 38.875403 27.672503 24.876370 31.384059 38.273975 37.691760 35.494497 38.359178 23.955037 36.605997 30.922968 22.028548 35.363413 35.972476 26.419502 26.815189 37.674071 37.600306 45.089909 32.521148 28.748387 34.636737 40.080550 26.148684 24.851939 25.918334 21.645206 34.831666 28.596743 37.200209 23.517294 
20.121988 35.273601 28.238424 32.207853 30.862249 24.196139 26.634544 22.492179 24.909878 31.586329 43.638074 43.161887 28.158699 27.954805 30.420450 34.498229 44.100522 37.684137 30.547971 31.832612 33.577701 22.079787 28.387030 21.566046 22.611931 
32.146440 30.233341 40.235163 30.064160 30.855102 25.004750 33.579134 23.317574 30.296985 22.176154 25.569114 33.321709 30.896145 
42.063270 20.635036 34.301884 31.881991 24.226250 37.461769 40.153772 39.365573 44.564646 40.991433 35.626355 
44.098580 22.012004 35.696715 34.003067 40.731879 35.118173 40.122274 39.239180 31.973412 25.231957 26.546673 25.235882 20.583961 23.881157 25.194066 22.139983 31.616533 34.024227 33.892787 
24.041470 42.596428 28.560271 29.975983 30.603031 33.364934 
39.160326 28.856246 31.421860 32.944269 25.365620 28.063007 21.611931 24.712286 30.426413 39.378655 30.805046 35.471141 43.720670 31.383162 31.517781 
28.078338 34.022028 36.556956 22.342445 32.855404 20.313534 26.014840 29.038486 22.301920 38.075126 26.529355 41.060223 37.195577 20.168800 23.212799 33.391691 31.224556 27.653898 24.024705 33.857044 36.001964 23.339844 26.765371 
23.666094 22.472882 28.630184 24.465061 20.969480 33.238417 22.261950 37.964655 28.151679 21.008283 34.860782 37.347682 33.289382 40.584406 40.235333 43.066822 40.264431 
38.098665 22.656702 43.236679 43.912228 44.597626 41.934022 28.026183 32.363954 27.409757 37.260199 33.610194 
27.169869 33.866837 29.745018 34.316471 35.165356 41.432925 32.973868 36.837704 29.798497 20.429899 41.691319 20.873139 36.130284 25.498541 28.924035 27.817767 39.280803 42.261611 32.646603 44.474963 27.485544 24.738381 30.194841 31.445037 33.624452 
24.879607 29.218795 39.955208 36.931312 24.576711 45.465685 22.323269 38.386798 32.691798 41.234355 35.013391 43.951667 32.502151 35.457817 30.471705 23.767545 22.166682 37.747431 45.308563 
30.131702 41.546432 37.350691 20.605435 26.065096 44.653070 41.332355 32.306384 41.108704 22.300792 27.961156 42.401005 29.016555 27.860245 23.719764 24.668557 
29.022198 30.641053 26.444706 38.174650 40.472388 32.077777 33.499299 30.775795 45.320307 33.901021 
32.434483 22.402495 33.250530 42.547712 22.417050 34.666149 40.838952 37.513662 29.204656 43.189355 32.617949 38.086257 27.250437 27.324788 28.546685 33.087110 29.703211 43.875449 36.931205 33.440889 34.037809 37.803023 43.498222 39.256588 36.521598 22.633025 30.821993 39.567481 20.232454 33.264213 27.213426 35.471452 27.485432 22.733964 
21.294251 20.188790 42.842837 36.308168 26.412131 27.762421 32.826289 42.232318 35.817982 31.723187 39.004438 21.281347 20.629947 29.588054 23.451424 31.593470 29.786924 40.416155 34.704191 31.280588 25.904275 40.628339 34.020216 42.897585 31.851646 37.689969 30.489587 23.581007 20.790141 
22.680863 27.605129 37.370577 28.534342 27.345958 34.514216 35.115117 43.119090 38.522223 32.525773 39.928888 31.750671 23.539409 25.037379 28.491923 26.347109 22.044377 20.079963 30.809290 21.191727 32.858043 30.179914 32.126294 20.620202 25.019901 37.487901 30.728269 42.924977 30.343239 36.216160 37.501212 30.542181 22.093207 31.497408 24.768521 
29.128841 34.310707 39.192597 23.071944 37.690549 25.114165 32.789122 30.518662 40.287303 20.397588 25.725906 39.640640 30.438231 43.827631 31.249509 32.821001 23.907720 36.542234 38.502686 45.386862 27.578471 23.505170 33.156183 33.526410 25.994493 44.144119 23.693528 25.960592 23.709598 40.735859 22.456117 40.786545 34.059828 
35.039379 31.448219 26.055250 39.762572 36.314375 35.763709 39.353397 41.112491 25.137535 20.122138 32.536493 29.508050 23.557044 30.186146 41.499909 25.732575 34.344915 29.663107 40.824744 22.303227 29.939811 32.024729 37.544912 28.303402 34.082473 39.540736 38.658323 34.542882 35.300267 40.251040 38.449761 41.191676 34.076059 
43.501408 29.316011 40.401513 23.007711 37.507390 41.910585 33.661767 39.453516 32.951892 24.465967 20.590907 29.163562 25.299913 23.405938 25.283521 27.806681 30.396534 26.674776 30.972966 27.705328 22.569999 44.863387 23.046904 30.854376 27.617570 41.917392 20.104977 26.542514 33.705899 20.127558 27.543071 34.288671 33.852095 40.922284 29.375819 
41.664823 20.188590 25.346887 32.061709 21.611667 35.864108 32.578467 32.146361 25.305053 24.253394 21.904969 22.463291 32.600500 32.554103 35.759079 25.928832 27.224639 36.744525 30.551633 36.745969 44.132297 36.281757 
26.392362 41.194626 37.304227 38.863989 27.483019 21.540178 27.069215 41.546753 22.610735 33.421719 22.470578 39.644760 34.958282 22.208723 20.535020 25.050244 33.818002 23.060296 32.666545 41.394824 39.891691 29.038157 25.552901 
37.254508 27.152789 26.651690 21.982655 29.760262 29.338410 27.389075 36.120647 33.742622 24.281471 23.085937 33.935078 29.355332 42.540436 37.734023 27.840424 36.475919 23.927709 26.469066 33.744201 34.082844 29.717331 23.408943 40.761803 25.746128 22.257117 37.691703 
30.212080 23.622449 30.733787 30.568387 32.160365 42.689001 39.661073 23.745610 34.587708 40.738961 37.852415 35.818617 22.176375 36.918528 33.239757 25.043612 33.438498 
31.807086 25.133318 26.210183 36.649831 40.333907 25.496572 27.915063 37.396311 25.561210 32.950570 
30.161889 20.715144 22.817140 29.865233 32.753299 21.075302 28.968357 36.217083 27.376569 21.006054 20.750717 28.642514 36.190357 24.580850 27.239706 33.544311 35.684992 24.911062 32.105280 24.728176 29.480671 35.301309 26.740289 27.574421 24.700004 24.718163 26.246992 21.714959 33.184191 32.837689 22.632878 21.248954 27.271361 35.017698 26.500406 36.501747 37.913886 
