1.031395 0.144350 0.087837 2.005579 90.295454 247.076338 132.318662 0.058863 0.870013 45.234212 0.074425 166.845990 17.517915 1.126393 481.486707 36.402941 187.275192 472.114732 83.289671 290.653889 1.020920 41.159595 66.176184 
357.438670 142.466795 0.129279 1.691007 118.322212 9.286541 271.820789 338.982124 98.092220 0.064308 0.056915 2.583466 0.081695 0.925601 187.009062 27.144523 0.212325 0.923062 93.496870 7.216442 0.049961 109.069828 0.387167 
1.028144 127.667937 0.272182 7.070575 277.962633 95.859415 259.405763 65.688035 0.065492 172.743019 0.042205 0.075437 57.848459 41.736595 1.129158 0.117225 232.854546 0.280243 
30.104343 57.420829 2.009207 0.071724 196.188976 20.145834 0.196395 328.575289 0.232675 1.201139 0.089974 336.124028 213.915995 76.685712 80.809153 18.034380 0.239653 4.134175 2.933768 52.637748 
178.461603 176.305192 93.795405 1.779277 326.141985 3.359234 0.052496 91.618651 0.069872 267.653276 0.043274 238.682461 1.024552 127.374856 36.218873 
1.583830 259.348146 0.116654 5.279024 181.134074 134.164121 0.487375 57.715770 0.121321 219.981237 0.034703 71.007138 3.854365 137.400737 0.898527 0.041125 221.562665 0.626121 0.386015 
0.066630 11.431503 0.072162 14.731829 287.036143 0.808327 1.866004 0.560518 69.746599 0.093587 0.165018 73.618966 90.937506 148.457223 0.633167 0.134433 195.629816 0.561332 4.318927 47.871955 97.255205 1.400223 286.170435 6.363311 
0.047815 179.594021 124.269320 0.739805 95.172947 3.186745 1.718784 0.270912 4.199859 187.671563 0.055706 7.766011 96.591086 245.361994 3.233461 0.052770 1.016176 0.053793 228.817220 154.320409 23.328861 269.995700 0.396588 0.972289 30.681286 0.600649 
0.074488 4.537571 236.316438 4.175898 227.947815 198.362432 1.955403 13.086937 355.410176 235.531229 0.063242 0.255076 75.113197 112.941526 0.635841 8.386395 0.191171 5.167136 0.196194 11.224805 0.090902 63.560558 
125.614626 0.032078 99.942680 1.913441 177.488652 40.548498 1.809828 0.061986 214.534896 12.493526 58.799929 0.320348 65.504221 129.578379 0.126017 0.164204 0.873419 115.480316 0.086196 
120.548595 0.051735 226.854966 12.806374 96.523827 200.836719 0.452535 0.165194 188.368571 0.029404 148.345610 23.938728 0.437602 19.480871 0.867362 0.129450 0.620265 0.209154 2.047799 89.257635 68.038649 6.314514 
16.993871 97.927487 76.802124 94.828446 153.234850 3.631426 2.309579 194.989887 0.480446 0.035399 63.658196 0.025327 1.506400 0.097025 0.089992 20.281851 34.288774 0.195305 36.196343 
9.144104 119.460072 77.948784 213.612306 208.256416 0.047362 2.428252 175.094322 77.779811 0.037774 280.864147 17.437476 0.668677 34.440808 0.498509 0.061495 0.209391 0.050976 114.954709 
0.097313 3.866782 420.618003 114.021147 414.412049 0.117433 1.589986 74.387649 0.111521 0.060830 4.007626 93.840673 0.077814 165.266127 16.906943 34.320902 8.371132 11.176328 10.615919 
0.096190 124.602254 95.050002 84.354590 490.433102 93.776652 1.613571 1.934813 203.275239 0.102579 33.934959 0.193285 0.701884 138.846270 91.253342 0.067736 1.442265 72.139589 
0.447954 0.298749 5.633044 329.515677 505.432792 363.235675 1.815157 2.696029 4.160711 0.124774 0.150054 41.759631 1.385154 75.709889 6.355308 0.121539 193.182242 0.077629 0.579098 3.410217 52.990158 247.909555 48.946816 199.790443 87.133138 0.544952 10.489148 1.322175 41.271348 20.921529 223.300174 163.205885 5.694802 2.807257 0.162312 8.252735 
0.473736 88.373725 0.085378 2.144587 642.308273 36.212933 1.731400 6.644604 333.822619 0.080363 155.212137 131.671275 98.328844 22.687905 1.302383 45.095356 0.919327 0.070411 137.529761 0.086609 1.972266 90.206833 0.134812 238.549243 75.928883 10.759733 326.219286 0.393624 0.402523 17.067919 75.907332 5.232173 0.218468 9.297830 6.672279 
356.715885 0.484377 74.102090 371.157244 106.878607 0.081223 1.920116 1.662859 13.429632 0.052576 53.024758 28.473003 354.319707 192.745442 0.323090 0.187699 20.284574 0.135264 19.678131 
0.091991 0.536245 0.554911 132.450298 285.163221 184.362582 1.462086 0.193569 64.775017 179.372470 0.038301 0.067059 17.251863 0.135243 0.650562 250.709871 0.194608 140.234693 13.132154 31.509355 0.074516 1.295028 0.307574 60.020349 87.241922 19.286529 1.970211 
0.106889 105.032106 0.604185 371.027422 102.204414 39.692427 1.964243 0.103164 16.085116 55.457155 0.058578 3.903800 0.379569 0.739442 3.432959 362.774408 268.252603 3.761250 50.134117 43.354034 
0.069676 8.359151 0.497730 108.436452 165.366473 180.684875 0.783314 232.304568 338.423348 71.392139 0.133563 4.372477 0.086164 0.059710 460.540174 7.014117 2.427178 102.160579 1.236704 1.115431 45.781528 
2.176050 0.032537 144.810106 63.078292 130.417556 76.209627 0.367061 69.844182 137.938058 0.070126 0.038092 14.814867 0.788157 20.483639 0.132615 170.608867 0.130935 0.594174 131.513337 40.157918 0.093977 7.887111 1.439152 158.186661 0.053191 19.299204 0.049999 143.230035 
5.800242 0.082023 67.322892 6.067038 149.531709 261.219823 1.356341 0.074078 0.058304 88.690794 0.065259 0.478555 41.536079 80.296549 3.988132 136.331761 35.829734 0.067665 0.154540 0.139598 8.981436 28.705892 1.452619 112.706740 0.166379 0.063833 96.518001 15.104755 109.306823 0.078477 2.871655 0.413625 2.608018 12.583907 95.691318 
16.539994 46.597152 422.823063 175.033501 149.766919 51.729449 1.388937 0.062647 0.100472 0.481859 0.075717 0.146664 220.228660 158.568379 0.287115 493.585764 40.604423 0.181528 0.554555 1.192757 
26.249945 115.155720 1.488215 0.142865 274.541744 0.089546 1.454933 11.703134 0.056164 96.654328 0.031988 81.717849 223.723028 0.076121 0.761224 17.958842 79.551870 3.590895 186.216172 2.326950 0.049935 3.383131 136.824807 1.614901 17.777514 2.371503 1.356772 14.842257 243.437659 14.316006 1.198834 
0.195877 172.088407 0.298603 0.264492 137.732292 0.624795 1.618478 0.025924 65.840475 14.509793 0.041471 178.003177 135.588092 0.431740 0.172563 123.434268 6.169856 2.491894 7.852621 0.208521 98.029475 0.078046 51.734563 0.075003 164.792287 5.719141 12.770155 130.284301 33.220338 0.245754 0.075327 8.433336 
217.960190 162.882614 179.689753 56.691837 89.090474 0.068780 1.538544 0.078723 0.363689 43.695130 0.055617 7.863290 0.267784 149.529226 318.446911 157.419990 0.088003 2.087787 93.454997 2.444765 3.727431 166.828308 64.538610 
2.808258 245.788049 0.081743 0.177653 109.899134 27.653762 2.067588 0.059237 1.971955 101.997139 0.063196 93.498711 1.742634 86.397840 0.114702 42.802811 75.784519 21.288537 175.418335 0.091484 0.760967 3.737223 7.503684 42.579934 14.008425 0.435863 0.209618 3.178561 6.840790 55.086698 
150.785993 2.155158 4.196179 64.622329 127.391659 0.237206 2.061830 0.039569 0.169292 0.178614 0.035802 45.102552 2.827734 149.316746 89.011288 53.292607 180.907630 25.443889 135.715115 0.050230 1.060062 7.105634 100.324116 78.451789 
27.380011 0.037769 2.713941 88.084857 201.769713 21.026546 1.665603 0.050610 0.651290 11.097033 0.039554 0.621985 220.864792 121.804931 290.503379 80.139523 71.159835 0.860120 56.361196 0.051173 2.167052 20.446768 6.524405 
0.237081 0.063739 1.903427 121.263049 135.688981 194.290084 1.945967 0.032491 0.050905 170.899692 2.084373 0.138761 35.214659 85.027615 78.892877 29.737526 125.240208 37.847407 0.508750 5.322993 41.665668 11.569541 1.717788 
4.120367 0.097231 122.108263 0.063089 87.359269 250.500446 1.720885 0.064928 0.044040 85.232354 0.134361 1.442790 184.831855 49.597631 0.475865 130.788535 113.620141 23.039442 1.302610 48.452236 66.684370 15.116607 0.694910 
189.179745 170.465796 48.089822 5.077762 145.990208 321.060942 2.004224 0.051286 220.408607 151.969055 0.063286 52.552270 0.091666 31.968131 1.025139 0.712729 
206.464367 21.268630 16.562197 31.676876 152.519348 136.453420 1.931372 0.067939 1.319242 0.425275 0.331972 0.102364 0.081730 165.095736 0.198768 116.660310 9.933240 88.913655 93.205727 0.120337 2.467786 0.078786 4.682550 128.665679 0.055409 6.162447 
0.102622 182.571505 15.769917 0.106508 171.376964 1.160619 1.841535 16.130193 0.071539 0.829358 93.828345 2.845151 1.140398 77.489418 0.045794 0.061414 213.101633 171.256862 208.941910 106.300136 165.342812 0.185887 4.515876 1.716258 
0.282059 125.087154 42.526085 188.681388 252.697802 84.110856 0.544331 51.984787 0.037449 0.086763 0.069538 24.876630 0.914329 15.033436 0.282660 0.036618 0.389933 17.719089 97.522491 29.665625 3.152953 
0.815609 69.682861 0.517796 161.688603 177.144307 4.842869 2.553115 81.857106 0.194932 0.382981 54.024283 0.103356 82.571519 0.036361 3.328408 0.053348 34.465064 0.058089 192.751612 0.451193 13.480366 14.393932 0.043073 0.056245 100.553680 30.432745 41.017003 0.932733 5.235844 
47.470172 220.887711 183.879834 9.502828 78.915677 239.590487 1.824211 0.492071 7.331743 0.332384 0.345829 6.059950 0.111987 43.973282 0.429875 0.047636 78.041890 1.590429 355.355018 0.146735 353.920626 1.790691 97.215303 1.533680 10.181401 0.247529 0.579536 
95.142742 197.881181 0.338692 4.798881 529.013787 229.960216 1.639054 242.972239 34.371195 0.311404 214.791345 0.455931 0.112403 103.280741 0.661921 3.103892 0.108225 0.138772 0.105402 155.290709 
4.563549 50.702434 0.109388 73.430738 86.694864 610.984155 1.714550 144.544297 2.929676 53.871924 0.280240 0.384515 124.455860 0.081583 0.368579 0.073498 124.590646 0.082007 207.700887 
323.486432 84.995200 0.120382 300.813191 241.252492 0.057281 2.282503 192.280676 8.499291 76.469923 20.039448 0.144411 0.423563 0.372308 142.509802 0.084251 339.171039 
372.948066 40.532150 89.765540 124.083894 391.867511 0.063877 2.099829 308.619784 120.672524 0.068853 0.235623 0.103811 0.287339 299.065910 2.108304 0.890827 86.980031 98.827493 1.272380 3.624476 0.228734 355.668012 30.822824 9.035931 0.059971 168.707997 29.522294 
398.063241 0.217756 82.714858 154.431569 129.419555 0.045619 1.682808 4.773194 6.743313 251.476678 0.055376 310.886470 1.775053 102.640035 289.431908 0.928354 0.128071 1.646302 0.100357 0.719617 1.499332 0.566937 111.903947 0.743550 2.293656 58.901687 1.083708 36.023191 26.915896 2.693506 26.443205 67.774641 338.315174 0.150993 0.621294 
16.189171 32.412480 204.693276 200.209043 146.282696 0.053016 1.489221 0.801051 1.033874 0.258696 47.010674 0.100542 17.045287 444.042078 241.136614 0.473628 0.185324 0.392585 0.174973 39.885919 57.146727 5.350842 96.754716 60.116308 
64.634152 99.597151 168.496335 98.705889 233.423634 0.124382 31.069161 0.189447 0.443978 0.108843 174.049413 1.617620 0.122377 63.325841 109.010241 0.079634 0.579628 7.335850 0.607526 0.121924 163.515102 22.766831 272.849666 0.076998 0.645300 0.933103 50.003150 19.291699 8.283899 188.346388 118.109228 20.770381 
6.983684 0.389029 384.278149 0.058794 112.236949 0.179825 8.923613 383.520570 0.187973 0.443638 10.585473 1.784141 58.007732 245.103301 463.903213 36.622124 0.537771 1.974517 30.605662 0.092433 44.410906 0.061274 91.727469 409.225391 76.514003 0.320367 268.721157 
37.139753 72.159251 130.695912 0.027257 132.494375 0.031163 55.535654 0.123048 0.179515 0.043105 154.723183 1.946105 3.672600 175.804101 107.038289 0.051736 5.206597 0.084638 20.259413 0.071366 18.924696 8.575596 6.515996 0.066536 0.241007 4.951924 0.397019 3.580451 99.085550 
3.089498 65.358458 322.478086 93.842471 0.053798 0.057314 131.469517 24.079106 118.135802 0.152428 0.726505 1.054826 3.146460 113.456304 280.011613 
5.419701 62.181663 431.179276 120.725975 0.376542 0.047446 2.907179 17.467487 232.228953 0.084655 0.048048 1.651859 1.342458 309.652220 0.122311 53.959135 2.688028 0.154475 0.126175 424.094749 0.403273 157.695548 11.228909 
168.010572 64.882147 196.038804 225.940896 0.416094 0.068446 0.345603 2.192431 394.882014 0.072074 0.173642 1.637952 92.522019 1.187348 323.267183 28.284417 240.714395 
2.710723 93.761416 97.246541 0.034197 0.398695 0.042443 0.058678 44.351151 232.831074 21.698590 141.232099 0.377241 65.938361 30.277219 0.047064 0.326993 61.651385 6.375147 4.128120 1.988728 0.624407 0.424833 0.080756 0.140454 32.226247 1.868361 
0.031094 78.524726 141.974783 24.171395 0.260641 0.024042 49.392390 76.398747 6.201891 8.722957 49.670156 0.092020 0.308129 25.683041 8.220014 0.103707 56.506293 5.344324 1.312816 0.142473 0.084081 
0.061077 367.535288 134.580748 64.639060 0.393155 0.092527 85.746282 390.406591 148.837971 37.126592 172.845931 2.072458 1.128060 350.984333 0.055982 170.885943 0.604596 2.837262 30.510877 445.134075 
0.052951 82.143611 315.885160 1.644874 0.042917 171.943822 5.001173 0.036524 20.136677 0.977011 0.937022 1.963042 317.313260 129.583782 0.327995 82.962452 0.265452 0.085502 0.273095 41.833761 25.373073 
0.089840 192.340876 90.986756 0.083615 0.264684 535.820825 0.058733 0.635439 61.260043 65.027835 251.910726 1.715120 96.436321 32.070826 0.212052 0.066346 148.336300 13.636182 52.379129 0.232604 0.868197 98.167410 0.427468 502.199590 132.175726 
60.624667 100.419546 62.359379 0.138814 0.078028 0.513880 0.040867 0.248893 1.433406 4.270660 45.727621 1.405436 131.988059 126.675648 0.044279 0.523026 31.687125 0.837821 63.846254 0.291703 20.753827 1.172318 0.588390 46.253864 207.270639 4.739821 101.372989 126.577124 
85.951025 1.014863 221.092558 242.877052 31.463860 9.432944 0.058796 0.481427 1.155030 282.640176 39.461388 1.294086 7.902441 171.204664 0.059117 122.489805 0.069744 0.962415 0.368583 0.100679 46.884970 0.440322 2.408008 121.807183 50.658450 30.104072 8.435525 
5.068098 94.944391 95.007383 2.671036 0.229065 24.618076 0.032645 3.414732 4.079893 0.045149 0.069536 1.504003 14.633575 0.034322 55.334584 74.123419 114.078756 194.061771 2.903688 0.181886 102.088496 75.915224 0.026410 
2.542574 17.600083 125.273775 0.298896 0.476788 131.683084 0.032848 250.892176 29.509591 0.232850 62.978215 0.475038 0.248361 1.591100 155.255348 33.550835 190.229732 265.868252 0.048267 89.193288 128.402057 2.518105 
0.359988 178.570151 83.724045 0.480495 0.148723 20.544103 0.065299 256.843056 106.783917 180.580331 1.221652 127.176510 0.061350 132.359982 1.681677 265.045269 2.773225 0.262704 214.412306 0.065248 0.054105 
0.147382 109.944468 114.012510 1.435667 0.461104 113.919509 0.077585 101.044339 121.344122 172.229981 14.933659 10.138455 6.723589 0.066635 1.715551 0.088886 0.119863 72.646141 12.776156 0.084517 217.090554 3.086723 4.482203 
4.268691 0.357118 366.356435 0.493881 362.317061 0.259195 0.096630 16.321211 0.702919 15.676495 0.681567 2.697856 98.834547 55.141930 1.521776 197.548402 258.360377 99.697260 47.486248 0.088175 0.572181 3.609088 0.230275 12.291711 1.316433 
69.063993 0.075328 201.928513 2.261548 110.926691 128.282118 0.045717 51.236520 0.059907 193.440694 0.079401 9.282703 105.962070 0.557051 2.460803 117.559081 76.067337 2.155215 64.112718 0.055420 4.351010 8.649228 330.974088 14.022387 0.472078 0.050645 
0.938268 305.231882 260.885712 0.127364 362.854879 13.438673 0.065862 80.180472 0.104815 42.205151 16.569550 1.347193 40.933195 0.128277 54.756953 12.336187 3.228251 0.091661 10.107001 
45.814701 0.078457 469.353450 0.080560 0.194850 0.666317 0.060754 1.061324 386.445582 140.249529 64.535344 1.796827 69.687081 283.547899 9.292576 0.377684 1.496478 0.444428 59.938850 7.897673 53.802987 9.230488 29.491338 3.415227 509.046322 
9.219773 0.042012 51.252351 4.105475 49.376037 7.437495 0.038921 1.440141 103.668246 0.773894 271.062470 1.551135 122.116954 334.835863 12.686709 6.454996 0.145893 63.991425 77.563210 6.075059 0.618642 0.116814 122.173486 0.469959 21.220397 5.268650 92.477318 
24.855363 0.047647 375.569234 5.130415 4.378752 313.753491 0.075390 190.223620 96.994405 0.173828 3.961227 1.914487 0.153228 0.324730 102.889361 0.405275 136.977945 197.814810 1.078638 24.135568 1.033393 24.399950 2.968731 29.877941 0.904600 
45.645395 0.065292 78.921398 143.898089 0.197233 0.868533 0.060177 12.177790 317.437505 1.265716 100.143154 1.903716 66.493127 2.968659 0.077049 90.138326 0.093182 2.076987 0.770030 291.954360 145.485736 150.946529 121.437236 1.051464 233.507422 84.902657 10.497808 30.112753 
0.117245 0.045802 190.154687 174.771516 0.192657 331.067251 0.051087 8.213069 168.413159 41.893099 139.580948 1.937562 1.340361 0.345680 74.589951 0.090535 27.024394 57.041746 10.053285 163.584032 84.281817 2.602989 0.196248 4.417852 11.915148 
0.049284 0.045302 256.357175 21.016603 199.538271 124.463082 0.145633 55.686480 152.505925 197.330202 1.432529 1.055530 0.151769 0.065415 195.237709 1.184688 18.832560 61.670465 0.087007 138.383474 3.655943 180.553425 0.061329 0.268182 12.553366 112.987748 105.972958 
0.068614 30.122099 83.922558 202.830546 1.975526 128.247762 21.222627 0.046431 406.058365 395.276474 0.135371 2.087829 10.251423 0.318784 0.421564 0.527029 0.060487 1.370029 4.502322 171.030492 7.998094 0.103762 61.593367 10.642621 3.967776 23.196353 99.469736 133.269019 28.799994 3.301065 
0.032102 97.043523 64.890612 201.899715 2.272399 0.502404 52.123619 0.057413 99.120590 98.041753 17.022983 1.853664 38.023747 0.421048 0.032196 78.667897 12.801226 0.362267 
2.217239 160.888446 65.852393 82.561718 15.754484 45.672310 0.123424 0.092617 229.553635 2.195452 0.136660 1.172517 0.049094 0.141184 128.179323 17.182580 207.705726 202.733375 148.180917 0.133790 1.406159 268.572600 64.998771 
224.992136 110.071043 121.189090 29.686357 125.972101 2.707444 29.141070 0.083123 11.094560 4.294423 0.087210 1.511485 0.083840 0.098839 0.243240 0.042289 103.701623 38.533608 248.065029 60.003905 127.095087 0.083877 9.153744 296.301341 5.453671 97.586856 0.184571 
0.486405 4.811209 101.342366 97.106347 339.075413 0.066570 0.059100 134.041001 72.817500 153.584436 0.367330 1.806589 0.056968 0.636713 8.070171 173.286822 0.091047 272.385793 1.074932 
180.874842 0.089679 172.318852 111.747270 0.083895 347.031917 0.513233 11.821806 297.795060 189.679029 0.635899 1.964628 0.058654 4.758412 268.344724 0.313206 72.104213 2.974561 3.701954 0.674932 0.390085 217.953156 0.052455 2.683613 110.288041 1.471535 0.062901 1.738643 17.841547 1.018508 30.441692 0.247486 0.235004 88.660595 
108.372938 0.079202 127.670698 1.525527 0.291380 24.278265 527.022428 0.976407 34.368066 253.113811 8.695132 1.975000 0.074241 266.558983 0.135713 0.946167 359.635729 0.081496 106.911987 8.115002 233.318030 6.521463 
0.194443 0.091340 108.562149 0.108522 14.621234 142.783159 52.445564 267.312092 1.016908 288.709267 69.225427 1.866749 0.075281 1.871892 339.316903 0.307758 70.061553 101.577169 0.888163 0.497736 1.873409 
30.628337 0.636523 142.853517 135.871593 0.611000 72.604514 0.598854 63.559637 1.464494 28.962567 0.231178 9.352367 0.043024 120.200088 3.592904 69.941954 45.439353 142.484219 0.106692 0.237042 14.104121 248.241901 0.826970 0.031983 27.382591 
34.587125 93.550844 33.828876 0.125953 1.783576 149.342153 250.224425 0.066615 0.319273 86.315525 0.053657 118.233872 0.046765 167.190430 1.264926 187.179632 3.652036 143.377670 1.022703 109.577845 5.152871 0.035551 0.303443 0.156127 85.283220 47.627751 0.076885 1.873586 
118.539420 28.780487 72.909749 0.074619 1.601645 209.196778 0.109356 6.818818 167.350753 0.422961 0.102169 58.630190 0.058835 160.742629 273.679702 167.600349 56.896767 1.821248 21.017391 66.033280 3.639830 38.661758 0.312461 0.119865 0.143302 4.901802 0.131921 0.039598 2.859996 1.861322 
173.596142 0.066332 5.169877 99.875899 1.769001 72.459755 3.000932 0.077063 0.684188 241.039478 3.163245 0.036605 0.107191 254.436556 87.716292 168.652791 16.639021 2.136106 0.039871 44.969008 0.066038 0.058177 0.512638 18.968294 309.863028 178.913915 12.376240 
123.074835 0.031921 0.073647 40.618900 1.677694 56.052656 0.346219 10.791206 2.333673 6.207030 268.488668 1.041873 0.028634 13.096963 135.910670 69.828724 85.633949 0.038750 17.884723 0.095833 1.293418 49.356115 24.918150 
82.500783 16.858552 33.864409 0.039760 1.415566 0.080249 0.046366 8.633273 214.703952 217.635638 60.214476 2.404120 0.051599 104.167549 65.416989 245.278146 0.105844 11.296694 22.978939 0.095563 95.470618 58.071342 56.068872 
18.534965 122.669829 65.556290 0.102878 1.116862 0.268722 1.292713 332.382207 234.872737 50.394739 148.750172 2.947580 0.099545 0.239782 1.497892 70.202416 234.037494 1.790503 0.498417 1.073041 0.110109 102.359881 0.064751 173.175444 3.434519 0.457697 129.069998 50.829656 0.082071 1.203975 
445.308966 2.895632 1.098137 0.057917 1.329516 436.500578 79.075944 0.273966 8.137697 0.080081 241.070119 0.232336 0.081645 489.687582 0.694095 345.002386 22.651617 95.783584 19.005100 2.733770 331.836093 0.438354 30.321124 
240.972851 184.878363 0.179101 0.085669 633.579312 487.812091 0.097433 1.211452 173.512654 316.815293 27.373849 0.449229 0.137633 24.096517 29.440600 0.155412 356.080707 175.155541 0.635781 8.170193 141.870761 5.257540 3.620221 11.366061 194.593717 37.947032 7.723264 
0.057087 0.388368 0.051889 0.050630 1.108895 304.916306 0.089647 1.653085 50.492215 143.902313 83.858926 0.175212 1.250237 224.103759 111.622244 134.263303 256.253826 167.395638 0.072482 332.120384 1.456623 71.955630 5.132226 1.467261 1.833580 
0.071834 36.581690 165.845252 0.100889 24.314792 4.262602 0.048547 1.684206 131.400160 121.207851 43.064859 0.031305 0.197328 18.380203 1.007533 106.649795 218.891079 0.312455 0.170843 2.746143 
0.648541 41.955745 35.877060 0.078630 292.121110 0.595982 99.497823 1.795665 167.301363 184.045555 80.288956 8.088063 0.306961 0.093679 0.889742 158.704831 34.002361 3.678215 0.796032 25.534439 61.502300 292.446728 0.265463 0.032913 3.227429 9.674823 0.106098 0.033316 1.091323 68.542027 0.371889 17.657756 
35.148101 0.297154 1.562363 0.066643 70.807729 42.903694 11.641664 1.888199 316.899725 48.061203 189.430119 261.851469 0.085908 348.889030 0.984756 308.901540 0.108803 1.987003 375.694469 0.424448 0.117051 59.384542 19.913223 209.595590 20.759550 
0.481045 150.986519 280.527623 0.061381 67.128055 35.619846 0.125363 1.148147 1.219707 31.781772 0.325065 0.140065 74.226281 448.936166 0.888524 1.598343 25.627169 52.641713 2.177315 38.136630 51.375556 1.948655 147.714546 
119.137303 67.613344 110.153596 0.038959 2.091651 55.993997 125.802019 1.674469 0.878811 229.618182 36.304558 0.040014 0.083069 65.847672 57.876654 137.253228 0.074678 3.696612 0.091754 261.296291 5.074740 0.578232 2.795539 4.616445 3.732508 0.728499 27.468868 304.631554 0.078285 0.436672 41.260097 0.733014 0.356566 
0.037277 32.789617 4.057361 0.025333 89.403466 144.454943 126.784765 1.448018 112.421710 38.524771 13.430087 2.552333 164.132778 24.268505 33.720823 0.075413 27.587479 0.099971 71.021720 76.349161 0.085976 4.285365 0.175122 0.547421 7.673841 95.013482 
0.325833 78.257018 0.698265 0.679866 0.172141 510.304839 0.834088 2.183158 8.781369 2.740450 141.706278 0.097998 391.167134 122.952145 44.714768 7.910619 1.628605 97.109492 533.445408 8.025216 0.117232 
0.115164 75.499541 2.924031 0.034732 0.534836 41.994659 37.392104 1.345321 10.798942 0.302802 77.491972 84.512785 85.811414 68.176607 157.486006 0.092256 23.141335 1.380911 164.216606 44.350037 0.132900 0.038176 14.376476 0.382961 0.027948 160.720807 3.427115 
299.233468 17.557494 0.095040 50.450615 0.124775 122.765109 223.634591 1.708413 0.198754 6.942681 8.348963 176.559285 322.282559 102.192260 0.049488 0.035918 331.053067 0.063204 78.616815 0.636795 9.602466 
11.278922 51.902877 0.084425 0.741678 163.241101 316.592426 401.660325 383.042772 2.221330 89.970094 27.644219 2.459631 0.103826 0.141883 3.224447 0.096815 4.676151 17.914136 
28.377936 104.832594 0.052683 0.054360 336.303396 345.917603 15.101870 346.547831 0.607112 1.474332 24.795496 0.074842 0.069150 1.118796 354.750140 170.933552 11.705843 0.633113 11.945782 0.609951 0.108878 203.239511 7.197085 1.526425 300.302233 302.404628 0.058214 6.211196 64.212314 17.082262 4.498560 
73.306546 13.344880 0.057081 0.080798 99.199785 132.887596 0.141564 104.230422 0.109890 494.743029 0.148590 32.214215 0.262395 3.577228 73.982143 16.805733 2.416521 1.217831 43.887949 17.614762 0.243408 0.304106 0.977448 20.447987 2.094972 77.554318 
