0.000000 0.030058
0.000000 0.019691
0.000000 0.038008
0.000000 0.032824
0.000000 0.022385
0.000000 0.017406
0.000000 0.055557
0.000000 0.038217
0.000000 0.019693
0.000000 0.016745
0.000000 0.017114
0.000000 0.020489
0.000000 0.026356
0.000000 0.033994
0.000000 0.029446
0.000000 0.028334
0.000000 0.080887
0.000000 0.022073
0.000000 0.016804
0.000000 0.031151
0.000000 0.045117
0.000000 0.033474
0.000000 0.025570
0.000000 0.037032
0.000000 0.063441
0.000000 0.016134
0.000000 0.022236
0.000000 0.026378
0.000000 0.052256
0.000000 0.052290
0.000000 0.037112
0.000000 0.025419
0.000000 0.017744
0.000000 0.025995
0.000000 0.023994
0.000000 0.059658
0.000000 0.035089
0.000000 0.031953
0.000000 0.020550
0.000000 0.028516
0.000000 0.018675
0.000000 0.018529
0.000000 0.038112
0.000000 0.023090
0.000000 0.033018
0.000000 0.023010
0.000000 0.034951
0.000000 0.016844
0.000000 0.023130
0.000000 0.221953
0.000000 0.037282
0.000000 0.023998
0.000000 0.018702
0.000000 0.017980
0.000000 0.034579
0.000000 0.035170
0.000000 0.014009
0.000000 0.019234
0.000000 0.025480
0.000000 0.024196
0.000000 0.037155
0.000000 0.023659
0.000000 0.023596
0.000000 0.018681
0.000000 0.066939
0.000000 0.033945
0.000000 0.015084
0.000000 0.016436
0.000000 0.018427
0.000000 0.095714
0.000000 0.042576
0.000000 0.024665
0.000000 0.016667
0.000000 0.030230
0.000000 0.015449
0.000000 0.021250
0.000000 0.053106
0.000000 0.022230
0.000000 0.029967
0.000000 0.122561
0.000000 0.030339
0.000000 0.023053
0.000000 0.036590
0.000000 0.056722
0.000000 0.017924
0.000000 0.043233
0.000000 0.074187
0.000000 0.073174
0.000000 0.021249
0.000000 0.020924
0.000000 0.018584
0.000000 0.021990
0.000000 0.015957
0.000000 0.019187
0.000000 0.041760
0.000000 0.025630
0.000000 0.029988
0.000000 0.024234
0.000000 0.041428
0.000000 0.020027
