-86.896100 -76.683223 -72.480543 -76.700159 -73.556672 -91.410777 -70.197503 -86.305885 -90.772118 -87.697164 -91.750978 -80.886903 -75.820836 -69.954640 -79.798049 -76.643304 -69.485597 -66.790967 -91.443758 -92.091211 -69.451419 -87.996296 -93.839653 
-93.411474 -93.716048 -73.901510 -76.544851 -73.346333 -70.327361 -79.858759 -90.992715 -66.029116 -65.789164 -92.262477 -83.159694 -85.673641 -71.749009 -78.791774 -69.112685 -84.007519 -72.034769 -86.679866 -85.340288 -86.792333 -66.242544 -82.702718 
-76.765834 -92.411487 -75.632487 -76.113509 -74.006122 -76.663381 -90.608118 -90.960065 -72.374832 -82.939042 -91.733502 -85.781160 -69.138085 -68.047980 -72.692506 -77.245339 -76.778434 -91.722106 
-93.497809 -92.801938 -75.604146 -85.856869 -74.331225 -81.757125 -82.281366 -91.368060 -72.947994 -75.794264 -91.602513 -71.817084 -91.260158 -66.301368 -76.777065 -75.867561 -83.749888 -75.933688 -84.238139 -74.616267 
-68.774397 -92.864048 -90.883171 -76.351697 -73.520099 -87.922772 -83.596944 -92.920996 -73.309938 -77.014537 -93.125052 -82.166082 -87.183683 -65.661902 -69.686956 
-80.969698 -92.827792 -84.202895 -77.140241 -74.750639 -68.789587 -76.166044 -92.798975 -72.412679 -68.125644 -92.871132 -81.619234 -80.773933 -76.521367 -70.388913 -67.154322 -83.698182 -71.436972 -93.037181 
-92.392088 -65.986697 -74.964241 -76.984697 -74.838896 -70.901267 -76.166044 -86.621275 -71.986293 -78.063184 -71.216564 -79.355590 -91.484354 -69.444904 -72.311346 -85.157724 -92.744730 -71.603186 -86.452007 -81.694546 -76.542080 -80.549689 -71.181045 -91.328467 
-95.995952 -82.956621 -92.058337 -80.077865 -75.086442 -71.009866 -75.985431 -78.931070 -79.708141 -97.993895 -92.147653 -76.340305 -91.201461 -70.526945 -83.358078 -82.143306 -73.412671 -71.983361 -77.669863 -69.365544 -76.540894 -65.942707 -73.664016 -99.979092 -86.261312 -72.285179 
-95.765735 -74.366647 -91.846946 -78.068176 -74.141183 -77.408735 -76.327643 -76.254527 -66.648443 -88.684576 -89.106980 -91.475683 -70.246188 -92.761016 -72.759888 -77.230048 -72.676933 -88.490291 -78.929649 -79.730210 -66.936793 -96.717072 
-74.322920 -91.096686 -91.551375 -76.467450 -73.975593 -69.658945 -76.307024 -94.891713 -66.953197 -72.675288 -84.097549 -75.885223 -94.207477 -92.325861 -72.491660 -81.855458 -73.792013 -77.428436 -85.562695 
-92.753106 -93.715037 -92.420634 -74.569755 -74.072398 -76.194393 -75.934954 -94.129538 -83.914106 -91.825707 -67.947138 -77.237517 -72.644972 -98.880081 -78.540960 -85.391620 -72.306443 -75.892718 -76.958140 -72.941674 -85.837049 -65.607455 
-80.446624 -77.407048 -93.116585 -90.912461 -73.531651 -82.522649 -76.419029 -65.537086 -75.116652 -91.646861 -67.798113 -74.743910 -73.040099 -71.708881 -81.885896 -76.453447 -81.409352 -82.597187 -73.190493 
-78.547288 -66.358974 -92.029726 -91.988437 -72.559525 -90.329169 -76.911598 -79.976522 -79.423140 -92.057241 -69.109128 -89.297931 -69.296963 -77.301912 -83.956917 -70.826533 -85.725039 -79.717680 -80.029895 
-71.545665 -71.977499 -93.756686 -91.714851 -72.347054 -82.393853 -77.583787 -79.076458 -94.405794 -91.784433 -81.110199 -69.636083 -71.954625 -66.453158 -68.996059 -86.890735 -77.905669 -87.048943 -79.503434 
-73.135924 -99.711007 -92.542466 -90.480359 -73.229372 -70.434689 -76.532894 -87.666272 -77.967642 -90.918909 -71.637665 -79.105580 -72.033762 -67.602079 -88.779115 -95.299404 -95.488817 -96.189421 
-72.366504 -80.842475 -93.476645 -81.134301 -73.249659 -66.671639 -75.713293 -96.805131 -90.107157 -90.109985 -80.623131 -86.226642 -71.210541 -66.024646 -78.721094 -74.544570 -69.479464 -94.540012 -84.192916 -81.649610 -97.062200 -93.862168 -67.710947 -94.482118 -79.471837 -69.242330 -94.406309 -73.584538 -72.943664 -69.842075 -74.115752 -87.725073 -93.166418 -82.778833 -73.301921 -97.085343 
-71.410086 -71.691237 -77.744432 -85.727208 -73.945654 -84.357248 -76.503290 -78.814776 -66.614895 -88.863272 -78.174085 -86.230512 -67.005413 -79.702278 -72.013516 -77.434924 -79.395025 -94.467762 -88.061959 -84.170404 -90.174399 -92.715238 -73.270964 -94.217553 -88.090469 -94.645366 -80.902640 -80.101070 -77.402007 -82.582719 -84.941218 -81.816242 -77.389466 -76.776897 -78.674514 
-91.649240 -69.921676 -89.727336 -68.445604 -74.316091 -95.783020 -75.829670 -93.133158 -76.247781 -88.173239 -81.924047 -71.430088 -66.031394 -94.468083 -73.244210 -95.189229 -77.715357 -75.035420 -71.389082 
-96.769033 -82.580265 -99.612468 -91.695020 -73.428773 -71.201742 -75.360346 -74.209622 -76.652958 -81.725220 -90.563084 -84.793986 -96.036282 -79.835732 -72.647275 -86.514614 -72.460235 -88.372158 -98.287028 -68.437858 -79.340260 -84.032590 -82.158401 -96.344344 -80.662963 -81.255884 -99.874394 
-95.903298 -77.380828 -97.601335 -92.866689 -73.870851 -90.409165 -75.200605 -74.855878 -85.652295 -70.353081 -91.758274 -71.961669 -71.221719 -70.353694 -89.996606 -66.777165 -95.972741 -73.532270 -74.616030 -82.591855 
-94.785607 -78.215308 -77.276527 -92.094073 -73.783023 -95.140939 -76.004109 -69.233059 -72.817409 -87.660767 -90.265554 -93.967860 -72.633538 -85.900324 -81.949471 -82.360930 -82.931774 -91.368939 -74.482345 -80.638260 -78.983488 
-78.468209 -76.436344 -87.651888 -68.487435 -74.400242 -94.749627 -75.586293 -67.827313 -90.906065 -85.114163 -89.779834 -77.890540 -72.579988 -82.082343 -80.391478 -89.274077 -95.929504 -72.903237 -98.285282 -73.373519 -76.512188 -69.353017 -80.917186 -83.244144 -96.595877 -79.128998 -81.928335 -84.742033 
-79.939778 -97.225927 -75.057037 -84.311666 -74.333084 -77.002490 -74.914835 -72.576985 -81.750287 -68.197893 -91.131584 -75.709521 -76.461852 -91.111213 -80.665748 -94.094547 -69.579137 -82.889934 -72.125762 -84.538711 -82.483582 -67.308605 -73.684839 -71.704376 -85.362639 -81.722855 -86.023521 -75.103608 -82.537459 -80.281606 -90.636820 -73.179445 -80.570649 -100.543765 -77.996171 
-71.652588 -94.240490 -77.165823 -69.047613 -74.306080 -88.296868 -75.378111 -73.521598 -87.705857 -70.591422 -93.800170 -90.517856 -80.983111 -93.264967 -77.127747 -80.245046 -86.617442 -80.432088 -86.205181 -93.584341 
-82.077733 -95.217387 -96.374404 -78.602367 -74.403962 -72.627951 -75.526196 -78.629070 -85.536900 -69.847691 -94.146159 -69.483492 -77.419844 -79.585439 -71.572197 -84.967957 -93.208072 -84.137405 -91.828323 -81.794961 -98.548528 -89.546600 -96.122913 -78.404832 -83.351935 -81.672023 -79.525178 -90.923491 -86.844070 -73.566333 -83.921469 
-83.184643 -91.423666 -90.014125 -78.712847 -74.995195 -70.184091 -75.747553 -89.598470 -84.368412 -98.232688 -95.710314 -69.998546 -78.128558 -97.533791 -71.739132 -91.874007 -86.448226 -78.593515 -81.107333 -91.739581 -66.661269 -83.766428 -80.467633 -88.698358 -94.909858 -80.733120 -85.131922 -66.380454 -97.063413 -87.351455 -86.901020 -92.320444 
-67.976198 -90.563511 -88.313425 -92.694788 -74.135492 -72.248918 -75.462863 -88.882489 -84.318226 -77.229459 -95.737700 -74.755749 -75.256809 -74.363974 -99.801063 -77.376665 -77.176217 -82.178803 -66.948991 -75.218521 -82.580110 -98.939953 -89.287053 
-82.059832 -91.114420 -72.989557 -71.600458 -74.701938 -77.537605 -74.743624 -88.953859 -72.492295 -68.489518 -97.188652 -95.751255 -87.475648 -68.969557 -85.912981 -89.092476 -75.597663 -81.112861 -70.993138 -79.790596 -95.138974 -79.069138 -81.029428 -79.605866 -69.058351 -76.283215 -80.431005 -82.267138 -82.448362 -86.306589 
-68.755626 -79.922023 -83.733151 -74.552754 -74.048941 -73.702974 -75.537406 -90.140353 -75.882507 -81.298540 -98.580699 -78.804407 -79.505127 -96.153641 -75.434277 -88.575272 -91.303515 -78.005086 -86.844718 -84.546382 -76.597513 -86.402236 -96.295971 -85.982346 
-77.641185 -80.224225 -68.850369 -68.121608 -74.454006 -78.622463 -75.618294 -88.964495 -83.695517 -79.171087 -97.003890 -71.509167 -82.687117 -98.680194 -67.552257 -77.694495 -88.937642 -75.893544 -91.271737 -70.404774 -88.384961 -98.986402 -78.723341 
-80.541251 -71.291270 -71.544428 -91.445080 -74.126939 -90.972087 -75.753735 -88.271328 -98.379503 -69.529298 -82.151475 -73.215747 -80.456164 -99.783248 -69.405544 -67.966981 -75.628363 -82.342614 -76.532951 -74.285428 -81.108317 -65.977550 -78.519814 
-85.175858 -85.764186 -79.085725 -72.972847 -73.651922 -90.910403 -75.296928 -89.108117 -98.453265 -82.601307 -73.365295 -70.895875 -67.969422 -96.990689 -83.363149 -68.508975 -75.841456 -70.473451 -67.390136 -90.552400 -66.571605 -79.281274 -70.852862 
-65.616719 -94.436497 -98.681258 -78.862273 -73.848557 -91.066391 -75.813199 -91.271699 -70.767915 -90.859363 -74.562219 -77.753087 -98.236761 -87.581547 -72.939738 -90.602342 
-68.977350 -79.978803 -87.396603 -97.084719 -74.214162 -72.681013 -75.028986 -92.440559 -81.816885 -92.432052 -71.732819 -77.687051 -94.535971 -90.225747 -71.993102 -92.201454 -75.292736 -83.774555 -68.921360 -79.845503 -66.935949 -89.868211 -85.988920 -81.266781 -99.438221 -81.608807 
-95.987675 -93.186398 -88.044586 -75.607197 -75.354168 -93.781722 -75.492674 -97.015009 -87.689527 -70.480724 -74.870324 -85.770714 -71.347309 -92.565207 -81.468763 -93.104523 -67.912555 -81.026127 -68.624059 -77.899819 -95.736029 -87.936909 -68.065427 -92.695173 
-88.653554 -90.617224 -83.271821 -64.728778 -73.473458 -89.838209 -76.526178 -93.105968 -90.055872 -72.667792 -74.478682 -86.804966 -71.130745 -80.414965 -83.291636 -92.043254 -84.857371 -77.123204 -69.202944 -88.050880 -81.786368 
-91.240230 -92.373976 -86.105469 -68.121790 -73.307745 -84.668431 -76.117845 -94.173074 -85.399814 -71.588416 -78.456024 -89.336215 -90.017530 -89.085532 -74.363262 -94.951470 -81.521780 -71.613256 -67.990005 -89.104463 -88.009066 -82.083988 -89.052363 -79.765518 -83.556340 -80.452134 -84.491040 -79.872340 -93.642556 
-70.621568 -75.618552 -79.809763 -69.919688 -73.661602 -96.495355 -75.438813 -73.801673 -94.837286 -72.749026 -94.098632 -78.457154 -89.018711 -71.727401 -74.690122 -95.791780 -82.502393 -75.378562 -74.038928 -78.889642 -92.385022 -72.696654 -92.390424 -83.545598 -66.805638 -95.047623 -75.484544 
-69.238482 -66.762249 -76.393027 -86.624855 -73.781292 -78.736480 -75.782883 -94.813225 -86.673317 -98.036052 -93.220329 -72.670261 -90.683007 -85.499727 -95.718867 -87.243010 -80.972283 -90.123960 -94.699289 -79.319715 
-85.749612 -69.699825 -74.354193 -95.450842 -74.130828 -79.003053 -75.740240 -94.319591 -77.359313 -86.133924 -74.469432 -73.343186 -84.447580 -73.816074 -92.153589 -95.255273 -72.519527 -84.086395 -74.965385 
-79.117524 -69.943553 -83.102897 -96.265094 -73.889060 -95.203656 -75.906165 -94.959156 -82.138376 -85.880033 -78.723757 -72.954190 -79.101285 -73.687656 -92.188284 -86.774191 -73.010003 
-64.266064 -74.456881 -68.026180 -92.197390 -73.600138 -93.139284 -75.887480 -92.096690 -69.719847 -73.757896 -82.274763 -72.779689 -93.881188 -75.598697 -82.767865 -74.651810 -72.547311 -88.958582 -81.013862 -91.205029 -72.296678 -80.451376 -76.185658 -83.346400 -85.688025 -86.253653 -95.602016 
-91.236147 -73.265559 -85.678102 -93.455554 -72.982771 -92.677597 -75.753041 -87.976019 -76.466196 -66.307630 -85.892823 -84.643138 -87.056512 -72.321676 -77.389890 -74.001613 -79.759489 -92.996050 -85.131459 -85.492829 -81.534667 -72.021811 -76.174308 -91.770166 -81.799786 -81.326404 -90.955751 -84.438423 -70.839038 -87.437993 -83.257851 -89.646606 -72.891570 -74.790688 -80.096082 
-70.228542 -77.425843 -68.142135 -92.389788 -74.007228 -92.234478 -75.947754 -69.391905 -70.391510 -71.978292 -80.822681 -84.477538 -68.402655 -87.615456 -77.468283 -77.152296 -75.551259 -78.916776 -93.654199 -66.058859 -91.502458 -79.023288 -91.080527 -78.781662 
-99.589725 -71.191499 -67.911909 -95.457140 -73.720697 -91.109562 -89.119147 -81.178997 -86.317000 -72.936949 -89.708670 -76.119429 -81.097257 -76.342119 -80.372914 -96.053665 -75.821730 -80.123745 -81.620229 -78.473675 -89.571968 -77.490006 -81.293657 -79.847232 -81.294600 -65.510799 -81.404131 -98.666231 -78.610896 -96.262006 -82.854425 -74.759611 
-72.382542 -75.463731 -68.221033 -93.793939 -73.757649 -81.410187 -87.095885 -79.232123 -89.916630 -71.959582 -76.712298 -77.020948 -76.267566 -76.336290 -93.179999 -92.841217 -74.913165 -76.668942 -95.390281 -72.355241 -76.240992 -77.292039 -94.247306 -81.062285 -78.996909 -77.892255 -78.612344 
-89.188102 -92.656398 -71.156537 -94.373674 -75.202097 -82.437712 -69.955819 -85.409846 -93.438842 -73.689119 -86.135629 -76.288810 -91.438101 -77.460250 -92.752677 -72.758062 -92.881998 -90.345265 -96.731786 -66.999217 -84.075656 -84.457716 -93.429636 -91.704054 -99.847031 -77.121467 -81.737387 -89.848207 -85.146610 
-73.138229 -92.904786 -75.527247 -75.810149 -77.413160 -91.894538 -68.178311 -79.307778 -90.607016 -69.201926 -88.717114 -76.192468 -88.257842 -77.664233 -74.133065 
-81.305553 -93.480481 -78.791929 -67.425055 -77.153669 -91.911594 -89.940203 -74.954924 -90.358029 -83.851767 -78.318898 -76.188667 -70.585993 -75.857088 -79.004259 -68.190494 -71.792794 -72.442563 -79.961363 -82.463938 -76.431687 -79.163976 -64.525555 
-78.030274 -93.446247 -74.764689 -66.668176 -72.226017 -92.460572 -79.363917 -80.641037 -91.936963 -95.289342 -75.090573 -76.560646 -73.983324 -85.859274 -94.734067 -84.486887 -77.178571 
-78.100817 -94.133415 -73.086345 -78.955241 -72.176053 -91.777297 -97.120816 -91.727771 -96.726286 -76.153583 -67.441795 -75.928274 -78.735436 -78.814384 -89.997623 -97.327832 -82.735245 -83.838799 -76.802673 -81.489241 -80.872757 -76.447729 -78.700873 -81.315298 -86.306683 -82.996485 
-96.292938 -91.861696 -73.295436 -98.031945 -71.796559 -89.890200 -79.392894 -91.019090 -87.114003 -77.194932 -67.948493 -76.135086 -77.407730 -88.260278 -76.783244 -82.944637 -75.709931 -77.098201 -91.232329 -80.638633 -97.473778 
-97.033429 -92.412501 -73.548431 -68.481792 -72.834221 -87.057596 -78.487442 -87.351949 -99.242196 -79.825382 -67.100534 -75.812904 -73.102830 -87.512495 -75.570778 -74.127014 -81.981016 -88.015590 -95.202713 -87.187019 
-99.390729 -90.122430 -74.375617 -76.455500 -73.135682 -78.343012 -84.794977 -76.350609 -76.229938 -75.731935 -87.101331 -75.836429 -97.125924 -88.143694 -65.024858 -69.661803 -84.528023 -88.573769 -87.621669 -66.849577 -75.029990 
-98.865136 -89.465406 -73.491871 -80.363667 -75.626725 -66.935293 -87.645211 -73.415850 -75.374980 -68.374735 -80.667920 -75.516240 -98.104283 -78.946561 -71.286975 -81.788489 -74.085197 -94.930852 -79.962586 -70.943158 -98.071116 -72.653622 -78.466766 -86.755425 -87.033912 
-89.304870 -88.337274 -74.973538 -73.658045 -89.754868 -75.044954 -87.420055 -88.351515 -68.431571 -81.593790 -68.647987 -75.215495 -77.759117 -70.988412 -98.943184 -77.327298 -75.388950 -85.669712 -100.049818 -72.187274 -77.791869 -81.384787 -93.997568 -77.290934 -78.845460 -69.777889 -69.474637 -80.556687 
-91.157079 -86.617430 -74.239272 -95.778029 -68.736503 -77.508823 -87.946937 -84.877453 -82.203485 -79.506797 -86.125527 -75.073105 -65.945679 -68.948535 -72.765489 -68.190267 -99.142128 -73.243706 -71.970700 -73.365391 -88.162890 -78.419655 -64.237659 -87.566533 -80.907120 -70.179098 -91.168312 
-88.862396 -94.389760 -73.767897 -71.725158 -72.576727 -86.833796 -88.151943 -82.294964 -76.236759 -98.929941 -74.446965 -76.172152 -66.355115 -82.649675 -79.459324 -69.662113 -89.031796 -68.984819 -83.757361 -83.165717 -89.893373 -88.445817 -72.107271 
-73.129871 -77.910597 -73.450263 -73.442596 -71.725843 -95.516560 -87.802958 -87.356363 -82.744599 -99.226810 -80.122608 -82.338958 -83.730557 -74.775180 -74.506438 -67.366391 -88.906968 -87.127276 -73.430231 -88.787676 -73.222976 -72.984093 
-79.857110 -91.001055 -73.277432 -71.050078 -72.460625 -67.678291 -87.932806 -68.466189 -81.992978 -88.688921 -77.313222 -73.384245 -78.111178 -69.822206 -75.645326 -98.280238 -77.117348 -69.192438 -74.567719 -98.054357 -73.924664 
-73.086334 -88.086191 -73.934214 -71.184579 -74.271007 -68.586240 -87.927864 -69.396439 -91.455499 -95.715815 -71.072493 -74.491507 -86.822030 -81.049939 -75.706009 -68.190896 -75.319671 -81.641367 -92.820515 -98.909151 -75.884970 -84.410450 -73.478743 
-87.142658 -96.947813 -74.106388 -73.314628 -88.651584 -83.692941 -88.154438 -90.827779 -77.005829 -81.014355 -73.185519 -99.453806 -66.851260 -70.026185 -75.238547 -89.293522 -81.243131 -99.131916 -74.993910 -98.194436 -71.445266 -74.350775 -79.141781 -96.232374 -71.094531 
-96.730014 -71.845922 -73.369749 -75.022980 -89.958792 -87.356275 -88.514935 -69.856055 -94.242259 -95.168100 -76.361723 -76.241834 -74.699186 -70.428725 -76.779589 -86.213222 -78.276606 -74.189847 -65.947514 -75.620303 -84.877584 -67.644709 -69.129309 -99.384913 -81.642799 -97.900181 
-71.916058 -90.680661 -74.414625 -72.575994 -91.210265 -76.541934 -88.301703 -79.069719 -97.873755 -69.065163 -68.670581 -75.923740 -70.185954 -74.461721 -96.266270 -75.688665 -80.615438 -77.294899 -78.450083 
-72.912900 -94.011890 -74.336218 -75.035761 -77.374566 -89.003294 -86.460487 -74.440940 -89.637364 -68.828065 -94.525041 -75.499492 -75.977917 -92.688840 -73.919343 -72.229917 -95.400444 -78.175363 -80.683487 -90.722300 -84.610722 -66.823016 -91.223112 -78.428315 -68.956251 
-83.887895 -93.888454 -74.297633 -80.574973 -68.651699 -72.058885 -81.705343 -73.953258 -87.459228 -83.773289 -95.854927 -74.991178 -71.849852 -92.651982 -77.753194 -75.401014 -72.350733 -86.103604 -80.813344 -86.451555 -73.531943 -86.409681 -69.632552 -89.262050 -84.213560 -86.951082 -79.880055 
-79.520521 -93.570001 -73.462100 -84.901716 -79.411213 -90.525908 -85.989082 -64.824494 -88.048800 -72.822213 -78.299228 -75.568424 -79.245315 -87.807920 -86.658936 -73.018696 -72.353996 -95.003029 -72.787563 -96.314075 -76.810468 -76.455557 -90.009956 -74.504072 -83.343640 
-77.606180 -94.399162 -73.623319 -80.049594 -73.478354 -84.965864 -86.498132 -78.667932 -88.056664 -70.869370 -87.324064 -75.489980 -95.703583 -72.903565 -78.307281 -87.886750 -73.830599 -86.446179 -86.125357 -70.194285 -94.798030 -87.824208 -67.290948 -77.953797 -65.831272 -83.268785 -73.874328 -84.697120 
-78.123469 -94.979339 -74.098347 -92.752034 -74.001289 -68.771082 -87.280654 -79.406996 -88.594077 -97.246497 -78.592249 -75.749062 -74.834145 -71.935977 -85.311769 -74.924931 -98.733921 -79.091359 -74.753585 -70.818231 -72.398255 -87.588479 -80.988660 -85.101806 -79.731777 
-96.742954 -95.771928 -73.583455 -77.112531 -66.223367 -87.414252 -88.712304 -97.603217 -90.179418 -72.822349 -83.525417 -76.006578 -75.824614 -71.482838 -67.610020 -71.134534 -81.554451 -78.560022 -80.094197 -95.144342 -76.627884 -79.069872 -80.155520 -80.370121 -69.066802 -78.262293 -100.314285 
-87.884870 -77.867505 -73.364441 -66.525166 -98.059995 -93.496946 -85.459421 -96.078607 -91.029103 -95.539278 -80.538637 -76.402394 -89.510096 -72.854339 -84.088112 -71.386949 -82.611216 -86.812952 -87.307636 -96.757874 -71.135412 -77.621636 -69.060450 -83.102861 -93.792549 -84.980365 -83.653647 -75.669779 -82.627697 -95.428681 
-88.745160 -95.551841 -72.990564 -93.391283 -87.543919 -72.752933 -69.160962 -94.308749 -92.116604 -68.968535 -85.482814 -76.751333 -69.252445 -71.200866 -93.731516 -77.692527 -68.919156 -71.727943 
-72.719519 -95.777088 -73.840097 -90.029907 -95.210397 -69.036417 -85.794326 -94.862986 -91.367151 -82.216819 -78.456695 -76.097156 -88.666023 -71.086797 -95.009151 -77.657483 -78.950641 -65.936760 -81.111118 -80.617932 -70.538954 -69.741771 -78.916352 
-81.682616 -90.577234 -73.648165 -85.802105 -70.356991 -75.768228 -90.731777 -98.089825 -71.515952 -80.262088 -76.085127 -76.199233 -88.240005 -71.328557 -71.604498 -85.168724 -83.288257 -66.976931 -77.109488 -74.457854 -97.943577 -82.959308 -84.176390 -68.993014 -73.368438 -91.723774 -72.520697 
-99.137178 -73.194702 -73.545490 -91.739426 -77.975443 -95.738720 -74.474409 -89.125841 -83.278720 -96.876003 -79.919128 -75.621463 -88.577962 -72.138262 -78.797392 -68.522204 -98.144533 -71.537794 -73.903201 
-91.026989 -95.464777 -73.452480 -92.513434 -80.413018 -65.189800 -71.289788 -88.990468 -89.079816 -70.069978 -71.473106 -75.740539 -87.731905 -86.270298 -98.121574 -99.588085 -76.484449 -80.539504 -84.221778 -86.420365 -71.944643 -82.733611 -85.719590 -83.155278 -80.461752 -88.183936 -78.956034 -95.881220 -79.126194 -86.058627 -82.901442 -80.766193 -71.966427 -94.149220 
-87.261605 -94.566855 -92.831683 -71.785305 -74.264032 -78.991584 -79.825363 -90.607053 -89.846614 -73.703827 -70.842932 -76.084853 -90.843056 -91.807306 -81.581670 -71.463875 -69.038522 -72.118432 -95.715004 -78.709678 -69.090651 -74.371188 
-72.263577 -93.795338 -92.578650 -80.905518 -80.214467 -93.156741 -66.826706 -68.186346 -75.262803 -74.697527 -88.008182 -75.076233 -89.540066 -85.149546 -73.017901 -95.726585 -78.372011 -80.206054 -69.076329 -65.959708 -76.574060 
-99.880277 -98.075806 -91.376344 -75.623431 -75.818892 -91.110886 -88.339848 -68.525270 -71.394047 -85.233835 -96.540259 -74.820023 -90.447796 -68.478770 -84.572619 -72.633974 -66.940642 -75.583743 -70.521448 -95.598114 -75.850101 -81.983978 -76.919219 -83.995967 -96.804403 
-80.507102 -67.578884 -81.777679 -72.830329 -75.920418 -92.159648 -93.084735 -76.195633 -80.462802 -70.998576 -96.325850 -78.436595 -90.952656 -76.624524 -88.288373 -75.700027 -71.984174 -70.443300 -72.931386 -96.688259 -76.919626 -81.694550 -96.699477 -73.319748 -90.083481 -91.492918 -72.690059 -76.952956 
-65.894491 -74.198301 -95.249387 -71.295396 -76.904363 -92.242111 -71.347771 -77.616655 -69.782329 -73.441923 -78.903499 -68.994005 -90.987664 -77.583494 -90.173471 -72.222695 -70.322536 -70.989468 -87.084478 -66.824992 -87.771338 -97.930335 -97.831181 -95.861541 -76.721547 -85.575602 -84.798000 -79.751971 -80.071966 -71.938608 
-99.957713 -78.396962 -79.224454 -79.488462 -75.350928 -93.496336 -82.517568 -80.294666 -73.091994 -97.979473 -85.109593 -72.209457 -89.872407 -76.136254 -89.485425 -73.331470 -74.073982 -72.409127 -98.635197 -69.704249 -75.999030 -77.600349 -76.622775 -96.761828 -68.989002 -69.476406 -70.782968 
-98.329234 -75.829174 -85.534695 -83.070968 -75.314744 -67.339803 -73.570533 -84.241831 -100.502734 -83.671118 -92.060104 -72.416399 -90.806509 -74.881480 -89.990609 -73.825456 -67.672834 -98.844685 -72.546946 -78.019647 -93.938810 -80.184072 -83.924059 
-72.439119 -69.830843 -81.570160 -95.892477 -75.152755 -73.770100 -69.680572 -82.367758 -87.566722 -79.655571 -94.164158 -71.194044 -87.601577 -98.937620 -86.815435 -74.349292 -70.917429 -72.438688 -65.727828 -76.369541 -75.580264 -80.819125 -82.053136 
-93.987857 -68.032522 -79.970814 -96.219044 -75.744617 -70.116491 -72.592095 -80.385649 -68.040708 -77.630963 -94.195120 -84.023552 -87.756314 -96.324100 -87.877652 -73.281487 -95.946626 -90.184524 -85.980829 -84.398690 -73.451437 -73.559119 -85.897985 -80.599534 -94.802399 -98.925106 -90.048771 -79.895452 -77.683288 -72.271911 
-93.719568 -86.839858 -73.305501 -94.637702 -76.082628 -67.454588 -85.359868 -87.271537 -90.761756 -80.325846 -94.693628 -71.555039 -87.354924 -70.556717 -93.063022 -78.932252 -86.451720 -73.373102 -93.835345 -75.416508 -79.778847 -87.045707 -88.035990 
-70.343402 -86.793275 -72.578049 -92.815509 -94.753730 -79.096565 -87.321284 -77.525334 -65.549016 -78.830378 -77.843077 -70.338438 -78.474651 -76.308805 -91.583561 -91.337423 -91.593438 -73.097930 -84.565672 -77.448566 -75.654715 -89.951330 -84.362971 -78.932540 -78.801502 -77.320650 -88.965673 
-90.940501 -75.062576 -71.040546 -92.539077 -80.531735 -83.417826 -88.777333 -76.463442 -90.603604 -93.630973 -76.742940 -71.230357 -85.618140 -65.148609 -68.514356 -73.931391 -91.093808 -73.174370 -74.928913 -70.351830 -85.173631 -84.003547 -69.240313 -85.645712 -77.900852 
-75.369644 -74.797768 -69.793811 -93.267402 -68.738483 -82.622526 -86.164339 -76.800246 -88.954332 -95.739176 -77.644954 -72.781716 -71.360261 -88.701209 -71.872074 -73.261182 -90.896163 -88.932218 -74.096403 -79.242835 
-73.419129 -77.205771 -95.577828 -93.945785 -70.040165 -78.928896 -83.450375 -76.411916 -88.852858 -80.747592 -75.554805 -93.269417 -71.284518 -83.927882 -72.418504 -72.949210 -69.430749 -78.720388 -82.344526 -77.827152 -65.987848 -83.171139 -88.145412 -87.477540 -74.264198 -76.944795 -77.465860 -86.396440 -71.609529 -89.677503 -71.401142 -78.357527 
-85.142483 -78.480323 -81.548276 -94.661047 -74.185278 -71.894213 -80.821889 -74.801482 -89.354100 -74.303792 -67.526625 -93.949980 -72.991236 -74.429909 -68.857408 -74.710688 -77.956623 -72.300714 -98.292438 -72.162313 -86.806879 -76.832420 -75.956816 -87.916718 -78.337596 
-90.025851 -74.210714 -67.402691 -94.740111 -81.469508 -94.499167 -77.687636 -76.022699 -73.535006 -93.432080 -83.927419 -88.323432 -85.029648 -89.527114 -72.161751 -76.930380 -78.455962 -80.362076 -76.507484 -74.026211 -95.642894 -87.926244 -76.167441 
-78.772657 -74.353759 -73.987935 -93.378172 -86.309029 -66.438785 -96.082482 -75.941330 -73.343739 -92.146102 -84.138203 -89.181260 -98.889652 -91.900298 -67.013308 -84.764014 -75.472445 -74.411152 -83.748245 -80.479437 -92.092034 -83.865216 -92.367974 -88.658555 -86.083289 -83.026845 -94.735931 -88.230695 -76.896498 -82.326361 -82.448977 -73.564304 -86.061485 
-78.214991 -75.377299 -77.765457 -94.012398 -90.761965 -74.391816 -94.690208 -75.140473 -92.216959 -79.174250 -75.538785 -80.519218 -69.459537 -78.180818 -69.265783 -95.813794 -79.213290 -73.256843 -74.136700 -94.108547 -86.716445 -75.550751 -82.940002 -81.319644 -79.553227 -83.380702 
-78.239754 -72.500108 -83.495293 -85.509510 -71.582559 -74.876957 -73.658311 -75.291776 -76.814866 -85.979926 -92.518448 -94.193273 -79.051390 -88.534223 -92.944490 -89.507054 -82.013078 -82.064855 -67.294050 -83.956673 -89.974751 
-90.134089 -75.029234 -78.110702 -82.985581 -72.568993 -74.862370 -99.372408 -75.125236 -84.443258 -76.584164 -89.474380 -66.029784 -78.549282 -92.545300 -97.907134 -84.081414 -89.476731 -76.906758 -83.397544 -85.878558 -87.142113 -98.058102 -76.443630 -77.531721 -91.178851 -86.146535 -86.984292 
-70.238533 -92.352606 -89.580357 -83.795787 -72.585375 -74.225326 -67.142417 -75.122961 -74.901080 -75.975629 -73.909158 -95.843735 -74.342741 -92.811911 -78.155614 -94.189039 -83.516450 -79.703792 -92.183410 -71.976554 -81.234928 
-70.912646 -84.886488 -93.539612 -71.322199 -93.120222 -74.195192 -67.386707 -91.939528 -88.508977 -85.317027 -78.819070 -76.159543 -90.182734 -76.818427 -92.948782 -83.370925 -90.421154 -94.203870 
-77.985288 -95.893190 -92.538345 -72.354450 -91.800020 -74.195192 -68.242891 -91.215679 -64.733116 -88.385948 -83.707400 -76.274662 -89.465591 -87.891005 -82.328598 -74.851667 -76.096808 -73.386886 -80.984165 -82.874911 -82.489869 -84.819830 -94.515160 -75.812109 -66.452660 -75.606165 -84.988711 -73.561257 -80.238873 -92.373268 -82.254917 
-84.111963 -77.921788 -93.358767 -72.306277 -92.235964 -74.587562 -89.769447 -90.629299 -76.043125 -68.945751 -79.667743 -68.041870 -89.415771 -74.615438 -79.157652 -81.959555 -65.397007 -65.762664 -97.979723 -76.846540 -85.468223 -82.730425 -92.758422 -77.900682 -86.962965 -92.282537 
