  52.600736 3034.266297
  75.848092 3032.811264
  49.287353 3033.363386
  76.621732 3031.793603
  85.898411 3036.338691
  85.642578 3033.333021
  51.574111 3030.612092
  51.216029 3030.112201
  74.951695 3030.138849
  75.731446 3031.559812
  66.716332 3025.066551
  52.831285 3027.971575
  85.429058 3034.405411
  61.441383 3029.672350
  61.695076 3029.062922
  80.401569 3035.573253
  32.209458 3034.981561
  65.830286 3029.583799
  82.066195 3031.368965
  39.416460 3031.954631
  55.104854 3034.152557
  63.054679 3028.384804
  46.048993 3028.486502
  52.542605 3027.723407
  47.364829 3032.042885
  46.764200 3035.580230
  70.329487 3034.376753
  59.305501 3028.476453
  64.582050 3032.657156
  53.532962 3037.622409
  65.732143 3028.637372
  64.900346 3034.649910
  83.757055 3035.132556
  72.164681 3031.358412
  49.740658 3036.116797
  60.707005 3028.195922
  44.329411 3021.350773
  54.220993 3030.880345
  61.892977 3031.430026
  82.636136 3035.367374
  63.318810 3031.023824
  73.126199 3033.725336
  51.958676 3036.347108
  48.000497 3031.347312
  62.639459 3030.448549
  68.015201 3030.194462
  55.853966 3029.077219
  92.395781 3033.668140
  80.497754 3035.538043
  37.232847 3030.789580
  39.398115 3032.629760
  73.623139 3031.993499
  88.058745 3035.601759
 121.485814 3032.603468
  40.041055 3032.909364
  38.618369 3024.919344
  70.295016 3032.617045
  74.145494 3029.106327
  83.334367 3026.422780
  68.162019 3031.571029
  61.263977 3034.300227
  80.519722 3030.843486
  77.468376 3029.445301
  56.336855 3036.308674
  68.980874 3035.323794
  63.542966 3020.115732
  91.697254 3034.257926
  62.003895 3037.236829
  57.319218 3030.972584
  55.801414 3031.576561
  38.157214 3035.563876
  73.664810 3035.684391
  80.394700 3032.338530
  57.726658 3033.545576
 110.002230 3035.111134
  68.426597 3027.396475
  49.451181 3032.507234
  40.329881 3036.607234
  60.581411 3030.800632
  28.214146 3031.659842
  46.284943 3032.808653
  65.953541 3026.700685
  58.371319 3032.582798
  45.687307 3028.792094
  67.806549 3031.044737
  65.438477 3034.169444
  57.640733 3034.672258
  40.741188 3032.952681
  98.341286 3031.074926
  77.731193 3029.607247
  94.243996 3032.168486
  95.596772 3030.785150
  85.942774 3034.370326
  94.059371 3030.904304
  75.214927 3022.889379
  70.240152 3024.273185
  82.029980 3035.046769
  58.808032 3027.067675
  35.727310 3034.745606
 103.438162 3032.922266
