-75.317169 -97.329865 -75.253502 -74.193720 -77.824458 -81.844885 -99.765499 -69.936387 -97.086591 -82.695430 -73.345967 -98.838930 -75.880442 -81.001365 -74.830438 
-70.431186 -79.380219 -93.353759 -84.974986 -76.342694 -76.644437 -66.746187 -84.212432 -75.893165 -93.647434 -95.241017 -82.605052 -82.943825 -76.339334 -78.174205 -64.233594 -85.975664 -91.600408 -82.676308 -85.586295 -93.227484 -79.646162 -80.380882 -96.302792 -86.710435 -86.700416 -65.318231 
-65.418041 -88.893100 -84.399930 -79.444288 -88.548591 -75.691489 -87.026186 -73.740399 -77.733455 -67.920357 -76.870512 -74.271927 
-89.464261 -70.386371 -78.477451 -81.539288 -84.407409 -86.041443 -70.985915 -87.838742 -95.618027 -95.660721 -80.140424 -99.932485 -74.913858 -69.296383 -66.720262 -91.246743 -96.036731 -81.336907 -85.750334 -69.051676 -69.214198 -81.372508 -87.090143 
-68.478991 -76.216863 -71.830324 -76.666887 -82.776927 -79.785333 -99.892894 -73.100441 -87.054369 -70.958396 -74.310333 -84.151585 -93.237773 -93.871581 -71.188057 -66.083944 -97.662545 -72.496362 -82.264226 -89.585660 -86.193601 -69.647019 -97.524683 -74.187386 -80.774926 -81.901670 -73.709981 -86.768157 
-72.026422 -95.310992 -98.530071 -78.866613 -93.645056 -88.329324 -97.378904 -67.755325 -83.925985 -69.741041 -81.795822 -87.860760 -94.929290 -68.709096 -85.496277 -73.007164 -83.105790 -91.427955 -98.205554 -76.253505 -67.236024 -97.812770 -89.259574 -83.295156 -87.897756 -75.894689 -82.539236 -96.100038 -86.409266 
-71.475477 -77.033054 -80.372647 -79.521046 -66.961661 -86.371442 -94.131893 -88.280033 -70.567213 -82.964509 -88.799159 -74.286963 -97.409482 
-93.455778 -75.311487 -78.677868 -88.474718 -76.419975 -66.992456 -98.782419 -84.891291 -71.469726 -83.058558 -86.044720 -83.057333 -65.882606 -96.300990 -83.364309 
-77.711454 -75.142310 -88.902262 -93.221668 -73.877501 -87.993919 -71.552428 -92.833427 -86.965500 -66.067533 -97.166747 -89.577253 -76.156452 -82.067327 -77.584575 -82.956481 -85.019910 -92.013761 -86.917505 -74.440845 -81.619280 -64.283475 -87.420590 -78.836428 -92.804900 
-82.650566 -71.198441 -83.090038 -76.711220 -84.631577 -95.330072 -76.274840 -80.599377 -78.681190 -76.303317 -89.176879 -79.695363 -69.802614 -68.294703 -78.263574 -88.831937 -82.126054 -90.421188 -80.447155 -99.641027 -80.211602 -80.030444 -72.896762 -78.447152 -87.985565 -75.302693 
-95.984179 -84.044590 -94.297968 -89.307043 -91.614846 -84.953672 -81.121608 -71.102779 -72.462199 -77.869507 -96.039639 -93.352287 -71.546374 -87.807517 -77.242933 -86.496007 -88.096940 -94.619739 -71.820650 -93.967434 -80.476092 -72.760857 -67.966022 
-94.983640 -79.281275 -95.187905 -96.533716 -75.524766 -86.093084 -89.754279 -87.037602 -96.243936 -79.185593 -88.030128 -76.116695 -92.212845 -86.840922 -98.045863 -86.234244 
-98.900414 -85.464620 -91.896145 -79.930393 -74.982257 -92.158926 -68.785540 -92.751446 -78.131171 -93.137805 -75.659430 -72.826137 -84.803293 -66.778321 -94.935670 -80.659241 -87.465029 -83.936604 -83.302303 -76.600022 -70.887969 -73.270213 -84.063769 -83.041117 -82.289014 -74.871636 -83.869070 -77.372615 
-70.916151 -81.750798 -65.108387 -95.164936 -75.204102 -85.513057 -70.172500 -78.745744 -84.408492 -82.614113 -70.086045 -79.982785 -89.624393 -85.197445 -76.142594 -88.086870 -78.686560 
-75.855642 -80.374065 -98.225589 -89.518765 -98.885112 -84.548694 -82.533948 -87.239110 -69.711933 -76.990695 -83.751425 -75.234846 -74.354893 -92.982540 -91.203989 -75.316015 -74.954090 
-94.427632 -82.088984 -78.635068 -76.037511 -70.358808 -83.182074 -78.838512 -89.321945 -81.425423 -79.524635 -96.295272 -78.868114 -75.657716 -89.071409 -86.615808 -83.906947 -88.627226 -90.273891 -68.033238 -84.855489 -89.040941 -73.766314 -93.959590 -80.187074 -80.088827 -81.337829 -69.709841 -94.541005 -80.739944 
-80.839531 -68.672287 -84.564458 -72.743125 -85.512305 -67.357112 -73.274068 -71.015693 -74.734040 
-92.542061 -69.554760 -94.536710 -78.331382 -83.888247 -64.528635 -71.500078 -85.699395 -84.029092 -88.123861 -76.857283 -66.291301 -87.847989 -80.069110 -85.106164 -78.989165 -88.266903 -91.573676 -65.965670 -87.946677 -77.909541 
-73.627838 -87.403543 -77.576546 -89.879921 -68.147633 -95.094324 -76.355873 -80.615986 -84.855784 -88.574663 -79.726025 -83.721056 -70.515901 -80.846326 -78.389264 -73.214430 -87.368832 -83.618531 -67.262033 -77.202231 -94.324635 -93.040679 -89.792589 -88.074024 -66.305660 -89.719248 -86.268770 -71.591205 -78.400977 -78.469041 
-97.427586 -87.153010 -83.536877 -95.134060 -70.427193 -81.951536 -71.050661 -70.456974 -73.369056 -86.321168 
-88.250397 -88.928713 -74.057402 -93.086335 -67.111998 -85.276335 -97.733997 -87.493317 -75.790062 -72.900540 -85.514055 -77.254321 -83.711014 -81.736710 
-98.994546 -98.369282 -73.698955 -76.062845 -69.092016 -82.264335 -93.103582 -89.270924 -79.232833 -89.789384 -69.646660 -84.086167 -86.017538 -78.724348 -71.511463 -74.636303 -70.655554 -78.228580 -76.316895 -70.762508 
-72.898021 -99.926424 -85.490177 -89.755810 -85.991279 -78.791587 -82.476625 -79.916342 -87.479838 -76.266527 -89.093444 -78.315795 -81.470406 -84.462585 -79.535548 -74.679341 
-81.886747 -93.427278 -70.444304 -72.971106 -72.544890 -93.759770 -66.740204 -73.646647 -73.506686 -85.834268 -84.605646 -85.816299 -82.917221 -75.409857 
-70.750694 -79.763411 -87.353575 -84.794345 -95.182163 -96.522996 -84.303193 -87.919830 -94.360164 -84.143126 -72.848271 -93.081755 -84.709244 -72.350666 
-90.891342 -70.563505 -96.556714 -82.543751 -97.844038 -92.808014 -67.980569 -93.733491 -94.583069 -86.347539 -71.526600 -70.341343 -81.325012 -70.229615 -90.677447 -93.104632 -76.812388 -77.089091 
-79.751495 -92.912063 -68.933372 -72.791694 -95.230283 -70.730830 -89.186128 -87.672021 -91.072109 -91.612372 -72.960032 -79.492642 -95.912785 -95.820815 -90.097477 -82.218911 -82.324675 -85.271863 -75.569170 -68.998392 -99.702811 -75.706563 -92.105111 
-91.320569 -93.839898 -75.773454 -89.631320 -85.337155 -67.672114 -83.573978 -90.065559 -96.480643 -97.700777 -71.400459 -86.955423 -75.998530 -71.162961 -71.053507 -95.132446 -85.373717 -93.181524 -80.721231 -84.919005 
-68.545232 -97.576406 -74.171365 -97.693731 -78.793459 -76.337345 -82.449184 -87.610003 -83.957723 -95.098557 -76.589061 -93.068238 -75.557218 -95.973988 -71.507692 -88.222819 -90.472589 -76.003162 -74.369456 
-78.348600 -90.513868 -68.324898 -94.847719 -87.290717 -87.593335 -83.061273 -92.954761 -99.366827 -83.974189 -71.019462 -83.397591 -71.852559 -94.885184 
-73.967503 -73.623711 -86.180865 -70.408332 -74.660436 -72.826797 -92.762784 -79.440469 -83.966073 -85.864915 -92.361619 -75.243953 -95.388998 -94.009202 -82.804410 -72.059095 -86.051361 -94.531524 -83.717499 -67.455830 -95.881447 
-98.538183 -74.283474 -86.031709 -92.396090 -90.458367 -74.027277 -73.958562 -80.723436 -81.219591 -82.374369 -88.658074 -86.956730 -78.315201 -71.728412 -84.347810 -80.243785 -81.645423 -89.621423 -79.756740 -79.044323 -95.091838 -85.986356 
-82.570474 -89.987667 -81.874593 -79.285099 -64.513869 -81.074166 -100.388259 -80.754387 -76.310435 -68.533154 -79.974416 -89.697616 -85.125033 -64.957659 -97.067641 -70.063958 -83.904547 -66.429214 -68.405864 -74.006424 -84.038387 -96.546354 -98.310798 -85.289404 -92.421281 -92.915369 -97.606116 -91.291118 
-88.843238 -86.671513 -95.573242 -95.833538 -92.371433 -98.785907 -79.243360 -76.356692 -72.572620 -74.239153 -75.801861 -80.704569 -67.328310 -77.627960 -81.958258 -83.815002 -72.616852 -97.358097 -84.823784 -77.727161 -80.589021 -83.314905 -83.169776 -79.635856 -83.195234 
-69.974799 -95.201937 -91.032117 -77.621628 -79.935346 -73.719183 -72.468076 -96.992151 -65.804497 -73.976818 -83.395708 -81.878430 -75.699627 -73.382754 -76.297539 
-99.197049 -95.695314 -85.229914 -74.080391 -90.513042 -76.506766 -80.943992 -76.519541 -84.352275 -70.373953 -70.207716 -67.922628 -68.117539 -69.896347 -75.933318 -77.848419 -98.589250 
-84.273955 -87.887448 -82.596865 -79.317835 -66.859458 -76.617266 -89.288976 -89.791407 -92.474971 -88.243911 -72.364370 -74.673610 -80.826443 
-70.112585 -96.703125 -69.409158 -68.580693 -84.052127 -96.816229 -88.679108 -67.715064 -85.498677 -80.188550 -91.207466 -99.304797 -75.966005 -88.751778 -92.329847 -87.946476 
-77.848035 -81.392851 -74.107372 -78.258267 -95.433955 -88.012423 -70.356135 -74.347912 -93.716521 -66.270410 -89.078918 -69.083169 -82.732867 -70.341817 -88.451412 -69.406546 -88.331876 -81.480447 -71.279902 
-99.559278 -70.064461 -93.543301 -86.020101 -79.826732 -85.186174 -69.982339 -84.917021 -93.237163 -74.067209 -80.036895 -83.431615 -94.119883 -75.047818 -74.899536 -81.765080 -95.353728 -88.346445 -97.751853 -87.999029 -81.445385 -92.765844 -83.048116 -72.061122 -69.300800 -72.499408 
-79.939343 -83.146133 -75.976103 -76.418165 -94.719656 -80.188718 -72.701345 -75.747886 -91.856607 -68.511871 -72.128231 -70.242118 -73.208343 -90.103846 -97.444623 -99.631937 -68.532973 -72.369982 -76.716982 -73.059763 
-84.935081 -94.106023 -94.627914 -74.465289 -77.311067 -74.370567 -95.259948 -82.219130 -89.810022 -76.407532 -68.685364 -97.321259 -79.452776 -69.362211 -77.796780 -69.869315 -93.149870 -95.218678 -79.010473 -78.881715 -69.941828 -77.775168 -90.992615 -77.133659 -84.847364 -81.378692 
-91.087432 -71.102457 -89.183896 -73.825691 -65.226411 -95.904272 -99.094843 -91.403397 -70.675520 -86.287610 -81.717064 -86.050429 -74.900352 -66.004516 -90.837183 -81.095051 -93.669266 -77.093352 
-87.778077 -73.849005 -84.529559 -82.834108 -96.391886 -68.462384 -90.972642 -78.839379 -87.759796 -80.865864 -84.221255 -92.978497 -97.194676 -97.109964 
-82.391114 -71.745017 -81.856540 -98.780440 -76.676712 -69.170947 -78.593438 -90.593304 -88.568083 -75.570747 -71.093087 -95.930229 -95.323470 -79.177993 -74.441595 -84.056098 -87.690153 -99.402293 -82.021480 -66.820800 -82.021467 
-85.124765 -89.792024 -85.503284 -66.238030 -98.593129 -85.558691 -92.376291 -70.708559 -69.696198 -83.070980 -82.460173 -81.746080 -79.049054 -85.885063 -79.328543 -72.530478 -64.216116 -83.085407 -90.070411 -86.836653 -82.358074 -88.149302 -83.702107 
-99.168665 -75.100207 -79.341201 -91.233058 -87.236063 -85.371091 -94.470352 -66.239673 -94.163572 -89.011612 -90.213591 -93.311780 -69.650457 -74.783760 -76.148191 -80.706493 -65.349729 
-78.242552 -69.402567 -84.150892 -97.210737 -74.639135 -89.801313 -66.312192 -96.021334 -93.875138 -65.051333 -75.107873 -87.902800 -97.569490 -80.537620 -72.900991 -73.419892 -77.585695 -89.379579 -97.959454 -87.400560 -78.228768 -78.195720 -79.904237 -87.751460 -77.421663 -79.185758 -96.637194 -77.294315 -65.504891 -89.815531 -98.225342 -91.242332 
-90.799335 -70.800232 -83.169962 -84.359586 -76.139686 -91.412971 -74.198335 -92.724291 -78.446702 -96.455985 -76.767438 -92.712671 -90.412384 -79.062956 -98.707778 -78.416078 -73.706367 -74.514148 -69.063078 -78.799784 -97.170386 -77.766781 -72.629883 -85.805291 -72.829547 -77.406945 -78.594447 
-97.906207 -93.784981 -95.613143 -87.967447 -68.389035 -83.094101 
-78.710472 -75.170941 -85.280248 -83.115992 -72.829104 -68.436199 -73.656305 -80.795362 -81.821929 -72.560528 
-75.712803 -80.991672 -76.982702 -69.942040 -66.334410 -97.234852 -89.736878 -78.521627 -85.024110 -84.685064 -75.729180 -73.008524 -81.671861 -78.680237 -99.327702 -76.147638 -79.928973 -80.770954 -99.766841 -83.848345 -77.799697 -74.399594 -73.480387 
-79.426050 -83.688384 -89.329106 -83.643393 -80.195138 -93.918311 -79.712079 -67.779282 -88.376185 -78.264401 -71.467548 -92.246626 -66.342435 -66.591123 -90.492760 -76.377561 -99.801897 -77.478575 -93.469921 -76.757278 -87.852502 -94.536595 -96.078193 -66.625602 -82.556457 -77.573336 -85.760529 -77.432645 -66.072485 -80.901799 -95.273991 
-92.379857 -87.971783 -80.372801 -96.284180 -99.093663 -94.569390 -74.731119 -73.425920 -71.744065 -89.798031 -78.044396 -74.064276 -67.775532 -78.941095 -91.863558 -95.582492 -84.659555 -80.937511 -94.291696 -68.950963 -87.048019 -78.565708 -95.443768 -83.064016 -76.864398 -74.082026 -83.810242 -92.365172 -86.584850 -95.606897 -84.356156 -81.559593 -75.572495 -84.917172 -80.297392 -83.450826 -76.523491 -78.749821 -81.693141 -82.560114 -78.499436 -90.039230 -79.642780 -96.199681 -68.407925 
-76.105693 -90.216605 -80.536538 -74.379211 -92.152346 -69.904678 -97.065092 -91.162821 -74.694615 -87.725034 -79.971618 
-70.248411 -99.907318 -85.422678 -71.863473 -82.783004 -67.472714 -68.592428 -89.864126 -77.576219 -84.443248 -90.175216 
-82.496848 -70.120029 -81.325013 -76.105958 -90.355859 -97.168639 -74.674794 -80.603689 -77.547564 -72.388638 -96.680801 -90.792381 -76.498751 -84.222306 -67.224756 -71.330066 -81.039782 -80.817274 -74.706681 -87.355272 -79.521381 -96.377694 -66.554253 -82.801908 -78.624641 -68.756570 -83.274087 -83.389693 
-85.918184 -81.058942 -100.229828 -93.238981 -68.486111 -89.286329 -92.355671 -75.632128 -88.051363 -82.631900 -69.499195 -81.177767 -68.176727 -93.749948 -81.588269 -69.952583 -79.828917 -74.122501 -76.864302 -71.694450 -94.736926 -100.099836 -83.312277 -70.416181 -85.922736 
-74.081068 -68.593446 -85.042177 -71.587703 -77.626751 -86.842388 -86.411845 -73.742649 -83.454143 -98.360049 -70.713519 -85.062584 -93.883538 -71.566113 -96.278068 -88.541366 -77.472683 -80.995528 -88.129408 -86.531573 -68.815953 -86.247473 -91.802246 -90.809927 -73.744592 -99.185184 -85.849296 -80.094042 
-80.366297 -72.647052 -76.638863 -79.022876 -77.209991 -99.668464 -81.990801 -70.906118 -76.192277 -94.236486 -95.762452 -76.972206 -88.948355 -75.255118 -96.943171 -94.758572 -96.501971 -73.282079 -95.027690 -73.908917 -73.565198 
-70.277664 -75.428263 -95.063650 -90.314578 -66.506119 -94.677830 -97.426661 -75.154091 -70.283190 -95.064792 -84.701849 -78.873329 -67.728636 -71.826581 -97.745859 -85.405404 -83.525173 
-88.869506 -95.893434 -84.956124 -79.211556 -95.142565 -81.709716 -76.471523 -87.227526 -64.723900 -67.101408 -82.128266 -85.758662 -96.267765 -99.572081 -73.850382 -79.501646 -84.272517 -85.252662 -73.688957 -90.272846 -87.905758 -91.637887 -77.491892 -84.762093 -85.015915 -91.094174 -82.909909 -77.424443 
-74.006487 -76.728677 -71.435208 -76.728523 -85.458108 -83.536802 -77.554965 -67.102951 -96.176347 -75.510856 -72.122011 -78.763341 -82.544584 -92.516051 -82.078678 -96.790924 -76.159421 -76.178960 -82.509724 -81.879045 -75.215616 -82.911139 -74.586971 -92.305262 -83.212718 -70.309595 -74.199176 
-90.969542 -81.665357 -74.983990 -78.371177 -98.749857 -77.630886 -70.399620 -90.266521 -95.325256 -86.172037 -87.456763 -87.586155 -80.539686 -71.711525 -83.880970 -83.094307 -78.019874 
-73.943630 -93.359334 -75.803392 -76.650174 -77.671145 -71.431809 -85.105988 -69.250141 -73.440696 -85.292665 -85.536130 -77.758171 -95.043459 -99.478480 -68.992495 -79.581193 -81.683235 -65.912862 -87.071891 -87.941091 
-75.910818 -80.943912 -85.098804 -91.881795 -75.765444 -65.533415 -66.437676 -89.886050 -76.069808 -77.438952 -69.492321 -79.164424 -80.615612 -82.024459 -81.680748 -87.252955 -78.683774 -90.096207 -89.829463 
-85.967416 -75.734047 -98.595130 -76.906297 -82.262902 -81.543330 -91.506533 -81.474218 -69.481065 -88.360185 -86.730892 -66.931551 -76.157797 -77.960645 -87.639907 -76.478977 -91.698503 -92.341649 -82.234583 -87.690731 -72.006947 -85.263037 -98.311420 -91.970423 -66.188535 -73.444006 -95.598292 -65.047256 -89.099838 -68.968191 -72.480973 -71.168201 -91.442924 -99.131430 
-94.493846 -97.810048 -85.199049 -87.789787 -94.333230 -99.825918 -92.811105 -95.878870 -68.027513 -99.592573 -90.210215 -89.471767 -90.574343 -72.688676 -87.052073 -70.089847 -93.242452 -86.683158 -70.044012 -96.775673 -85.107555 -70.958419 
-94.308615 -79.000992 -77.020613 -81.235445 -73.811438 -82.378805 -94.426321 -90.528160 -93.376815 -73.840942 -77.526591 -81.042837 -74.122153 -76.617502 -96.084165 -99.538659 -92.472305 -70.276740 -83.522481 
-81.626065 -73.961432 -92.086378 -96.325845 -75.675796 -80.780412 -74.685941 -73.140018 -92.884445 -96.644273 -71.087315 -78.024190 -85.202546 -85.183936 -81.793919 -94.345736 
-92.931988 -93.833528 -67.639621 -97.441836 -76.938854 -77.685796 -87.040641 -87.970652 -78.909549 -68.138314 
-94.033401 -96.086015 -78.114935 -69.786449 -82.474666 -85.238141 -75.321909 -73.193567 -78.085587 -77.337667 -89.730487 -86.746627 -90.281149 -83.230083 -87.064150 -88.107853 -80.189863 -93.763858 -73.322006 -72.634667 -75.539817 -71.051103 -69.840419 -79.630830 
-69.710193 -78.060414 -81.495045 -92.718337 -96.820159 -82.991365 -91.691067 -86.435302 -89.329950 -68.109240 -77.933412 -78.373629 -87.193640 -85.846575 -77.300835 -86.873996 -87.573778 -84.424110 -74.837385 -87.640073 -66.077163 -88.654206 -87.767509 -88.311496 -84.095857 -89.324194 -86.433729 -72.242311 -80.013946 -72.233102 
-75.894755 -82.089322 -64.742002 -94.707839 -97.685619 -64.350363 -71.899787 -94.626766 -81.257536 -88.463208 -68.420406 -87.616640 -69.497018 -77.177441 -86.719813 -99.524768 -75.746052 -82.961644 
-86.377025 -81.760988 -86.696475 -73.149306 -69.148920 -72.326327 -95.325341 -80.561771 -81.579510 -88.254575 -74.512505 -87.448768 -96.794958 -77.430464 -76.718761 -81.367389 -74.417782 -75.510203 -76.503600 -85.437526 -87.072589 -96.126691 -89.423657 -77.237231 -89.740687 -91.836176 -71.351877 -83.138288 -69.511900 -88.184534 -87.566726 -72.925731 -69.954721 -92.125942 -84.383070 -78.984435 -86.131549 -69.232385 -95.659401 -83.540052 -77.500178 
-80.315635 -87.037587 -73.639204 -88.769061 -82.699691 -78.959439 -82.147741 -89.821169 -76.715730 -80.174941 -69.411980 -70.557562 -95.234616 -92.863481 -96.795190 -82.867842 -66.258566 -79.233644 -91.901289 -95.561174 -83.382033 -83.853401 -74.815335 -86.118421 -93.775019 
-93.760817 -97.116103 -65.603971 -76.072268 -78.985028 -92.862980 -79.357365 -90.176406 -80.558650 -87.170589 -93.738145 -89.773192 -83.482994 
-76.683148 -83.819320 -83.253270 -79.757027 -88.921958 -75.119081 -68.813032 -68.311063 -71.572141 -75.808332 -89.912518 
-71.740999 -78.792693 -90.279591 -88.411210 -79.970870 -83.236654 -82.038640 -76.997178 -74.317745 -84.720163 -86.181518 -81.646905 -80.377773 -81.443870 -83.091624 -82.237104 -69.797166 -81.671356 -78.015971 
-82.696720 -66.159377 -79.489119 -78.627774 -72.833019 -79.955222 
-79.450926 -77.415855 -69.951137 -77.046349 -76.582304 -73.041805 -93.519903 -78.969350 -74.594063 -73.381917 -73.872624 -82.311932 -70.330675 -77.214860 -79.311743 
-76.384601 -74.271198 -76.938947 -98.273048 -71.710139 -87.893574 -81.376908 -82.237901 -97.948340 -83.424955 -92.609373 -73.528192 -85.973821 -86.754378 -87.441856 -82.434800 -84.036490 -93.994446 -83.158018 -82.005137 -79.672921 -80.494833 -77.405554 
-87.491500 -82.727327 -77.299814 -83.011630 -94.737335 -72.605567 -81.107353 -81.577140 -89.769066 -96.071986 -88.591897 -76.307302 -75.233819 -65.712652 -66.749017 -76.300616 -65.760360 
-74.358860 -89.569703 -76.251729 -70.493688 -66.162546 -76.503691 -72.996233 -70.594954 -82.243970 -80.977614 -68.638592 
-98.931910 -79.495248 -86.349738 -92.551223 -69.990045 -79.161283 -71.361320 -75.856081 -92.465627 -80.510386 -70.079097 -88.534602 -72.285886 -74.828915 -93.301781 -81.859091 -82.269234 -73.375450 -84.808583 -66.787007 -84.011001 -90.193464 -76.664823 -95.988315 -91.730579 
-80.604542 -90.497083 -67.761528 -85.289579 -80.476202 -70.059389 -85.087869 -74.911368 -77.089880 -69.148461 -87.201924 -65.158181 -75.862206 -82.875284 -91.831916 -77.836519 -80.070341 -72.200141 -67.275200 
-70.078319 -73.447809 -84.178147 -79.235016 -90.859126 -67.922497 -78.447640 -92.414222 -65.690354 -87.492211 -78.284783 -67.169803 -73.911400 -86.354169 -80.362120 -88.716052 
-88.498170 -81.402598 -78.986217 -69.950453 -76.428260 -83.045949 -81.798240 -88.907788 -66.470009 -75.779945 
-74.597854 -81.777488 -87.591668 -64.474625 -93.941099 -86.828482 -66.013251 -68.990470 -72.461386 -65.326267 -79.784075 -71.240378 -72.962579 -85.566055 -87.369167 -71.361662 -89.332526 -76.109923 -79.917820 -94.382811 -86.526667 -66.120019 -66.873542 -72.781410 -85.925828 -88.776946 -99.162316 -75.402152 -83.299956 -71.033677 -91.139430 -79.940534 -76.614004 -78.674606 
-92.444692 -83.673874 -76.671712 -82.301376 -87.134922 -90.164749 -93.740285 -68.817730 -81.776779 -74.258262 -75.014583 -94.412141 -82.331467 -72.002919 -76.617206 -85.864821 -73.054177 -72.679114 -88.783945 -87.850924 -79.829652 -66.943740 -73.525400 -71.612944 -74.442693 -82.481541 -82.307211 -88.145044 -79.240998 
-77.412127 -94.603115 -76.085650 -89.388339 -89.607368 -77.433402 -75.293281 -73.872187 -82.892668 -89.406879 -74.587448 -92.044912 -96.996446 -86.882030 -77.538597 -92.213788 -83.462918 -91.156842 -83.910656 -97.600915 -69.807845 -83.533721 -93.766842 -93.551079 -74.616871 -86.365651 -74.908301 -76.018304 -78.865289 -67.661833 -76.989569 -73.317153 -94.943609 -90.720368 -76.408419 
-73.099679 -90.245386 -74.545444 -93.877509 -78.771394 -84.736754 -69.661222 -80.874486 -79.898227 -90.219227 -99.638543 -66.370093 -95.734924 -74.839583 -71.610188 -72.580270 -93.800095 -70.956628 -78.379145 -71.061895 -81.258460 -88.563556 -81.916292 -79.415648 -91.114993 -69.753153 -82.379523 -98.809356 -89.304412 -80.113944 -86.486999 -71.746413 -82.952737 
-91.777175 -99.129405 -80.191446 -76.704144 -76.804508 -72.481533 -70.895146 -67.199646 -92.161440 -93.888217 -76.238526 -80.946662 -81.448292 -85.911879 -70.199955 -91.027462 -73.026605 -74.576722 -77.248211 -91.050076 -82.219155 -88.585113 -72.147716 -90.951699 -83.542994 -67.632375 -76.582466 -79.035714 -71.278907 -69.077588 -82.816001 -73.554130 -75.378001 
-70.222155 -94.321940 -71.580149 -81.719554 -67.143786 -64.676579 -85.258465 -72.466136 -90.492490 -95.226401 -82.468214 -81.123921 -76.737816 -93.207445 -87.235384 -90.724475 -90.457908 -77.118427 -71.223833 -99.978916 -79.810164 -68.755129 -87.325671 -93.567910 -84.773241 -78.865501 -79.057682 -99.337313 -75.102114 -83.198933 -82.068672 -86.296739 -90.697804 -65.196604 -74.869378 
-69.747631 -81.425435 -93.127918 -85.991349 -81.355424 -82.969704 -76.006823 -90.468849 -98.330957 -99.638101 -85.532425 -93.514824 -70.703407 -78.833440 -80.595183 -87.325651 -89.443219 -72.510424 -70.995554 -79.970088 -73.219918 -82.205083 
-95.681851 -76.745984 -68.712890 -79.999593 -99.410960 -91.930108 -97.813076 -69.578719 -88.316587 -77.311823 -97.805305 -68.843946 -86.253479 -88.600924 -95.306568 -94.105058 -91.172969 -83.366642 -71.497306 -78.027725 -67.119060 -76.973243 -95.703366 
-73.948404 -95.174509 -74.078353 -77.189953 -77.980423 -71.989844 -90.532616 -70.214369 -87.044033 -86.013252 -97.786136 -69.956884 -82.968718 -65.221450 -78.245639 -95.990146 -84.946456 -93.014429 -100.754960 -77.590013 -72.766786 -95.644144 -94.792676 -71.996486 -74.619945 -78.055127 -82.654731 
-87.413264 -78.222484 -92.974521 -71.214502 -81.837248 -74.222399 -75.455580 -82.829944 -69.521636 -80.580419 -67.906272 -71.992959 -91.911139 -84.631331 -86.655610 -85.495185 -79.364461 
-75.823919 -92.266838 -83.844546 -78.821730 -68.469238 -76.219441 -80.576701 -82.933759 -77.431571 -90.094894 
-90.254659 -95.381877 -97.520725 -76.881211 -90.999211 -83.449936 -93.813428 -76.103330 -95.927445 -86.707592 -87.962666 -73.857575 -74.674457 -88.749133 -93.940216 -86.810628 -84.350772 -89.332860 -81.000114 -84.783026 -83.172304 -78.646607 -86.378185 -81.709723 -76.255668 -93.941469 -90.663674 -93.038699 -75.686770 -74.286142 -95.328556 -86.697050 -88.181891 -89.574139 -77.485951 -85.414060 -68.908848 
