22.737191 34.705801 39.192921 38.762627 40.002528 26.267601 31.253761 32.362264 22.589788 34.321412 29.371242 40.580699 44.289333 45.263987 26.684815 23.192281 37.379027 42.745467 31.651749 22.902175 39.258037 22.390491 20.225626 
20.893042 33.263958 35.080662 39.985178 40.181405 40.321408 20.625289 26.306693 42.226027 44.297233 29.221910 26.696204 30.729999 41.160013 40.490370 32.534182 30.195748 39.561551 37.031919 21.686727 25.906112 38.359270 31.773998 
29.989149 32.798801 39.378320 39.908339 39.704860 30.815655 35.577554 26.343228 39.090285 25.704455 29.622287 31.530338 39.165937 38.497371 39.974241 32.554634 42.072675 32.023293 
20.708830 33.312491 40.016524 28.171464 40.239267 21.016554 22.986107 25.386264 40.162155 35.210300 29.945044 28.083561 35.108425 41.678199 41.193357 28.600534 24.472382 41.969292 23.680557 29.946660 
38.111313 31.699477 34.672565 40.011973 40.408777 20.674241 30.593647 25.773264 40.369075 41.672897 30.123009 21.980787 23.736748 41.085888 30.979662 
37.344061 31.036023 30.195142 40.243010 40.791106 40.300721 40.355085 25.329698 41.251916 35.515550 29.944244 37.923879 21.556929 43.521365 38.848961 44.662853 21.974561 40.872015 20.816070 
30.170948 38.038230 30.576356 41.577694 40.855452 40.351963 40.355085 20.085011 30.360331 23.457377 36.313315 37.687140 24.710689 40.237306 34.060793 27.822796 31.584861 32.195917 22.763914 22.440480 22.406442 40.043414 34.090882 23.211599 
27.278446 36.970761 31.768567 27.442032 40.840957 38.687401 40.497806 36.820312 28.625894 23.407225 29.727206 24.787960 25.722816 32.288182 21.727580 29.435166 41.033189 33.416408 43.010076 45.111974 27.691247 38.258885 42.624802 28.833978 37.226390 42.774395 
27.347520 44.472585 33.619986 24.242086 40.762344 27.524173 40.164841 41.944127 42.472482 32.133442 29.549365 34.475771 35.042107 24.999714 35.240426 25.425945 41.014830 22.106354 30.538687 37.695306 44.164500 23.529760 
29.651656 28.679373 31.602956 26.756441 40.637982 33.205781 40.047421 29.092748 39.926123 33.000416 26.257365 32.966825 25.433021 27.120920 35.552423 23.590767 40.656612 42.007530 27.476345 
25.209734 32.831808 31.447182 25.812781 40.344871 40.931455 39.955579 30.421291 20.422350 30.535082 38.691650 36.083843 35.006385 31.167313 41.539424 24.460436 39.945983 32.281490 21.718389 32.099718 21.147514 39.315038 
24.721214 40.719245 32.888105 25.726995 40.669994 25.982192 39.285148 42.891975 34.878328 29.271488 37.089381 32.742223 41.371508 37.553473 27.952494 36.063051 33.162541 29.057512 26.599328 
38.006926 40.225888 32.469450 28.343846 39.456126 27.556833 39.174190 38.266098 29.494619 28.727906 35.372416 22.978633 39.591823 25.361675 26.687755 36.143421 26.790185 31.734437 39.658506 
34.599888 44.682944 33.322167 27.384807 37.921727 27.089745 38.991569 40.072689 33.194606 28.635906 25.019066 31.121414 38.248727 38.885549 41.519218 37.070588 39.781988 20.031658 37.449321 
33.568467 26.444738 33.114690 26.955132 37.408496 32.908576 37.363449 20.021768 36.559165 29.411382 29.169806 32.020672 37.963981 38.089636 24.603288 28.674244 28.383037 20.123456 
38.304971 31.742302 23.167850 40.197710 38.293975 43.920633 37.943114 23.224713 20.496772 30.256081 40.355655 19.847281 42.695963 42.677534 38.585260 33.236874 33.458672 27.869821 27.157475 23.320285 24.895973 33.481724 38.137998 27.012842 41.215297 41.637380 21.666652 26.397091 28.006690 45.064831 28.371223 20.736549 21.171140 27.632620 35.364719 24.724971 
39.721710 31.978491 23.590702 21.351858 40.309298 22.036558 39.313904 20.388973 37.035123 28.770845 42.637768 35.107205 44.664333 22.855058 41.174087 24.488723 35.402449 28.104942 35.119260 33.030284 35.307973 33.978830 34.182208 27.079368 34.026105 21.620603 25.337417 20.074423 37.615232 26.578156 34.967300 23.098313 30.968839 39.635818 34.262430 
34.212280 40.289643 19.777806 33.525057 40.121026 28.086673 39.931752 21.873499 43.625683 28.466906 39.797599 31.485836 41.278206 25.757999 33.257210 21.670868 22.826367 33.712130 31.687888 
30.126365 29.237024 28.249199 32.412998 40.135749 31.986107 40.528366 44.018066 42.275589 25.049896 31.310181 33.532914 24.737548 33.338831 39.930676 36.037649 32.302485 27.853793 24.737210 38.891397 32.446352 26.350696 22.444328 25.869897 25.778648 25.456296 29.103337 
27.131052 42.746816 32.306993 32.988385 40.047791 25.753400 40.372234 35.098382 23.729642 36.661990 31.452888 30.952129 36.798526 42.854943 21.243183 43.027443 26.056302 40.658333 24.956067 22.118676 
27.703914 38.537143 33.478011 34.289935 40.005419 23.116279 39.814735 39.451274 26.860734 20.734456 28.549930 20.985693 39.927795 24.669486 37.490906 34.001394 22.406080 26.553057 44.025495 32.092136 36.379595 
41.017439 33.362002 22.437480 40.368773 40.171478 32.472101 39.991673 40.186545 25.540911 25.554997 29.006761 36.388980 39.675028 22.669497 31.588252 30.477640 31.453143 43.640035 23.897980 27.408882 33.557844 37.072235 24.977925 35.673847 30.018002 34.477687 28.958004 34.823716 
21.505603 32.490235 27.405641 26.340289 40.075393 25.776210 40.088857 39.953779 26.837416 36.787965 28.396581 34.312553 42.459480 27.067177 32.869945 33.499358 44.923510 32.652513 36.888846 20.922723 31.416755 40.766247 42.388797 32.782108 28.577918 34.794350 25.913907 26.577846 38.693440 34.485595 21.976520 42.015982 27.942087 25.270923 23.943739 
28.615781 32.574895 42.047413 37.713721 40.137162 25.413178 40.109519 40.873611 31.939854 38.060364 28.826927 25.866210 25.779354 26.893899 32.351028 34.644668 33.576737 30.363811 32.836707 21.097898 
21.092820 31.090630 21.271252 32.596517 40.124248 41.780043 39.979781 26.045259 30.825654 41.321070 29.911851 32.198592 42.625632 27.738393 38.853158 26.433777 25.051787 23.632373 34.919695 25.763817 31.469619 22.905798 31.869186 21.192760 24.824456 26.181128 19.898791 34.133278 37.446630 41.389026 26.031747 
24.072798 33.084647 21.948203 34.185129 40.177317 40.019243 39.882950 29.930278 34.557988 24.449921 29.084630 32.949722 41.326056 21.748715 37.521853 25.285583 22.428673 35.847463 26.959740 21.115628 39.536239 29.486014 23.472164 20.343511 23.189245 24.750311 22.258485 43.486607 26.454510 21.786133 29.305417 23.661123 
39.046857 33.427848 25.627495 24.950903 40.311126 40.262692 40.248864 30.797123 25.427312 42.927327 28.201840 41.370114 35.022258 26.730564 25.212399 29.598747 24.074792 25.672806 40.882249 41.732896 27.297128 24.028583 25.829791 
38.705870 34.153498 44.000520 38.397843 40.421219 27.781699 40.427742 30.508292 41.806386 41.386811 32.380700 23.499523 22.966061 35.593051 27.461685 26.434726 42.611512 37.708195 29.083935 30.682225 23.006325 24.063021 39.434135 25.746582 44.021382 26.760742 27.012386 20.159236 23.145033 36.617750 
39.705071 40.284953 24.220680 27.790201 39.747025 39.686824 39.561814 31.122829 40.742782 21.558279 30.847400 37.315273 25.954000 22.026776 26.908760 26.709877 33.828032 40.690468 36.559934 33.014665 30.346688 25.475733 22.998271 21.292089 
25.268207 29.858787 42.143038 37.493294 39.656911 26.185131 39.415304 30.217038 21.059193 26.548157 30.262177 38.172536 36.661026 24.709825 42.743219 41.233992 25.730478 23.894480 34.127903 45.243259 22.340391 25.868632 23.138210 
36.460662 41.050176 42.909965 23.245263 38.612578 34.767998 39.245619 31.767901 31.969527 41.383813 25.207399 36.035188 38.197898 26.656018 34.722643 39.566540 41.082162 24.299410 33.752768 28.600876 22.421368 41.896112 29.372424 
27.541184 21.600407 23.022222 42.935174 39.025851 34.075385 39.777387 29.844617 31.161279 20.681831 36.629268 37.926441 43.349280 22.571064 30.304043 36.567494 42.052663 33.236376 39.780529 25.408989 39.963168 20.678246 35.436715 
39.826902 33.583292 25.369602 21.839507 38.946037 34.201975 38.342219 30.505947 30.857347 25.870720 33.734056 42.071353 32.065449 19.862953 39.475851 25.538660 
41.064850 40.101811 20.830215 24.892192 38.168704 41.540909 37.916245 28.681315 25.543869 21.201287 37.207692 29.832051 31.004521 27.295975 41.490490 31.386954 27.364466 20.780363 35.271373 31.826932 44.035086 27.775741 19.855732 39.527289 29.096683 25.857395 
29.981143 31.113125 23.126424 35.776869 37.415709 22.125777 37.818644 23.529267 28.648556 36.281029 42.535703 23.057830 42.410991 25.515512 32.124700 29.796759 42.469619 37.753684 35.485591 22.227849 22.682078 27.178675 43.425347 19.989045 
36.479597 32.839082 35.327738 42.956986 38.130206 26.581450 39.404628 24.430630 31.243010 37.799643 44.225420 22.854058 37.224883 23.558355 29.991880 26.534591 24.804687 39.802224 36.425297 25.285280 21.282858 
21.920056 34.331839 25.488914 45.248108 38.187560 38.222116 38.016156 24.289150 26.650680 37.574079 23.950393 23.709759 25.859222 21.736851 43.289181 27.737325 19.832440 45.007583 35.231169 22.259904 22.076574 21.879894 30.669945 29.038005 33.220393 35.297457 38.398962 27.133297 21.709482 
37.047230 29.568549 41.529698 32.544814 38.396689 26.452640 37.681474 25.863161 21.460053 38.059599 23.144255 23.682140 30.778925 33.618848 35.796273 29.134021 23.982880 44.407863 26.776420 34.424079 33.748233 30.451052 23.981477 23.763372 44.187159 20.740930 26.307781 
34.513104 37.057591 35.787406 21.430083 37.450297 42.081342 37.971818 26.942057 22.975679 24.994268 32.619131 37.362099 30.964014 38.183725 25.568465 27.198186 31.849643 22.795805 29.955199 25.994463 
25.220882 36.487290 35.432677 32.785011 37.624555 40.891744 37.820607 25.845930 36.464418 23.652780 25.341056 37.575384 37.827307 33.899679 24.051875 28.915814 30.853239 30.688334 25.185595 
38.688698 39.644220 24.394536 32.185175 38.034272 28.573263 38.124508 26.296491 23.475328 36.827659 39.086708 38.383501 35.554507 35.136556 22.204770 25.907090 32.962723 
42.287173 27.027905 34.775685 32.457601 37.977281 28.338219 37.558268 26.121274 43.282076 31.226028 27.939856 38.356692 20.681746 23.419454 24.237883 43.604592 29.549325 20.998925 25.381708 21.721055 34.291698 38.966664 43.613192 37.422053 30.115283 36.205304 23.675177 
26.349453 34.339196 36.888871 32.354203 38.458812 30.224796 39.461886 23.927405 26.303726 38.377782 30.942354 38.633441 27.806164 32.171520 29.541558 42.905975 32.544965 22.214642 26.261813 21.408681 35.605195 37.942909 41.050286 22.900889 36.913321 24.534718 23.796914 21.084071 30.785813 23.146869 20.275796 26.580596 28.769286 43.704273 30.483140 
31.851314 22.604273 42.323113 31.785661 39.172403 31.243373 38.948074 40.210005 42.596509 38.774978 21.007079 27.058688 40.926100 25.641356 43.129389 43.406009 34.897608 23.146399 33.215331 38.670858 19.987911 20.299437 24.019428 37.416339 
24.183347 31.205384 39.874177 33.223805 40.059881 30.593302 25.279043 36.492610 25.490394 40.267394 36.006292 38.572784 29.153210 36.501596 38.518744 28.430611 35.930304 23.337014 32.843106 32.262845 26.226057 35.166112 27.899677 23.406750 34.133814 39.859306 35.197365 22.914307 36.440555 22.181819 38.887907 25.769224 
42.657820 23.828822 39.474442 27.760686 41.804244 30.994851 21.870486 39.935824 23.688146 41.739397 26.229541 37.891517 26.002435 37.320980 26.157731 23.013186 37.814571 29.230102 22.352468 44.138795 27.602196 32.082308 33.076907 21.418059 28.199384 22.567071 20.953657 
27.631834 31.664783 31.056032 29.809726 42.165859 31.356155 42.094044 31.155081 33.375476 42.646089 34.902576 38.646741 21.568742 37.104877 25.983405 33.217747 20.428906 30.459274 21.028997 44.012939 19.973919 32.615477 22.801429 28.170807 24.564219 22.743258 29.233696 22.117767 34.207596 
29.150016 32.801803 42.030082 24.871155 34.006328 29.730126 44.486733 25.144812 25.248169 44.501115 24.256546 38.479608 19.826248 37.545286 30.401790 
35.411486 33.017832 40.068932 35.692940 33.734878 29.952337 22.299292 29.558649 25.058188 31.978791 38.986303 37.904752 38.133773 37.035145 31.548692 42.086929 42.874857 37.412736 34.432440 37.551965 36.092292 38.369283 43.309318 
41.788926 32.612847 36.884058 36.988214 37.267077 29.232553 30.411273 23.011036 25.588916 32.259407 31.832288 38.239583 28.596574 22.783671 33.573862 20.833249 26.265004 
38.871927 33.794821 38.176944 30.398775 37.976936 28.730431 27.085778 28.660200 25.245638 23.954846 37.487026 38.298436 35.385726 23.796093 28.407428 32.378113 38.635381 23.097329 39.738144 23.368366 39.917375 43.072509 24.709800 38.979302 23.511734 20.421525 
31.599237 33.001186 37.890896 29.632084 37.658866 29.468454 38.784255 25.968879 22.949101 27.130444 37.517830 37.786978 33.504427 26.942949 37.612857 28.442114 26.460283 36.797028 25.381352 31.202195 21.357080 
29.722007 34.382764 38.042689 36.920928 37.918308 29.610571 23.714872 25.273823 26.182194 40.478800 36.313566 37.996335 26.375623 23.532197 29.728392 27.566591 22.937755 20.662445 20.211645 24.934748 
28.472366 34.611121 37.670085 22.976939 37.582919 37.757030 21.718235 35.043534 25.046908 24.756038 22.384483 38.048428 21.817261 25.613063 41.200634 31.643438 28.316111 31.170154 26.961156 41.305474 31.496260 
26.039522 33.862984 38.472342 35.400494 36.678743 37.469813 31.242694 36.402247 30.729885 42.574696 37.780443 38.929799 24.139436 37.679853 37.963532 33.808518 41.529522 20.315391 23.483803 42.029595 21.982823 27.912268 25.012887 25.186432 21.238112 
35.032851 24.443718 37.785035 42.362049 22.033477 43.971229 29.897690 21.128593 44.986546 26.273743 33.460091 37.966276 26.874474 42.726431 30.346106 31.765356 42.650098 23.448079 27.008697 36.680578 36.547946 28.155078 20.130895 24.517353 20.848146 45.084974 32.399685 40.176897 
35.149124 27.083639 38.223040 20.543593 44.415503 29.258296 31.194485 34.245316 20.847799 39.216666 35.926678 38.014135 41.125194 42.427110 43.961046 35.650530 31.452674 38.293529 37.310221 36.236906 24.238640 35.842503 42.822467 22.824189 40.767402 30.916586 20.319745 
33.952755 21.266770 38.516414 45.046608 38.388500 27.835753 31.464575 20.411586 23.598973 31.768811 34.003119 38.635944 43.376113 20.341830 41.872092 31.214337 34.166143 37.350194 24.634121 22.585589 33.944451 34.422377 35.017731 
43.862672 28.374958 36.899950 41.141664 38.395950 21.077423 31.023661 26.437419 38.164226 31.238422 24.933932 33.665398 25.253230 39.555772 40.436014 40.009943 33.995366 26.928643 34.513572 34.401908 33.049991 39.910006 
36.878801 35.199689 38.477480 43.215806 36.642866 42.635555 30.678432 38.295728 39.509860 24.949384 25.707972 28.657249 34.961733 43.200572 38.437297 23.109557 25.308475 38.289537 42.646819 30.115864 35.939858 
37.527050 32.531467 37.797798 41.621285 32.375584 42.882637 31.887246 35.718005 22.142743 23.225784 32.183641 30.547573 21.696521 35.460953 37.927459 44.091011 34.415057 38.549807 21.098510 27.378388 42.299803 25.460273 30.827890 
22.461743 20.316234 37.578763 36.469579 32.865638 26.066652 31.188159 21.199535 36.139873 23.990868 37.619461 24.667168 44.840429 34.567388 37.425747 23.892885 39.537567 24.131496 25.826892 30.724615 44.701177 43.352581 22.470001 19.922748 45.282656 
24.289611 37.465206 37.920437 25.201454 35.706024 26.749393 31.294691 42.281693 28.590191 32.003787 33.262785 43.191249 28.326663 41.817561 38.156890 26.929681 41.013318 43.639150 43.668156 37.912540 25.722942 36.743323 43.271799 24.434542 20.951966 28.418259 
43.899870 23.955464 37.271537 35.890128 35.264186 24.794195 30.527821 39.247713 29.642349 35.216558 33.516402 37.603907 44.407324 35.955665 22.419749 37.167458 25.899683 35.054993 20.310181 
30.694278 24.717237 37.538594 34.494040 31.752554 23.310572 28.390121 33.695241 35.729212 39.005972 23.977470 37.616699 35.791717 24.326982 25.226768 38.264302 21.072509 41.145518 21.271393 21.823415 22.681061 39.517910 20.696286 21.523458 33.107476 
25.548769 24.634181 37.505921 23.773740 39.834708 35.087638 29.833613 37.263760 33.452083 23.052522 23.343090 37.439326 31.843320 24.108563 20.942662 29.992397 38.304394 21.876095 39.884988 23.215508 29.914944 30.132350 37.660271 20.432406 25.886497 32.339011 21.938768 
41.575126 23.244878 37.975178 22.448784 23.665725 20.273731 31.283445 40.849759 35.323286 38.019749 32.215688 37.372443 30.535147 21.500877 24.752784 36.625501 33.489644 22.182676 33.988036 20.788468 34.292156 31.128553 19.871209 30.711560 26.974918 
42.848869 23.686104 38.123134 39.966021 43.400250 28.242692 30.087126 26.116206 34.824508 39.513790 25.781110 38.129108 22.674970 38.192920 30.426560 21.692470 34.029496 24.380041 23.482358 32.248770 21.437313 19.760320 39.918022 37.595592 42.014013 38.982823 44.692749 38.247710 
28.690326 24.441697 39.523639 23.723762 28.617571 37.547135 29.138234 25.693275 35.091440 22.331845 40.134818 39.069732 34.531439 38.692451 33.932548 31.115177 23.890368 37.793444 24.293629 30.132830 28.226620 34.759607 31.897036 37.064811 25.419888 
20.919168 27.243389 38.961783 41.982978 44.505870 25.810862 32.024618 24.112205 34.325658 26.727200 23.089316 38.327433 30.558765 37.670444 36.920177 40.044819 20.576457 33.862561 28.969482 23.555394 39.989431 39.704161 28.662589 34.241641 36.231302 23.098007 26.360767 
29.429211 40.304164 38.516101 43.319849 25.506475 24.963462 32.957593 28.042578 34.132644 23.867465 28.590134 39.141725 20.193396 37.713013 32.133730 39.271888 25.505612 23.526052 20.268536 26.227416 33.138485 36.662795 35.322283 32.736063 20.870900 21.811920 34.960564 26.923202 21.947083 21.833267 
29.569405 22.742591 39.547861 25.524342 22.760608 39.831027 35.217782 26.919496 34.779309 42.684405 21.578932 39.532855 37.627198 37.204268 20.038260 40.703503 42.897876 40.500222 
39.477812 20.307549 38.358506 25.045292 21.312872 35.817964 28.050944 26.956611 34.917321 20.370519 31.006540 38.866040 29.252040 37.158655 26.191338 38.930022 26.611702 42.581669 36.189545 40.633006 45.410203 36.008063 39.652002 
37.340666 24.292165 38.963562 31.597908 33.395787 26.255431 22.442070 27.772494 45.090035 27.597914 32.251967 38.767866 29.342250 36.778930 42.672192 27.644154 20.859324 43.917001 43.506271 24.876524 23.447247 30.148690 22.056793 35.201743 27.724958 34.821202 33.979889 
24.966358 30.166046 38.398551 34.332301 41.684154 26.636897 35.973829 24.982321 21.573505 26.131868 28.476686 38.138040 31.114207 39.010862 21.821669 38.444505 27.373298 31.565887 33.945540 
24.425295 28.747214 37.635557 33.761086 32.365828 41.930899 37.484349 20.747083 33.715452 32.937850 45.019196 39.472074 30.265763 20.057956 26.776777 28.614875 42.117279 32.657547 38.644370 26.440538 34.245571 38.228360 29.104475 24.511026 41.071611 25.630306 39.952682 32.035584 26.408738 26.817314 25.598642 33.458909 34.327172 20.019286 
36.826740 28.304533 26.164405 42.389972 35.268156 40.798427 23.761626 21.758549 20.416231 39.567046 29.132014 39.591282 29.810221 32.713908 27.679970 43.967526 44.419382 39.265696 24.379383 36.799363 32.842909 42.784587 
38.628322 30.332987 25.203759 35.431703 25.972305 31.494021 36.400870 43.966502 36.654578 38.433128 36.757061 38.531112 30.337294 25.430304 29.775278 33.213398 42.492202 37.499178 44.619230 44.173791 26.069186 
24.576923 22.525088 25.682837 24.286955 39.578674 32.978485 22.799133 42.095618 36.978743 20.017468 32.283931 39.262603 29.957937 34.223006 26.387157 28.386296 44.428272 42.238272 41.995805 22.450371 25.113497 38.346656 32.286896 30.067303 24.355631 
21.900648 35.437357 37.221409 39.692147 39.062549 32.027179 25.321225 33.137400 27.274860 40.559424 29.229139 36.234981 30.399235 41.362783 25.073955 36.276918 43.987602 30.039365 44.122334 26.872674 23.144097 34.238383 20.734536 34.592399 20.224866 31.251868 31.835954 29.260452 
41.001458 26.998345 22.948744 36.861804 38.167962 32.997366 38.533680 34.658595 31.831963 31.905969 28.278073 41.470102 30.231049 41.928377 25.540343 37.168091 40.182470 40.540651 25.388623 36.321842 19.784260 26.279498 29.800977 31.911520 43.516935 25.585816 29.363644 31.148736 28.078073 37.376489 
24.614347 24.772274 30.926748 36.160926 39.459060 33.858972 21.827198 33.751726 37.321663 24.835244 23.828370 38.517705 29.043094 41.643489 27.751019 38.318049 30.654788 37.433266 26.642609 37.817095 42.865898 33.096738 23.435240 32.566850 44.469172 32.744448 37.260957 
23.227564 30.932535 26.347296 25.196964 37.698267 38.004365 37.389634 22.771254 27.527467 24.537669 33.001024 39.198236 30.569685 25.242552 25.972527 38.395890 41.987481 31.276172 31.008515 22.217913 20.463096 40.147891 23.358145 
29.635520 43.077348 20.603776 32.157161 38.325364 36.456190 40.234791 21.673100 37.090749 41.373572 33.109337 39.928061 30.227631 28.720732 26.851065 38.364254 44.289361 29.464657 40.160701 28.421522 24.271626 37.359826 38.486401 
23.284886 43.788536 27.657771 30.983532 39.554521 36.531234 35.385501 37.610409 35.180866 42.318470 33.473097 23.351991 29.276597 22.135277 27.377098 26.185833 25.910800 21.876242 20.787266 25.521036 41.189923 38.916772 29.947325 26.712350 24.111504 23.536714 24.580795 21.655507 30.791002 37.139235 
25.428591 24.021506 35.491797 29.351755 37.980724 40.546414 22.402094 20.295732 24.259928 33.483971 31.542864 39.024889 32.209045 29.343934 20.966132 40.922302 21.655646 37.911862 20.777347 28.905382 23.367186 24.511293 35.121659 
30.298667 36.062058 36.054528 27.177100 22.183440 38.492370 32.414885 38.434231 39.937520 41.441772 27.309474 39.227495 31.272757 29.135682 33.593864 23.666536 25.722611 37.062032 23.131407 30.251493 42.666107 24.821963 21.960956 39.665986 26.427817 26.524343 24.597400 
23.829747 31.449612 34.842167 25.541949 36.475811 39.321456 30.081627 37.594587 33.179927 22.357785 42.886576 38.066160 24.215475 42.184564 37.257517 26.676976 24.763242 36.363947 44.458114 31.121199 31.866257 22.893359 38.352183 22.492049 28.490676 
33.225931 28.913634 41.317642 24.934248 34.092721 21.269783 26.738450 38.998173 35.054513 22.292308 40.604518 37.601786 34.910696 21.145072 43.010530 37.335249 24.206706 20.734117 32.791541 20.478469 
35.167602 22.517308 23.044010 24.260039 35.246500 37.841724 23.085624 39.168145 33.565162 39.266001 41.712580 23.875995 35.594411 28.589843 43.426386 36.039319 32.380918 19.864217 23.114690 42.978699 44.203541 23.167811 24.935508 30.081268 43.384556 25.652472 35.698455 32.859138 34.897002 24.351699 39.336188 42.148108 
38.360323 24.492871 35.202718 24.769466 25.913231 32.164485 21.432701 39.243904 35.243740 39.459570 40.952339 24.287984 33.693794 40.373303 40.857033 35.994156 30.245371 42.112288 23.266300 42.767506 26.907932 23.483763 22.974519 36.957745 21.145290 
20.814515 40.322616 41.259084 25.913956 36.938801 21.083279 34.094528 39.899337 40.612607 24.850350 28.968870 30.981434 22.516294 34.160555 40.309565 38.634337 42.315994 38.682731 23.973786 28.910651 25.159615 26.222752 25.099473 
40.291984 40.298354 32.630332 27.093864 24.426678 37.508991 25.519659 39.939707 40.639076 25.793284 26.059872 30.291965 25.951591 34.156288 40.084309 37.364268 34.918266 31.981331 32.682954 25.702030 23.461306 22.141649 20.573635 23.565306 27.886206 23.171465 22.611601 36.210553 33.792590 25.597070 35.384178 40.709370 20.308154 
32.651142 27.972726 26.301144 27.070825 24.212985 40.030345 24.612307 40.055894 34.727936 40.857306 28.477052 30.808700 39.975874 42.555648 40.919440 23.066645 36.542111 40.085660 28.343576 21.450773 28.855251 43.196242 39.452121 29.122597 39.448012 36.485352 
33.989967 28.379602 29.940755 22.364363 41.655438 40.427168 40.658391 39.688211 22.302774 21.913610 26.251923 29.826012 37.545479 34.344160 31.538210 21.818603 39.272027 24.684474 42.389185 20.705795 28.480372 
31.225866 29.193775 24.694823 34.255310 41.489427 40.561342 27.313469 39.584206 26.939187 29.587483 26.281833 40.314086 35.400541 31.950481 24.106329 27.985814 34.907270 31.246104 38.911529 21.484811 23.136404 28.144052 23.021875 33.416362 29.247312 36.005600 36.836956 
31.596610 21.145686 29.580121 36.475563 32.955430 39.846693 41.649836 38.844873 41.079667 25.549537 34.056872 23.778709 35.202266 32.572522 29.948647 29.081348 21.555984 26.947798 25.034930 38.967848 20.531111 
30.204331 21.532921 28.922754 39.991720 26.135024 40.058378 39.656802 32.363312 22.991356 36.198993 38.358466 39.414553 30.868409 33.305747 24.831265 28.970176 23.729470 22.323450 
41.428792 22.796295 26.450627 40.038717 26.072917 40.058378 43.097974 33.369845 42.959727 36.261420 21.241461 39.301695 30.849940 20.222962 35.992251 28.704249 39.807789 42.589221 38.572390 26.058150 35.318717 35.931557 21.312149 25.618200 41.673037 25.085936 28.523893 42.850641 25.457605 21.038907 21.610165 
26.061362 28.123015 27.569858 39.309952 25.777105 40.296313 31.360284 33.254607 39.813018 36.322394 34.449669 39.682385 22.655159 42.685893 38.409269 27.118664 39.364262 44.305691 22.564675 40.337369 29.060479 19.779915 20.006197 30.142334 25.603346 22.577101 
