0.688077 2.368730
0.578918 1.446918
0.609629 2.710929
0.830470 3.060866
0.566445 2.290997
0.526618 3.932636
0.666711 2.254001
0.629983 1.568755
0.663128 2.054534
0.430629 2.200974
0.386476 1.590105
0.375145 1.466023
0.570427 2.339243
0.711354 1.667508
0.749510 2.740753
0.724454 2.223963
0.816192 1.343713
0.576041 1.444116
0.492598 2.798197
0.761583 0.893299
0.759837 3.186915
0.297408 2.880009
0.763758 1.891651
0.768669 2.122944
0.466252 1.280984
0.335799 1.793694
0.620643 2.163190
0.748406 1.021838
0.479924 1.676744
0.480505 2.172011
0.375512 1.049246
0.508783 0.996817
0.664700 1.775922
0.509016 1.230045
0.369446 1.938212
0.404413 1.323010
0.503265 1.604230
0.595876 1.620560
0.847029 3.015658
0.811110 2.443895
0.544032 2.066374
0.723835 2.133993
0.634778 1.240547
0.655980 1.876914
0.794540 1.674753
0.692947 2.181220
0.414734 2.752859
0.592169 1.555216
0.639110 2.809556
0.698168 3.375026
0.467559 1.816283
0.368536 2.373660
0.682784 2.220863
0.528323 1.702250
0.745007 1.786160
0.543798 1.081449
0.645052 0.853917
0.419185 2.159249
0.490467 1.846891
0.709904 4.389424
0.741571 3.009533
0.572933 0.926130
0.644609 1.625963
0.617614 1.722378
0.778149 2.080589
0.589841 2.160738
0.620061 1.716999
0.719787 2.089770
0.610151 1.941248
0.634817 2.048799
0.653161 1.716983
0.371275 1.026186
0.535697 1.481150
0.568235 2.267007
0.710294 1.988111
0.553485 2.384854
0.810129 1.349895
0.793853 1.379839
0.416067 1.284566
0.531239 1.891823
0.459278 1.423998
0.493634 1.896926
0.455687 1.426148
0.535498 2.655957
0.600900 1.515062
0.697424 2.566910
0.883561 2.303075
0.700618 1.957875
0.448890 2.050283
0.507343 1.563207
0.744038 1.513405
0.777206 1.698401
0.564520 2.642557
0.348764 1.559159
0.832169 2.172538
0.302077 3.000038
0.549056 1.848049
0.606677 1.367695
0.702264 2.131139
0.695930 2.490187
