1.078160 0.866693 0.911882 0.908180 0.805368 1.086450 1.160519 0.961268 0.814905 0.973016 1.021100 1.163743 0.867957 0.813309 0.842299 
0.979117 0.956879 1.041963 0.953467 0.812407 1.080644 1.081640 1.224568 1.193292 0.926722 0.857631 0.949019 0.803416 0.908784 1.104447 1.023332 0.926085 1.103399 1.142006 0.915936 0.859781 0.913838 1.163061 1.152162 1.126806 1.186940 1.022891 
1.155721 1.246490 0.950891 0.798196 0.836519 0.877076 0.841589 1.010087 0.956010 0.958485 1.050916 1.009048 
0.905961 1.248648 0.798012 1.210547 0.904325 0.841528 1.048844 0.817637 0.852847 0.830519 0.836945 1.209168 0.921986 0.972512 1.228836 1.143004 1.246934 1.007621 1.159759 1.034154 1.183916 0.845449 1.111946 
0.805446 0.835792 1.250298 1.081626 0.893765 0.824566 0.929787 1.044794 0.910110 0.967018 0.923110 0.857195 0.949263 0.940271 0.867312 1.063204 0.856310 0.917193 1.000381 0.878515 0.905705 0.959573 0.826825 0.938093 1.201184 0.825820 1.221406 0.914576 
0.916135 0.840688 1.164605 0.958777 1.105460 0.871383 0.839139 1.014978 0.979217 1.006250 0.904431 0.875417 0.889255 1.224752 0.927765 1.152599 1.003572 0.906568 0.995082 1.149413 0.836477 1.007135 0.857486 1.126831 1.126951 1.118978 0.893619 0.864439 1.125576 
0.882017 0.998253 1.203019 0.853266 0.942051 0.924841 0.839391 0.996167 1.069467 1.056710 0.795110 1.148125 0.862570 
0.892867 0.961143 0.849016 1.256587 0.943236 1.212691 0.982531 0.837346 0.831197 1.016517 1.240141 1.039649 1.013403 0.846485 1.258300 
1.222958 0.937827 0.864405 0.993442 1.015521 1.031836 0.925613 0.933921 1.155761 1.007359 0.821826 0.829133 0.956720 0.966920 0.860101 1.182239 0.835498 1.056413 0.833155 1.172074 1.212990 1.155716 1.188926 0.939054 1.185380 
0.824031 1.239882 0.844344 0.909292 0.901380 0.864511 0.908525 0.810229 1.175267 0.870570 0.829266 1.178200 1.120300 0.958027 0.952694 1.001792 0.796502 1.052806 1.112418 0.818887 1.000518 0.966268 0.961300 0.905248 0.803333 0.836972 
1.031272 0.886282 1.165845 1.179491 0.852122 1.154949 0.953736 1.130560 0.920745 1.200265 0.815876 1.039384 0.916728 1.064465 0.981323 0.886346 0.956355 1.160089 1.125254 1.114469 0.794404 0.936156 1.033855 
1.051584 0.934337 0.900275 0.833940 0.975175 0.860662 1.198458 0.840011 0.864731 0.983018 0.807969 0.878920 1.168424 0.909145 1.224713 0.931744 
0.867375 0.798043 1.172514 0.947073 1.139248 0.808181 1.020971 0.896955 1.214049 0.798382 0.911752 0.991354 1.043018 1.050720 0.854404 1.188861 1.103805 0.800128 0.956767 1.225056 1.234526 0.960468 0.997989 1.006401 0.970177 0.834396 1.116012 1.065772 
1.132963 1.066820 0.902135 0.871515 0.936286 1.093476 0.940701 0.951883 0.900007 0.889688 0.993699 1.253457 1.017040 0.970638 1.220337 1.190456 0.993914 
0.939905 1.053442 0.833178 1.163219 1.073379 1.107926 1.118734 1.008232 0.953687 0.974520 1.236338 0.862238 0.889806 0.811169 0.858109 1.007954 1.186511 
1.088076 1.172977 0.883865 1.175654 0.930766 1.171158 1.246685 0.831927 1.000378 0.988765 0.797579 1.204462 1.058736 0.850811 0.914376 1.221360 0.797911 1.040320 1.121336 0.965029 1.247141 0.894128 0.857729 1.134025 0.979286 0.801993 0.927293 0.914088 1.205294 
1.249799 0.960577 0.882371 0.906449 0.819466 0.967659 0.854594 1.156913 0.927066 
0.849853 0.969059 1.215307 0.935887 1.192990 1.160362 0.815992 1.188397 0.798417 0.960106 1.019338 0.960942 1.046437 0.827410 1.089765 0.797959 0.845586 0.901918 0.840737 0.956546 0.908981 
1.039306 0.807012 0.888937 0.851501 0.958944 0.820108 0.921682 1.140120 0.977711 0.858997 0.885754 0.830841 1.219710 1.131402 0.950529 0.951250 1.183482 0.869707 1.041409 0.937611 1.182244 0.952421 1.162602 1.185056 0.879702 1.176676 0.937678 1.130641 1.166612 0.899171 
0.841090 0.858031 1.075503 0.930460 1.006533 1.069966 1.135825 1.219972 0.938636 0.808581 
0.920502 0.917292 1.053492 1.013660 1.082720 1.045030 0.927059 0.869045 1.180759 1.015858 1.095436 0.794595 0.997085 1.014339 
1.036340 0.886338 1.160160 1.140253 1.082720 0.967503 0.812552 0.920213 1.015858 0.973285 0.928485 1.113158 1.021507 0.855179 0.933298 1.041292 0.868757 0.975785 1.084712 1.029413 
1.127796 0.977962 1.144212 1.219422 0.851628 1.131694 0.906064 0.856477 1.150782 1.045982 1.014656 0.856934 1.109044 0.807697 0.951536 1.014741 
0.818217 0.931405 0.884943 1.056255 1.248906 1.030591 1.150012 0.900502 0.869996 1.071985 0.963300 1.231566 0.975679 0.840603 
1.144414 1.055944 0.946960 1.077294 0.999426 1.232578 0.902167 0.987199 1.091886 0.865654 1.190945 0.954328 0.985304 1.032350 
1.199273 1.159447 1.147686 0.873955 1.001952 0.825699 1.030766 0.823637 1.087951 0.796179 1.093233 1.038681 1.217485 0.989066 1.018840 1.161533 1.169522 1.059200 
0.890665 1.068135 1.162022 1.074564 0.827967 1.036217 0.889193 0.883988 1.013472 1.115673 1.030703 0.857820 0.896787 1.000386 1.010638 0.892269 1.001982 0.809146 1.123842 0.820000 0.998808 1.000457 0.990474 
0.813943 1.092670 1.073492 0.907710 1.145028 1.109162 0.961308 0.915801 1.005745 1.043996 0.969114 1.209382 0.816198 0.992678 1.156337 1.235830 1.001366 1.111155 0.826888 0.989198 
1.125447 1.103689 1.034165 0.997101 1.120047 0.899749 1.095865 0.915286 0.998322 0.886941 0.964890 0.824391 0.838633 0.902577 0.953345 0.942249 0.885572 1.123451 0.840072 
1.028261 1.253350 1.063792 1.011197 0.898606 0.877290 0.811881 0.910831 0.941002 0.816200 0.907952 1.140264 0.879832 1.227375 
0.924494 1.224387 0.910684 1.073912 0.871462 1.024777 0.928442 0.963259 1.123628 1.110984 1.221461 1.144357 0.916904 1.015035 1.008115 0.798323 0.940167 1.159025 0.802902 0.893747 0.878265 
0.878055 1.018614 0.834073 0.926873 0.987155 0.963719 1.114621 0.942138 1.041150 0.816116 0.866985 0.830825 1.255852 0.907740 1.112843 0.992143 0.991291 0.866604 1.188635 1.037534 1.191703 1.027839 
1.130308 1.150226 0.821292 0.940028 1.162935 0.940563 0.902513 0.915763 0.967421 1.005005 1.091058 0.883012 0.854999 1.073791 1.087793 1.190686 0.878854 1.040583 1.230322 0.938051 0.849667 0.945125 1.066049 0.964773 1.252262 0.964026 0.942096 0.963518 
0.856586 1.043888 1.096032 0.906354 0.876357 0.829423 1.178107 1.088735 0.912608 0.960286 0.818489 1.238676 1.046131 1.009403 0.799946 1.073983 0.802874 0.832457 0.940882 0.798014 0.841657 0.978799 1.177936 1.039591 1.245761 
0.996919 0.903277 0.866567 0.922574 0.991908 0.927822 1.061838 0.846189 1.021098 0.899658 0.813411 0.849764 1.012402 1.178730 1.078329 
0.855330 1.237359 0.896694 0.957160 0.894787 0.992789 1.127307 0.827840 0.937626 1.206182 0.969737 0.982880 0.907894 1.028877 0.933882 1.250270 0.942423 
0.814196 1.100512 1.187275 0.877959 1.137481 0.884818 0.942585 1.154330 0.979866 0.906636 1.033665 0.975713 1.181033 
0.876842 1.193532 0.981376 1.156003 0.814457 0.898119 0.910132 1.076301 0.878721 0.984810 0.893745 1.072182 0.967253 0.944507 1.000270 1.140134 
1.155891 0.953657 1.051925 0.811308 0.998051 1.023983 1.119833 0.815769 0.975283 1.184918 1.241399 0.861788 0.869138 1.092513 0.866568 0.920663 1.161149 1.153844 0.973851 
1.029325 1.090533 0.972984 0.893903 0.884228 1.215510 1.088341 1.153081 0.951187 1.153891 1.056061 1.235778 1.150057 1.022849 0.866012 1.116912 0.943545 1.149022 0.908158 0.973443 0.879068 0.932027 1.214499 0.934662 0.842273 0.919079 
0.968324 1.170675 1.053033 0.976371 1.009644 1.107601 0.922236 0.814497 1.209282 1.258885 1.160846 0.944259 1.155213 0.918591 0.882330 1.009254 1.009095 1.008224 0.942119 0.866539 
1.017385 0.993043 1.147360 1.013083 0.945179 0.999192 0.952923 0.844802 0.905192 1.010854 0.964982 1.008075 0.802977 1.062494 0.843731 0.835200 0.911211 1.000583 1.141795 0.995898 1.120510 1.080552 0.875539 0.887497 1.059056 0.899355 
1.144655 1.072411 1.009757 1.017132 1.119163 0.958003 0.798175 1.035483 0.825745 1.230383 0.888939 0.833829 0.916651 1.138446 0.975997 1.053482 1.005538 1.243469 
1.014882 1.006392 0.940386 1.172396 0.907092 1.078121 0.959069 0.994571 0.837255 0.815223 1.015468 0.802636 1.137127 1.215969 
1.170134 1.059067 0.980644 0.982224 1.191876 1.030005 0.885722 1.193832 0.972762 1.015592 1.096015 1.238450 0.987724 1.008181 1.087981 1.032771 0.900165 1.121094 1.072629 0.916229 1.234327 
0.828201 0.969733 0.877767 1.103663 0.946018 0.919283 1.016401 0.968770 0.840310 1.136082 1.045554 1.123301 1.069981 0.984452 1.024600 1.161607 0.804181 1.100903 1.215790 1.162544 0.999503 1.128040 1.063293 
0.940317 1.062869 0.831317 0.805682 1.003488 0.887086 0.897968 0.959720 1.067529 1.168399 0.972917 1.113699 0.894881 1.011687 0.950336 0.850071 1.103141 
1.015905 1.115889 1.047636 0.993050 1.231115 1.025993 1.172875 0.960485 1.111299 1.142134 0.935850 1.150229 0.819919 1.047639 1.088821 1.022653 0.810673 0.839973 1.109966 1.009846 1.095292 1.078225 1.021706 0.835838 0.908559 0.902895 1.230812 1.110261 0.803670 1.024022 1.208869 0.804438 
0.803908 0.817674 0.869929 1.054905 1.098085 1.025993 1.189751 0.991355 0.898643 0.898548 0.835647 1.039859 1.188355 0.985285 0.980847 0.809008 1.203307 1.027629 0.824331 1.131669 1.172750 1.063894 0.852311 0.874520 1.108910 1.256820 0.968414 
1.158340 1.040924 0.981360 0.924244 1.158294 0.832710 
1.120551 1.120818 1.173788 1.030097 1.200461 1.234185 1.084646 1.125755 0.814688 0.853361 
0.879720 0.942557 1.128411 0.811037 1.200488 1.082014 0.861402 1.213826 1.047857 0.859397 0.826081 1.159860 0.991632 1.072415 1.028716 1.052306 1.137484 1.121204 0.991931 1.094186 1.179496 1.049230 0.992223 
0.997760 1.255113 1.055268 0.801275 0.919482 1.113346 1.034674 1.204603 1.027273 1.140363 1.112514 0.912623 1.180579 0.843945 0.819997 1.135155 1.052361 0.872308 1.242133 1.187960 1.190089 0.844776 0.939993 0.891360 0.875414 0.906352 0.934374 0.887065 1.005460 1.141097 1.142382 
1.057681 0.903918 0.903246 0.854713 1.011510 0.984028 1.130529 1.169879 0.890336 1.096387 0.836412 0.948856 0.863217 1.083989 1.002837 0.947786 1.016006 0.879662 1.070943 0.942221 1.123048 1.190912 0.820333 0.949778 1.100977 1.009830 0.879774 1.081750 0.949670 1.048370 1.008634 0.947081 1.129662 0.892614 1.010350 1.116624 0.818096 0.883416 1.006931 1.238641 0.978127 0.874814 0.848564 1.021047 0.951089 
0.905242 1.051208 1.024552 1.164826 0.966384 1.117381 0.988947 1.098927 1.107680 1.022147 1.052493 
0.997047 1.040167 1.052889 1.060528 1.076003 0.914411 1.123349 0.986409 0.925957 1.207776 1.170965 
0.880282 1.099033 0.879338 1.060528 0.863669 0.970053 1.085890 0.845346 1.012473 1.097378 1.064828 0.950502 0.847983 0.879001 1.124947 0.909504 0.979361 1.220780 0.879832 1.025544 1.073393 0.955773 0.809773 1.002611 0.974993 0.983562 0.804525 0.905421 
1.248540 1.141975 0.968300 1.087029 1.166106 0.895583 0.967081 1.027652 0.840310 1.087558 0.969026 0.999418 0.957965 1.130993 1.172214 0.995554 0.878089 0.885792 1.058136 0.953701 0.924875 0.983333 1.133454 0.894165 0.869866 
1.054732 0.957789 1.106044 1.126024 1.168632 1.117711 0.987836 1.042271 0.964701 0.950805 1.119562 1.027689 1.042451 0.837641 0.794416 0.899287 1.013758 1.142475 1.212347 0.816776 0.800714 0.848264 0.902926 1.028342 0.824932 1.182528 1.223279 0.828949 
0.846652 1.186471 1.071003 1.073693 1.181213 0.820555 1.024681 1.176560 0.912536 0.999887 0.959869 0.829794 0.970496 0.994888 1.047002 1.143514 0.896969 1.122957 0.984081 0.953290 1.238742 
1.211548 0.989371 1.053414 0.924342 0.990543 0.954717 0.997484 0.881590 0.917679 0.907486 0.831275 0.911591 1.093688 1.035660 0.920523 0.976804 1.160328 
1.174195 0.986068 1.046570 1.250969 0.938950 1.127231 0.810595 0.977164 1.040384 1.126184 0.958730 1.060487 0.940441 0.928995 1.003347 0.895214 1.211809 1.088152 0.965199 0.856989 1.243981 1.211643 0.915003 0.936163 1.257246 0.849647 0.803093 1.106683 
0.863135 0.959854 0.835486 1.093207 0.877205 1.189927 0.927350 1.005958 0.918896 1.155553 1.134045 1.201438 1.245028 0.869962 0.999715 0.883985 0.983249 1.104065 1.207497 0.947353 0.967212 1.086397 1.000838 0.951417 1.128078 0.974032 0.921548 
1.231953 0.946589 1.177348 0.994927 0.837056 1.141791 0.956778 0.906473 0.932430 0.830478 1.038794 0.960725 0.901129 1.049106 0.803759 0.971111 0.870216 
0.909595 0.954900 1.012839 1.237390 1.034371 1.089936 0.970559 1.162204 0.974180 1.244448 0.809856 0.963443 0.845211 0.829112 0.968693 0.876054 0.846824 0.815655 0.843652 0.966737 
0.881625 1.125343 0.941953 0.839852 0.860836 1.121826 0.946750 1.043222 0.958851 1.122913 1.201297 0.932971 0.832248 1.192454 1.217087 0.906326 1.146544 0.841938 0.991548 
0.849884 0.917161 0.851324 0.952014 1.028207 0.803125 0.894249 1.247856 0.977568 1.095603 1.090695 1.200261 1.151779 0.843955 0.971447 1.105431 0.844396 0.874179 1.012448 1.090124 0.822683 0.991934 0.899961 0.855554 0.920679 1.094788 0.935102 1.123046 0.921307 0.861560 0.810971 1.107231 1.154957 0.837730 
0.978431 1.146959 1.005969 0.853608 1.020558 1.004315 0.922946 0.963017 0.965144 0.854651 0.811658 0.847084 1.255523 0.908871 0.911475 0.842785 0.961259 1.031376 1.002107 0.814222 0.902772 0.873391 
1.023788 1.068120 1.136010 1.257123 0.961018 0.841294 0.962090 0.945351 0.955678 0.950728 0.922372 0.858834 1.033780 0.829121 0.932718 0.800277 0.873420 0.811897 0.903557 
0.954734 1.049671 1.173969 0.928824 0.950728 1.191182 1.011350 0.978250 0.843757 0.887209 1.193195 1.040961 0.885227 1.019949 1.101608 1.083284 
0.912804 0.954503 1.108958 0.854716 0.976571 0.978572 1.027293 1.009919 1.093098 1.045931 
0.888711 0.951616 0.944711 1.060548 1.092871 0.909324 1.148453 0.908593 0.900971 0.978039 1.207355 0.885862 1.245891 1.140730 0.960425 0.912885 1.005780 0.912274 1.128075 0.904337 0.977615 1.022734 0.942410 1.166860 
0.966214 1.257183 1.014869 0.921849 0.830403 0.954886 0.852135 0.833430 0.948124 0.984796 0.949462 0.821273 1.084638 1.149974 1.126778 0.936886 1.225654 0.895794 0.841162 1.223041 0.795164 0.905682 0.894271 0.828259 1.190510 1.134587 0.819245 1.257678 1.128621 1.132072 
1.165290 1.216626 1.053084 0.926871 0.967333 0.905235 0.948485 0.815816 0.923549 0.811631 0.990107 1.046700 1.227693 0.830286 0.883764 0.849583 0.964109 0.884264 
1.127076 1.084641 0.860792 0.888694 0.956296 1.226773 0.872639 0.854526 1.040630 1.182143 0.920223 1.172021 0.835161 1.125514 0.980016 1.122234 0.963030 0.892700 0.872516 0.868534 1.186155 0.894932 1.170079 1.182884 0.812783 0.862187 0.835709 0.996965 0.929327 1.153739 0.920824 0.823241 0.862233 0.938628 1.020987 0.828552 0.887120 0.993392 1.225655 0.852328 0.852763 
1.129215 1.090049 1.036242 0.916228 0.855452 1.124229 0.910634 1.181299 1.098659 1.048997 0.976757 0.819517 0.821370 0.910678 1.005274 0.807787 1.237920 0.889449 0.858141 0.862424 0.995522 1.011540 0.895575 0.964548 1.015270 
0.917756 0.817611 0.968262 0.831679 1.237076 0.820385 0.916449 0.940020 0.796065 0.828647 1.053900 0.978679 1.108265 
0.930591 0.970345 1.001740 1.108486 0.864442 0.939602 1.186271 0.812004 0.999890 0.978369 0.903824 
0.995504 0.945530 0.980467 0.891724 0.920481 0.835263 0.870350 0.904254 1.151196 1.086728 0.819611 0.981567 1.170122 0.994682 0.920767 1.017472 1.084616 1.054147 0.840865 
0.837408 0.981256 1.039846 0.838557 1.006288 0.905464 
1.142446 0.835446 0.875621 0.837778 1.147740 1.156434 0.838417 1.102753 0.936207 0.894285 1.219558 0.940640 0.973459 1.204469 0.994529 
0.835843 1.139753 0.882578 0.833509 1.173543 0.906422 1.236378 0.820927 1.094011 1.118502 0.812846 0.955598 0.838639 0.797561 1.136187 1.037666 0.813120 0.859387 0.958344 0.883607 1.068717 1.101862 1.104378 
1.218563 0.882825 1.156360 1.182005 0.822867 0.904049 1.057679 0.925363 0.880774 0.890806 0.893239 0.948377 1.096010 1.164823 1.014971 0.821777 0.948073 
1.011666 0.936060 1.023977 1.079151 0.803737 0.994243 1.069178 0.867172 0.794987 1.158972 1.043899 
0.978746 0.876332 0.930518 0.842889 1.208553 0.863700 1.229507 1.019667 0.949457 1.214602 1.091660 0.871435 1.037521 1.132080 1.024079 0.885974 1.150765 1.031212 1.028688 0.896533 0.815108 0.938231 1.018376 1.101556 0.923281 
1.042016 0.972361 0.865690 1.127853 1.202012 1.109079 1.170844 1.050174 0.933650 1.005303 0.847399 1.020019 0.885994 1.138824 1.024079 0.842000 0.921200 0.829254 1.028702 
0.983160 1.095092 0.979031 1.132681 0.952118 1.090650 0.999491 1.044263 0.922319 0.845564 0.994380 0.888002 1.101588 0.991970 0.886528 1.036188 
0.951645 0.861493 0.971641 0.880318 1.047771 1.240206 0.801842 1.072509 1.110871 0.928804 
0.848015 1.228737 1.041760 1.037639 1.241954 0.865879 1.184279 0.935674 0.898669 0.801972 0.862005 0.959482 0.808836 1.160490 1.058772 1.077333 0.961073 1.035373 1.036428 1.036783 0.799938 0.818032 1.158186 1.088843 1.100201 0.867887 1.038957 1.064481 0.937565 1.167794 0.991864 1.001681 0.922411 0.896807 
0.844522 0.853237 1.239867 1.095814 1.168160 0.946516 1.038643 1.085442 1.255571 0.954449 1.047422 0.980171 0.916112 1.018411 0.948244 0.873846 1.238064 1.164755 1.179046 0.799994 0.946336 0.878736 1.075050 0.985171 1.064467 1.186149 1.140936 0.862198 1.163245 
1.160081 1.241770 1.003751 0.916241 0.929828 1.006600 1.029336 1.100640 0.911577 0.996041 1.047422 0.975943 0.958159 1.118305 1.211128 1.079669 0.941637 1.141877 1.256719 0.829581 1.198845 0.794770 1.006229 1.125674 0.975228 0.921266 0.918607 0.922228 1.186066 1.189625 1.253604 1.152336 0.804750 1.036058 1.189472 
1.150682 0.921260 1.028691 1.166245 0.848028 1.241084 0.834234 1.225660 0.861579 0.966293 1.132401 1.088278 1.025861 0.810393 1.159182 0.816481 1.140079 0.869105 0.855686 1.157475 0.926375 1.069646 1.156345 1.218530 0.896377 1.087100 1.041362 0.925950 1.237446 1.009717 1.227917 0.935694 1.145289 
1.015705 0.929262 1.121053 0.994524 1.224748 0.975704 1.170721 0.931610 1.034475 1.030663 1.060586 0.834363 0.922013 1.061274 1.056516 1.104342 1.018862 0.895572 1.039491 1.047187 0.848419 0.965221 0.882732 0.922574 0.801606 0.823765 0.980655 1.098890 1.051269 1.141154 0.875865 1.174917 1.179078 
1.093379 1.057157 1.235258 1.194526 1.000146 1.030817 1.120764 1.032412 1.121540 1.126294 0.940024 1.238094 1.027214 1.214969 0.944771 0.964201 1.153591 1.056827 0.826121 1.203695 1.051700 1.160437 0.951516 1.169154 0.821223 0.813692 1.064410 0.880237 0.841000 0.885722 0.917392 0.904948 0.940794 0.860104 0.868399 
1.077767 1.000696 1.183098 1.126774 1.206945 0.905323 1.023297 1.008740 0.973071 1.191757 1.118863 0.870964 1.211982 0.944484 1.160183 0.855415 0.968173 1.035201 1.242069 1.187322 0.854978 0.828992 
1.060298 1.065897 0.878493 1.055249 0.941583 0.914866 0.964980 1.138318 0.882286 1.248572 1.073552 1.204561 1.044426 0.916261 1.186949 0.959093 1.057334 1.091347 1.108662 1.228567 1.176975 0.932943 1.044507 
1.052070 0.983414 0.831803 0.873598 1.016931 1.182644 0.967726 0.988240 0.902289 1.095128 0.983709 0.805720 0.934469 1.112773 1.001749 1.025963 1.002034 0.842043 0.974193 1.165653 0.987176 1.076061 1.240481 1.111209 0.827603 0.910424 1.022900 
0.984114 1.065463 0.978951 0.875546 0.979483 1.095674 1.040268 1.212649 1.023559 0.960002 0.943852 1.236299 1.003350 0.984012 0.806359 1.186229 0.855661 
1.209670 0.982101 1.096712 1.026136 1.101838 1.132588 0.820670 1.133474 0.842000 1.025555 
0.973470 1.149964 1.174325 0.904033 1.254927 1.054502 0.994689 1.075483 0.962774 0.923813 1.004332 1.019798 1.100039 0.943077 0.982392 1.195226 0.805458 1.078111 1.195995 0.905204 1.056754 1.182543 0.953929 1.184304 0.932689 1.090702 0.947275 0.962091 0.932082 1.189590 1.009340 0.974170 1.233466 1.184704 0.872986 1.044235 1.115128 
