  0.324097 615.952500
  0.316433 612.290909
  0.329274 618.311116
  0.321620 604.652354
  0.316214 601.171792
  0.313104 589.098703
  0.331469 615.918636
  0.311737 578.142473
  0.305854 602.026516
  0.325019 611.605491
  0.326862 632.122837
  0.317644 608.984487
  0.304156 593.470534
  0.314053 582.154995
  0.339571 596.011122
  0.327628 624.614180
  0.327437 610.382147
  0.319388 624.374492
  0.322007 617.036166
  0.315254 576.309050
  0.287075 621.653140
  0.283459 589.114476
  0.274065 614.073293
  0.271923 629.403264
  0.276463 596.165610
  0.266902 680.764438
  0.267629 626.883270
  0.266769 617.704382
  0.283519 588.261344
  0.284663 632.150324
  0.290540 561.105642
  0.303295 627.940432
  0.305186 565.382469
  0.310386 608.346063
  0.312870 607.099401
  0.310805 636.707271
  0.284383 625.659700
  0.298255 629.599646
  0.278902 600.755264
  0.287990 628.568061
  0.299153 596.469477
  0.291382 553.622627
  0.281858 621.756163
  0.289442 626.919837
  0.285403 589.002449
  0.271409 550.595207
  0.277257 583.847648
  0.265312 565.154299
  0.264760 611.053368
  0.259551 585.565978
  0.252435 583.461010
  0.257109 570.656966
  0.255206 630.307887
  0.264695 608.239092
  0.264712 614.179760
  0.269668 575.225780
  0.276081 597.905439
  0.269174 604.625836
  0.279866 607.889557
  0.283786 615.447216
  0.282806 579.862827
  0.300450 597.458494
  0.300279 621.455676
  0.317715 613.138234
  0.320693 610.057098
  0.326708 608.453333
  0.314634 612.768812
  0.322387 584.436594
  0.302889 579.170111
  0.302616 611.495383
  0.293922 615.175867
  0.294418 631.326925
  0.315014 624.251720
  0.311155 612.617137
  0.323844 621.267232
  0.327568 634.731185
  0.319910 591.372829
  0.307728 588.539855
  0.319581 594.878612
  0.319583 634.711521
  0.323904 587.170297
  0.320594 583.325208
  0.304690 548.858407
  0.287638 575.826443
  0.279522 577.461810
  0.276794 636.269067
  0.277132 608.924046
  0.271622 627.000246
  0.267295 586.714371
  0.274345 616.659590
  0.284922 631.576619
  0.283816 601.740214
  0.295035 641.141929
  0.279177 587.046964
  0.284598 536.853370
  0.277036 579.850674
  0.276352 599.369909
  0.286304 589.543735
  0.278533 614.382035
  0.274371 607.058726
