Sample	input_read_pairs	surviving	surviving_pct	forward_only_surviving	forward_only_surviving_pct	reverse_only_surviving	reverse_only_surviving_pct	dropped	dropped_pct
CLP_1.F	29652449.0	28840195.0	97.26	740396.0	2.5	59877.0	0.2	11981.0	0.04
CLP_2.F	35311963.0	34290869.0	97.11	937195.0	2.65	70669.0	0.2	13230.0	0.04
CLP_3.F	49194636.0	47765674.0	97.1	1298402.0	2.64	102894.0	0.21	27666.0	0.06
CLP_4.F	34962136.0	34042752.0	97.37	830731.0	2.38	73115.0	0.21	15538.0	0.04
CLP_5.F	42017396.0	40849633.0	97.22	1069638.0	2.55	85040.0	0.2	13085.0	0.03
CLP_6.F	48844898.0	47333753.0	96.91	1392286.0	2.85	100237.0	0.21	18622.0	0.04
CL_1.F	30878164.0	29208261.0	94.59	1588651.0	5.14	59644.0	0.19	21608.0	0.07
CL_2.F	49887229.0	46992920.0	94.2	2758735.0	5.53	95336.0	0.19	40238.0	0.08
CL_3.F	48204914.0	46247877.0	95.94	1812968.0	3.76	99057.0	0.21	45012.0	0.09
CL_4.F	28692872.0	27026048.0	94.19	1596653.0	5.56	55395.0	0.19	14776.0	0.05
CL_5.F	25912588.0	24931021.0	96.21	900341.0	3.47	54952.0	0.21	26274.0	0.1
CL_6.F	33328299.0	32112582.0	96.35	1138637.0	3.42	65159.0	0.2	11921.0	0.04
CS_1.F	38041135.0	36750884.0	96.61	1200602.0	3.16	76291.0	0.2	13358.0	0.04
CS_2.F	36064101.0	34994916.0	97.04	984815.0	2.73	72580.0	0.2	11790.0	0.03
CS_3.F	34267784.0	32855317.0	95.88	1330122.0	3.88	67810.0	0.2	14535.0	0.04
CS_5.F	37958616.0	36029374.0	94.92	1838315.0	4.84	75497.0	0.2	15430.0	0.04
CS_6.F	32002481.0	30723583.0	96.0	1194421.0	3.73	63235.0	0.2	21242.0	0.07
CS_7.F	34888554.0	33046870.0	94.72	1759208.0	5.04	67281.0	0.19	15195.0	0.04
DEBY_1.F	35170033.0	33955985.0	96.55	1112711.0	3.16	72275.0	0.21	29062.0	0.08
DEBY_2.F	30910198.0	29602712.0	95.77	1204572.0	3.9	65894.0	0.21	37020.0	0.12
DEBY_3.F	45025142.0	42695564.0	94.83	2192480.0	4.87	93241.0	0.21	43857.0	0.1
DEBY_4.F	27459884.0	26594192.0	96.85	793690.0	2.89	57771.0	0.21	14231.0	0.05
DEBY_5.F	33456115.0	32233110.0	96.34	1136311.0	3.4	67260.0	0.2	19434.0	0.06
DEBY_6.F	34697696.0	33569942.0	96.75	1037508.0	2.99	72136.0	0.21	18110.0	0.05
HC_1.F	38646818.0	37201303.0	96.26	1340954.0	3.47	77220.0	0.2	27341.0	0.07
HC_3.F	31556239.0	30260134.0	95.89	1217928.0	3.86	60846.0	0.19	17331.0	0.05
HC_4.F	39877222.0	38367973.0	96.22	1407269.0	3.53	78568.0	0.2	23412.0	0.06
HC_5.F	45016816.0	43583073.0	96.82	1322900.0	2.94	91945.0	0.2	18898.0	0.04
HC_6.F	28024130.0	26975069.0	96.26	977607.0	3.49	55083.0	0.2	16371.0	0.06
HC_7.F	77299611.0	74697989.0	96.63	2392564.0	3.1	161938.0	0.21	47120.0	0.06
HC_VA_1.F	42970224.0	41730579.0	97.12	1131998.0	2.63	88786.0	0.21	18861.0	0.04
HC_VA_2.F	41451075.0	40192102.0	96.96	1153322.0	2.78	88202.0	0.21	17449.0	0.04
HC_VA_3.F	31945464.0	30987782.0	97.0	883963.0	2.77	63290.0	0.2	10429.0	0.03
HC_VA_4.F	34803290.0	33072289.0	95.03	1648609.0	4.74	67617.0	0.19	14775.0	0.04
HC_VA_5.F	39877905.0	38616785.0	96.84	1165099.0	2.92	80313.0	0.2	15708.0	0.04
HC_VA_6.F	42747638.0	41530702.0	97.15	1115069.0	2.61	87677.0	0.21	14190.0	0.03
HG_HG0F2.F	40744317.0	38637556.0	94.83	2006995.0	4.93	80841.0	0.2	18925.0	0.05
HG_HG2F1.F	53745139.0	49594575.0	92.28	3975300.0	7.4	118768.0	0.22	56496.0	0.11
HG_HG2M5.F	32817602.0	21418709.0	65.27	11236531.0	34.24	47625.0	0.15	114737.0	0.35
HI_1.F	39293670.0	38017778.0	96.75	1175421.0	2.99	78246.0	0.2	22225.0	0.06
HI_2.F	59177432.0	57522181.0	97.2	1495409.0	2.53	120184.0	0.2	39658.0	0.07
HI_3.F	42116311.0	40783288.0	96.83	1228650.0	2.92	84331.0	0.2	20042.0	0.05
HI_4.F	38708892.0	36972698.0	95.51	1635461.0	4.23	76223.0	0.2	24510.0	0.06
HI_5.F	52019244.0	49780164.0	95.7	2089920.0	4.02	102472.0	0.2	46688.0	0.09
HI_6.F	39366994.0	37726453.0	95.83	1543279.0	3.92	77629.0	0.2	19633.0	0.05
LM_1_pool.F	33484657.0	31862609.0	95.16	1489903.0	4.45	71136.0	0.21	61009.0	0.18
LM_3.F	46243120.0	44285702.0	95.77	1818656.0	3.93	90012.0	0.19	48750.0	0.11
LM_4.F	86188161.0	81652364.0	94.74	4275129.0	4.96	169251.0	0.2	91417.0	0.11
LM_7.F	37559493.0	36310613.0	96.67	1163539.0	3.1	73446.0	0.2	11895.0	0.03
LM_8.F	33186635.0	32178870.0	96.96	929961.0	2.8	65812.0	0.2	11992.0	0.04
LOLA_1.F	46494291.0	44848196.0	96.46	1529906.0	3.29	96817.0	0.21	19372.0	0.04
LOLA_2.F	33713908.0	32569870.0	96.61	1064575.0	3.16	67183.0	0.2	12280.0	0.04
LOLA_3.F	35497823.0	34100928.0	96.06	1313670.0	3.7	69694.0	0.2	13531.0	0.04
LOLA_4.F	40873217.0	39646977.0	97.0	1121736.0	2.74	84181.0	0.21	20323.0	0.05
LOLA_5.F	34352393.0	33068176.0	96.26	1203184.0	3.5	69577.0	0.2	11456.0	0.03
LOLA_6.F	38951677.0	37545125.0	96.39	1308161.0	3.36	81310.0	0.21	17081.0	0.04
NEH_1.F	31403443.0	30347978.0	96.64	981245.0	3.12	62973.0	0.2	11247.0	0.04
NEH_2.F	36543818.0	35143983.0	96.17	1308086.0	3.58	72999.0	0.2	18750.0	0.05
NEH_3.F	51965023.0	49751381.0	95.74	2059961.0	3.96	108578.0	0.21	45103.0	0.09
NEH_4.F	58350810.0	55929962.0	95.85	2267823.0	3.89	114875.0	0.2	38150.0	0.07
NEH_5.F	32197184.0	30722946.0	95.42	1379962.0	4.29	67392.0	0.21	26884.0	0.08
NEH_6.F	37273769.0	35285270.0	94.67	1876851.0	5.04	76994.0	0.21	34654.0	0.09
NG_NH0H4.F	35494325.0	33986984.0	95.75	1421551.0	4.01	71288.0	0.2	14502.0	0.04
NG_NH2F6.F	32148857.0	30320238.0	94.31	1750749.0	5.45	63389.0	0.2	14481.0	0.05
NG_NH2F8.F	33599335.0	32269669.0	96.04	1247612.0	3.71	69369.0	0.21	12685.0	0.04
NG_NH2M1.F	39834257.0	38022819.0	95.45	1711915.0	4.3	82090.0	0.21	17433.0	0.04
OBOYS2_1.F	32521721.0	30875827.0	94.94	1562197.0	4.8	62233.0	0.19	21464.0	0.07
OBOYS2_2.F	35027581.0	33638026.0	96.03	1301971.0	3.72	69065.0	0.2	18519.0	0.05
OBOYS2_3.F	41462976.0	39774296.0	95.93	1553260.0	3.75	85466.0	0.21	49954.0	0.12
OBOYS2_4.F	28302796.0	27366126.0	96.69	862412.0	3.05	58632.0	0.21	15626.0	0.06
OBOYS2_5.F	35817782.0	34189494.0	95.45	1535516.0	4.29	69519.0	0.19	23253.0	0.06
OBOYS2_6.F	53563446.0	50962220.0	95.14	2447773.0	4.57	105794.0	0.2	47659.0	0.09
SL_1.F	44573789.0	42709199.0	95.82	1744428.0	3.91	86944.0	0.2	33218.0	0.07
SL_2.F	29619024.0	28554905.0	96.41	988282.0	3.34	58889.0	0.2	16948.0	0.06
SL_3.F	46847209.0	45027490.0	96.12	1692197.0	3.61	92313.0	0.2	35209.0	0.08
SL_4.F	30848151.0	29433247.0	95.41	1330732.0	4.31	61002.0	0.2	23170.0	0.08
SL_5.F	49922036.0	48039956.0	96.23	1744000.0	3.49	97980.0	0.2	40100.0	0.08
SL_6.F	38193328.0	36766176.0	96.26	1318644.0	3.45	76325.0	0.2	32183.0	0.08
SM_10.F	41831639.0	40283165.0	96.3	1440706.0	3.44	83404.0	0.2	24364.0	0.06
SM_11.F	31690949.0	30402284.0	95.93	1205642.0	3.8	67830.0	0.21	15193.0	0.05
SM_12.F	35796533.0	34424522.0	96.17	1279284.0	3.57	70097.0	0.2	22630.0	0.06
SM_7.F	47538272.0	45563336.0	95.85	1843410.0	3.88	94216.0	0.2	37310.0	0.08
SM_8.F	35781255.0	34457222.0	96.3	1235279.0	3.45	71952.0	0.2	16802.0	0.05
SM_9.F	35628014.0	34122922.0	95.78	1417675.0	3.98	70474.0	0.2	16943.0	0.05
UMFS_1.F	32071788.0	30432620.0	94.89	1528989.0	4.77	70161.0	0.22	40018.0	0.12
UMFS_2.F	38101751.0	36015481.0	94.52	1989579.0	5.22	75000.0	0.2	21691.0	0.06
UMFS_3.F	49780124.0	47884703.0	96.19	1746160.0	3.51	99152.0	0.2	50109.0	0.1
UMFS_4.F	47118045.0	44730271.0	94.93	2274170.0	4.83	92814.0	0.2	20790.0	0.04
UMFS_5.F	35572204.0	34386975.0	96.67	1096338.0	3.08	74940.0	0.21	13951.0	0.04
UMFS_6.F	36206045.0	35121362.0	97.0	998598.0	2.76	73457.0	0.2	12628.0	0.03
