Sample	LIBRARY	UNPAIRED_READS_EXAMINED	READ_PAIRS_EXAMINED	SECONDARY_OR_SUPPLEMENTARY_RDS	UNMAPPED_READS	UNPAIRED_READ_DUPLICATES	READ_PAIR_DUPLICATES	READ_PAIR_OPTICAL_DUPLICATES	PERCENT_DUPLICATION	ESTIMATED_LIBRARY_SIZE
CLP_1-RG	Unknown Library	255758.0	21025875.0	381006.0	0.0	38467.0	1242401.0	925325.0	0.059641	630403925.0
CLP_2-RG	Unknown Library	279462.0	25057929.0	449872.0	0.0	46122.0	1616546.0	1206970.0	0.06507	686486650.0
CLP_3-RG	Unknown Library	407701.0	34132181.0	768180.0	0.0	73945.0	1971575.0	1505765.0	0.058497	1131713487.0
CLP_4-RG	Unknown Library	301375.0	24561281.0	491723.0	0.0	49693.0	1634800.0	1216871.0	0.06716	644173627.0
CLP_5-RG	Unknown Library	354734.0	29837290.0	531451.0	0.0	62784.0	1995012.0	1477415.0	0.067514	767456591.0
CLP_6-RG	Unknown Library	454469.0	34353936.0	628351.0	0.0	90450.0	2466752.0	1565820.0	0.07264	585657838.0
CL_1-RG	Unknown Library	174936.0	21273267.0	428369.0	0.0	24375.0	1255229.0	853442.0	0.059334	512064242.0
CL_2-RG	Unknown Library	254779.0	34381562.0	690944.0	0.0	43298.0	1956386.0	1352895.0	0.057319	892775237.0
CL_3-RG	Unknown Library	424722.0	32653229.0	936946.0	0.0	69414.0	1888878.0	1405687.0	0.058529	999932776.0
CL_4-RG	Unknown Library	185727.0	19554288.0	437741.0	0.0	26192.0	1141876.0	830406.0	0.058786	556530210.0
CL_5-RG	Unknown Library	240368.0	17503654.0	510681.0	0.0	28107.0	953009.0	698895.0	0.054872	550040156.0
CL_6-RG	Unknown Library	275685.0	23115616.0	493516.0	0.0	38485.0	1283199.0	936969.0	0.056011	702942662.0
CS_1-RG	Unknown Library	295911.0	26833610.0	488425.0	0.0	50644.0	1699866.0	1079519.0	0.06394	525978931.0
CS_2-RG	Unknown Library	297134.0	25664167.0	460752.0	0.0	49868.0	1531507.0	978067.0	0.060297	542299891.0
CS_3-RG	Unknown Library	196365.0	24950391.0	390817.0	0.0	31613.0	1535064.0	962439.0	0.061915	494413914.0
CS_5-RG	Unknown Library	221764.0	26357790.0	488008.0	0.0	37340.0	1551320.0	963107.0	0.059315	539679229.0
CS_6-RG	Unknown Library	256851.0	22588529.0	400210.0	0.0	38759.0	1471375.0	1174356.0	0.065623	764793922.0
CS_7-RG	Unknown Library	206455.0	24317508.0	458394.0	0.0	34229.0	1466937.0	919980.0	0.06077	492615532.0
DEBY_1-RG	Unknown Library	270584.0	24685928.0	465848.0	0.0	39072.0	1456955.0	1070444.0	0.059485	713549217.0
DEBY_2-RG	Unknown Library	280037.0	20879907.0	622017.0	0.0	34928.0	1195122.0	876656.0	0.057687	621529113.0
DEBY_3-RG	Unknown Library	221909.0	31321145.0	607508.0	0.0	35899.0	1780212.0	1238020.0	0.057208	824511927.0
DEBY_4-RG	Unknown Library	258726.0	19201271.0	417878.0	0.0	37031.0	1163849.0	870276.0	0.061165	566176150.0
DEBY_5-RG	Unknown Library	205274.0	23719783.0	436577.0	0.0	30222.0	1461680.0	1003213.0	0.061992	555193443.0
DEBY_6-RG	Unknown Library	279017.0	24275377.0	494046.0	0.0	44468.0	1582666.0	1174663.0	0.065734	646246319.0
HC_1-RG	Unknown Library	325222.0	27278873.0	479311.0	0.0	53174.0	2037150.0	1608943.0	0.075205	760843143.0
HC_3-RG	Unknown Library	209939.0	22292452.0	396558.0	0.0	31336.0	1507148.0	1195355.0	0.067991	706704976.0
HC_4-RG	Unknown Library	262273.0	28239545.0	498556.0	0.0	44673.0	1915248.0	1509942.0	0.068295	872465284.0
HC_5-RG	Unknown Library	341805.0	31964091.0	565898.0	0.0	63213.0	2013815.0	1270319.0	0.063651	623292939.0
HC_6-RG	Unknown Library	193543.0	19695805.0	345497.0	0.0	26894.0	1200213.0	950133.0	0.061319	696313062.0
HC_7-RG	Unknown Library	650939.0	53153420.0	1258772.0	0.0	145919.0	2951143.0	1931223.0	0.056548	1269103595.0
HC_VA_1-RG	Unknown Library	385364.0	30326749.0	587873.0	0.0	73978.0	2110159.0	1343540.0	0.070353	538173099.0
HC_VA_2-RG	Unknown Library	376741.0	29096279.0	569873.0	0.0	69428.0	1976621.0	1259159.0	0.068682	530712802.0
HC_VA_3-RG	Unknown Library	255291.0	22761900.0	407930.0	0.0	37063.0	1184088.0	841977.0	0.05254	694906837.0
HC_VA_4-RG	Unknown Library	213011.0	24381180.0	445117.0	0.0	33440.0	1378956.0	978834.0	0.056995	676555296.0
HC_VA_5-RG	Unknown Library	318284.0	28327470.0	507270.0	0.0	59639.0	1942833.0	1240757.0	0.069248	513446214.0
HC_VA_6-RG	Unknown Library	372310.0	30422932.0	544690.0	0.0	72173.0	2220105.0	1419844.0	0.07371	515852658.0
HG_HG0F2-RG	Unknown Library	155287.0	33426314.0	216190.0	0.0	25393.0	1910496.0	1333836.0	0.057402	882280897.0
HG_HG2F1-RG	Unknown Library	224710.0	40337031.0	982984.0	0.0	44796.0	2852152.0	1822872.0	0.071065	707675812.0
HG_HG2M5-RG	Unknown Library	44422.0	17709662.0	550506.0	0.0	4911.0	1241867.0	738465.0	0.070174	280389588.0
HI_1-RG	Unknown Library	254645.0	28318447.0	477463.0	0.0	41922.0	1814231.0	1268013.0	0.064515	660763814.0
HI_2-RG	Unknown Library	469079.0	42591045.0	761592.0	0.0	89808.0	2853285.0	2088243.0	0.067674	1058604436.0
HI_3-RG	Unknown Library	318310.0	29881065.0	539941.0	0.0	54816.0	2029537.0	1429708.0	0.068473	665241245.0
HI_4-RG	Unknown Library	246475.0	27350320.0	478233.0	0.0	40016.0	1865476.0	1309377.0	0.068629	601009646.0
HI_5-RG	Unknown Library	260121.0	37575686.0	600092.0	0.0	48051.0	2475720.0	1781743.0	0.066296	911119653.0
HI_6-RG	Unknown Library	258835.0	27730325.0	497480.0	0.0	41730.0	1811978.0	1266394.0	0.065788	632973721.0
LM_1_pool-RG	Unknown Library	320494.0	21196793.0	614510.0	0.0	54369.0	1466142.0	926872.0	0.069922	374162860.0
LM_3-RG	Unknown Library	518786.0	29715582.0	776619.0	0.0	90656.0	1618895.0	1139535.0	0.05552	842198511.0
LM_4-RG	Unknown Library	714339.0	55310744.0	1423807.0	0.0	176094.0	2909398.0	2104493.0	0.053845	1740753207.0
LM_7-RG	Unknown Library	285780.0	25339300.0	596547.0	0.0	45697.0	1372409.0	957172.0	0.054754	707691339.0
LM_8-RG	Unknown Library	282962.0	21847831.0	557593.0	0.0	42831.0	1146350.0	807944.0	0.053106	647029496.0
LOLA_1-RG	Unknown Library	335858.0	32351288.0	647939.0	0.0	61820.0	2017724.0	1423767.0	0.062998	794860182.0
LOLA_2-RG	Unknown Library	252612.0	23696595.0	461087.0	0.0	39879.0	1354459.0	964277.0	0.057692	654602273.0
LOLA_3-RG	Unknown Library	248790.0	24842249.0	479479.0	0.0	40670.0	1436907.0	1009560.0	0.058368	656593694.0
LOLA_4-RG	Unknown Library	332844.0	28246721.0	592094.0	0.0	59042.0	1905001.0	1201007.0	0.068085	510459928.0
LOLA_5-RG	Unknown Library	234938.0	23936590.0	489623.0	0.0	40816.0	1569722.0	1161891.0	0.066107	628294689.0
LOLA_6-RG	Unknown Library	272744.0	26986380.0	564634.0	0.0	48281.0	1751529.0	1290379.0	0.065468	707319529.0
NEH_1-RG	Unknown Library	192601.0	22811204.0	366820.0	0.0	31400.0	1473467.0	931275.0	0.065008	434153807.0
NEH_2-RG	Unknown Library	226455.0	26844904.0	415188.0	0.0	35956.0	1705306.0	1342883.0	0.063924	888708345.0
NEH_3-RG	Unknown Library	251458.0	37558558.0	613288.0	0.0	47694.0	2599910.0	2100451.0	0.069625	1246791872.0
NEH_4-RG	Unknown Library	457241.0	41206653.0	908589.0	0.0	89787.0	2589119.0	1970503.0	0.063569	1231176673.0
NEH_5-RG	Unknown Library	190560.0	23089903.0	470470.0	0.0	27627.0	1548680.0	1223159.0	0.067392	727137781.0
NEH_6-RG	Unknown Library	216038.0	26050206.0	492859.0	0.0	33452.0	1737574.0	1366344.0	0.067065	812392155.0
NG_NH0H4-RG	Unknown Library	188538.0	25863210.0	410534.0	0.0	30585.0	1559350.0	1100217.0	0.060662	659506606.0
NG_NH2F6-RG	Unknown Library	185428.0	22926531.0	379654.0	0.0	33125.0	1629716.0	1020824.0	0.071517	386707365.0
NG_NH2F8-RG	Unknown Library	218714.0	24093762.0	412218.0	0.0	38321.0	1641039.0	1033283.0	0.068594	429778261.0
NG_NH2M1-RG	Unknown Library	247639.0	28381150.0	487961.0	0.0	46988.0	1992621.0	1256971.0	0.070729	490965450.0
OBOYS2_1-RG	Unknown Library	186049.0	22522801.0	452420.0	0.0	26746.0	1318450.0	900493.0	0.058889	552066114.0
OBOYS2_2-RG	Unknown Library	216688.0	24418870.0	483624.0	0.0	33036.0	1533291.0	1051087.0	0.063187	558389325.0
OBOYS2_3-RG	Unknown Library	372930.0	28064530.0	758489.0	0.0	54888.0	1507331.0	1123702.0	0.054326	936974977.0
OBOYS2_4-RG	Unknown Library	248941.0	19437052.0	417416.0	0.0	34401.0	1169449.0	859541.0	0.060662	550606848.0
OBOYS2_5-RG	Unknown Library	210778.0	24815086.0	500088.0	0.0	32633.0	1534051.0	1045353.0	0.062213	570116133.0
OBOYS2_6-RG	Unknown Library	286930.0	37142836.0	750045.0	0.0	51373.0	2237833.0	1557647.0	0.060706	918952591.0
SL_1-RG	Unknown Library	293381.0	30808155.0	621583.0	0.0	46675.0	1730251.0	1285156.0	0.05665	969259281.0
SL_2-RG	Unknown Library	225318.0	20619117.0	418882.0	0.0	30568.0	1172363.0	803305.0	0.057286	525358701.0
SL_3-RG	Unknown Library	249945.0	32831014.0	646480.0	0.0	43741.0	1992925.0	1393455.0	0.061136	813815419.0
SL_4-RG	Unknown Library	171453.0	21449368.0	434252.0	0.0	23430.0	1213006.0	847828.0	0.056871	574230930.0
SL_5-RG	Unknown Library	299779.0	35064404.0	694884.0	0.0	52940.0	2129544.0	1583478.0	0.061226	1015216523.0
SL_6-RG	Unknown Library	281239.0	26520077.0	545535.0	0.0	41704.0	1480117.0	1101333.0	0.056299	844383167.0
SM_10-RG	Unknown Library	290499.0	29580902.0	528611.0	0.0	49071.0	2013151.0	1415310.0	0.068549	654049075.0
SM_11-RG	Unknown Library	297838.0	21417991.0	406491.0	0.0	62733.0	1300009.0	916263.0	0.061732	540799581.0
SM_12-RG	Unknown Library	247146.0	25283178.0	452037.0	0.0	39180.0	1687017.0	1196697.0	0.067171	583555811.0
SM_7-RG	Unknown Library	266010.0	33633950.0	596420.0	0.0	50132.0	2604847.0	1825573.0	0.077884	638529911.0
SM_8-RG	Unknown Library	267525.0	25295808.0	460577.0	0.0	41871.0	1713595.0	1214346.0	0.068209	572733956.0
SM_9-RG	Unknown Library	252526.0	24981101.0	453934.0	0.0	37178.0	1525959.0	1046122.0	0.061518	588950797.0
UMFS_1-RG	Unknown Library	185468.0	22207499.0	441517.0	0.0	29039.0	1399387.0	1121830.0	0.063403	793882277.0
UMFS_2-RG	Unknown Library	172172.0	26701021.0	477722.0	0.0	29875.0	1790834.0	1386937.0	0.067412	784814418.0
UMFS_3-RG	Unknown Library	267884.0	35464209.0	613708.0	0.0	49372.0	2227810.0	1804974.0	0.063276	1328453439.0
UMFS_4-RG	Unknown Library	303481.0	32864047.0	603745.0	0.0	60921.0	2196557.0	1604213.0	0.067453	814386111.0
UMFS_5-RG	Unknown Library	263364.0	25092162.0	482040.0	0.0	46027.0	1473628.0	931969.0	0.059334	530737548.0
UMFS_6-RG	Unknown Library	246141.0	25825090.0	460210.0	0.0	41580.0	1621779.0	1030884.0	0.063302	511889737.0
