Sample	Picard_mqc-generalstats-PERCENT_DUPLICATION	Trimmomatic_mqc-generalstats-dropped_pct	FastQC_mqc-generalstats-percent_duplicates	FastQC_mqc-generalstats-percent_gc	FastQC_mqc-generalstats-avg_sequence_length	FastQC_mqc-generalstats-percent_fails	FastQC_mqc-generalstats-total_sequences
CLP_1-RG	0.059641						
CLP_1.F		0.04					
CLP_1.R1			8.037726973973179	35.0	150.56524080367694	0.0	28840195.0
CLP_1.R2			6.885356174618792	35.0	149.41224121404173	0.0	28840195.0
CLP_2-RG	0.06507						
CLP_2.F		0.04					
CLP_2.R1			8.188022461310979	35.0	150.5762152892655	0.0	34290869.0
CLP_2.R2			7.3717962842072495	35.0	149.53405925641604	0.0	34290869.0
CLP_3-RG	0.058497						
CLP_3.F		0.06					
CLP_3.R1			10.84969533128222	35.0	150.51730372317158	0.0	47765674.0
CLP_3.R2			9.436450259030806	36.0	149.31475035817562	0.0	47765674.0
CLP_4-RG	0.06716						
CLP_4.F		0.04					
CLP_4.R1			9.615643422561774	35.0	150.54918386151624	0.0	34042752.0
CLP_4.R2			8.513505848436736	36.0	149.36194808809816	0.0	34042752.0
CLP_5-RG	0.067514						
CLP_5.F		0.03					
CLP_5.R1			9.117903444565627	35.0	150.57958011519958	0.0	40849633.0
CLP_5.R2			8.03007431703287	35.0	149.51361837204266	0.0	40849633.0
CLP_6-RG	0.07264						
CLP_6.F		0.04					
CLP_6.R1			9.859853862423819	35.0	150.55808910820994	0.0	47333753.0
CLP_6.R2			8.712148833276288	35.0	149.3791820395057	0.0	47333753.0
CL_1-RG	0.059334						
CL_1.F		0.07					
CL_1.R1			6.033492110273244	35.0	150.71237757016758	0.0	29208261.0
CL_1.R2			5.445764269121298	35.0	150.2546695265425	0.0	29208261.0
CL_2-RG	0.057319						
CL_2.F		0.08					
CL_2.R1			6.265413628497356	35.0	150.70825313685552	0.0	46992920.0
CL_2.R2			5.861602779973296	35.0	150.26890716729244	0.0	46992920.0
CL_3-RG	0.058529						
CL_3.F		0.09					
CL_3.R1			8.696605452518341	35.0	150.6447732508889	0.0	46247877.0
CL_3.R2			7.275366209309553	36.0	149.9304899120018	0.0	46247877.0
CL_4-RG	0.058786						
CL_4.F		0.05					
CL_4.R1			6.542400132580411	35.0	150.69519157961977	0.0	27026048.0
CL_4.R2			5.441681857980015	35.0	150.15046580247324	0.0	27026048.0
CL_5-RG	0.054872						
CL_5.F		0.1					
CL_5.R1			6.428912989771376	35.0	150.6387400660406	0.0	24931021.0
CL_5.R2			5.200039307919084	36.0	149.8959648704319	0.0	24931021.0
CL_6-RG	0.056011						
CL_6.F		0.04					
CL_6.R1			6.387540902821229	35.0	150.70118765286455	0.0	32112582.0
CL_6.R2			4.960979810738678	35.0	150.05476049854852	0.0	32112582.0
CS_1-RG	0.06394						
CS_1.F		0.04					
CS_1.R1			9.063524714500232	35.0	150.59384073591264	0.0	36750884.0
CS_1.R2			6.875471082150838	35.0	149.5482548120475	0.0	36750884.0
CS_2-RG	0.060297						
CS_2.F		0.03					
CS_2.R1			8.649022257450952	35.0	150.59412472943214	0.0	34994916.0
CS_2.R2			6.385125148896151	35.0	149.48769629851375	0.0	34994916.0
CS_3-RG	0.061915						
CS_3.F		0.04					
CS_3.R1			8.665474635229302	35.0	150.60315519098478	0.0	32855317.0
CS_3.R2			6.599212675439944	35.0	149.6845424745103	0.0	32855317.0
CS_5-RG	0.059315						
CS_5.F		0.04					
CS_5.R1			9.042849308498958	35.0	150.5933513305005	0.0	36029374.0
CS_5.R2			7.1194418543123135	35.0	149.68471697565437	0.0	36029374.0
CS_6-RG	0.065623						
CS_6.F		0.07					
CS_6.R1			5.8394363652493695	35.0	150.71135619175666	0.0	30723583.0
CS_6.R2			6.101988897765608	35.0	150.03349635359913	0.0	30723583.0
CS_7-RG	0.06077						
CS_7.F		0.04					
CS_7.R1			8.522356922802075	35.0	150.60175608158957	0.0	33046870.0
CS_7.R2			6.541207933010696	35.0	149.70550984102277	0.0	33046870.0
DEBY_1-RG	0.059485						
DEBY_1.F		0.08					
DEBY_1.R1			7.517757233767668	35.0	150.6797542465636	0.0	33955985.0
DEBY_1.R2			6.07584164589008	36.0	149.96239623147437	0.0	33955985.0
DEBY_2-RG	0.057687						
DEBY_2.F		0.12					
DEBY_2.R1			7.440898480028025	36.0	150.62773319552613	0.0	29602712.0
DEBY_2.R2			5.836529906043381	36.0	149.85294995944966	0.0	29602712.0
DEBY_3-RG	0.057208						
DEBY_3.F		0.1					
DEBY_3.R1			7.037595795599529	35.0	150.68272750771015	0.0	42695564.0
DEBY_3.R2			6.4689203760153475	36.0	150.20387038334943	0.0	42695564.0
DEBY_4-RG	0.061165						
DEBY_4.F		0.05					
DEBY_4.R1			8.433415090340262	35.0	150.52997759811615	0.0	26594192.0
DEBY_4.R2			7.261110100295738	36.0	149.2814934554131	0.0	26594192.0
DEBY_5-RG	0.061992						
DEBY_5.F		0.06					
DEBY_5.R1			6.198969653455933	35.0	150.70922768544517	0.0	32233110.0
DEBY_5.R2			5.394274156390281	35.0	150.19663045235163	0.0	32233110.0
DEBY_6-RG	0.065734						
DEBY_6.F		0.05					
DEBY_6.R1			9.167386469670774	35.0	150.54117513816377	0.0	33569942.0
DEBY_6.R2			8.110897072280878	36.0	149.41439714134745	0.0	33569942.0
HC_1-RG	0.075205						
HC_1.F		0.07					
HC_1.R1			6.260361220387836	35.0	150.71322423840905	0.0	37201303.0
HC_1.R2			6.799403999146662	35.0	150.06600155913893	0.0	37201303.0
HC_3-RG	0.067991						
HC_3.F		0.05					
HC_3.R1			5.776609134320694	35.0	150.71996594595385	0.0	30260134.0
HC_3.R2			6.080305455877621	35.0	150.155689925233	0.0	30260134.0
HC_4-RG	0.068295						
HC_4.F		0.06					
HC_4.R1			5.897291666201127	35.0	150.71481295089526	0.0	38367973.0
HC_4.R2			6.537837231621879	35.0	150.12666460122873	0.0	38367973.0
HC_5-RG	0.063651						
HC_5.F		0.04					
HC_5.R1			9.677860203045299	35.0	150.59244420419827	0.0	43583073.0
HC_5.R2			7.58831705910049	35.0	149.50747669857975	0.0	43583073.0
HC_6-RG	0.061319						
HC_6.F		0.06					
HC_6.R1			5.5034950663033015	35.0	150.71694144693384	0.0	26975069.0
HC_6.R2			5.707810379263961	35.0	150.12045741199032	0.0	26975069.0
HC_7-RG	0.056548						
HC_7.F		0.06					
HC_7.R1			12.422445787093139	36.0	150.5429796108701	0.0	74697989.0
HC_7.R2			10.319767631358772	36.0	149.28111290921098	0.0	74697989.0
HC_VA_1-RG	0.070353						
HC_VA_1.F		0.04					
HC_VA_1.R1			9.266892142535582	35.0	150.5481639495105	0.0	41730579.0
HC_VA_1.R2			7.943516883019768	35.0	149.37629930799667	0.0	41730579.0
HC_VA_2-RG	0.068682						
HC_VA_2.F		0.04					
HC_VA_2.R1			9.800780126709512	35.0	150.54521336057516	0.0	40192102.0
HC_VA_2.R2			8.460193017076818	36.0	149.32178720087842	0.0	40192102.0
HC_VA_3-RG	0.05254						
HC_VA_3.F		0.03					
HC_VA_3.R1			7.493989786281446	35.0	150.61962369555846	0.0	30987782.0
HC_VA_3.R2			6.085514619572123	35.0	149.60650316953954	0.0	30987782.0
HC_VA_4-RG	0.056995						
HC_VA_4.F		0.04					
HC_VA_4.R1			7.672671181958478	35.0	150.6196909442827	0.0	33072289.0
HC_VA_4.R2			6.360426971696015	35.0	149.78853036147572	0.0	33072289.0
HC_VA_5-RG	0.069248						
HC_VA_5.F		0.04					
HC_VA_5.R1			8.691534658029425	35.0	150.57637661964867	0.0	38616785.0
HC_VA_5.R2			7.527826570370891	35.0	149.51090363944073	0.0	38616785.0
HC_VA_6-RG	0.07371						
HC_VA_6.F		0.03					
HC_VA_6.R1			9.182213273256252	35.0	150.5656395839396	0.0	41530702.0
HC_VA_6.R2			7.902021669494914	35.0	149.43721859071874	0.0	41530702.0
HG_HG0F2-RG	0.057402						
HG_HG0F2.F		0.05					
HG_HG0F2.R1			8.265858057994876	35.0	150.62686239781834	0.0	38637556.0
HG_HG0F2.R2			6.865292074591849	35.0	149.84022912836411	0.0	38637556.0
HG_HG2F1-RG	0.071065						
HG_HG2F1.F		0.11					
HG_HG2F1.R1			14.04036804744048	36.0	150.47419311487195	0.0	49594575.0
HG_HG2F1.R2			12.832726123928168	37.0	149.42104252330017	0.0	49594575.0
HG_HG2M5-RG	0.070174						
HG_HG2M5.F		0.35					
HG_HG2M5.R1			10.126606618211127	35.0	150.38659444880642	0.0	21418709.0
HG_HG2M5.R2			9.826815421442674	35.0	149.80956756077128	0.0	21418709.0
HI_1-RG	0.064515						
HI_1.F		0.06					
HI_1.R1			7.338781444790939	35.0	150.71361043246662	0.0	38017778.0
HI_1.R2			6.27994563174083	35.0	150.16368665733174	0.0	38017778.0
HI_2-RG	0.067674						
HI_2.F		0.07					
HI_2.R1			9.44493032676867	35.0	150.6924884506726	0.0	57522181.0
HI_2.R2			8.04128541419432	35.0	150.0568598224744	0.0	57522181.0
HI_3-RG	0.068473						
HI_3.F		0.05					
HI_3.R1			7.931013184576329	35.0	150.7021991213656	0.0	40783288.0
HI_3.R2			6.625720545689617	35.0	150.11858891808822	0.0	40783288.0
HI_4-RG	0.068629						
HI_4.F		0.06					
HI_4.R1			7.494072296713597	35.0	150.71000836887802	0.0	36972698.0
HI_4.R2			6.241434489553598	35.0	150.1899729091991	0.0	36972698.0
HI_5-RG	0.066296						
HI_5.F		0.09					
HI_5.R1			7.9483249914365075	35.0	150.71167360959276	0.0	49780164.0
HI_5.R2			6.889451769895658	35.0	150.24563759974757	0.0	49780164.0
HI_6-RG	0.065788						
HI_6.F		0.05					
HI_6.R1			7.355750176923067	35.0	150.71057210175576	0.0	37726453.0
HI_6.R2			6.294969562999739	35.0	150.17970141534377	0.0	37726453.0
LM_1_pool-RG	0.069922						
LM_1_pool.F		0.18					
LM_1_pool.R1			9.524521830698177	36.0	150.51119912998965	0.0	31862609.0
LM_1_pool.R2			8.147202861799457	37.0	149.27305074107397	0.0	31862609.0
LM_3-RG	0.05552						
LM_3.F		0.11					
LM_3.R1			8.758437838110751	35.0	150.61337740564665	0.0	44285702.0
LM_3.R2			6.6228875547756445	35.0	149.44864240833306	0.0	44285702.0
LM_4-RG	0.053845						
LM_4.F		0.11					
LM_4.R1			10.96401228336778	35.0	150.61523045431974	0.0	81652364.0
LM_4.R2			7.811650583562397	35.0	149.64351731445277	0.0	81652364.0
LM_7-RG	0.054754						
LM_7.F		0.03					
LM_7.R1			7.607902896107504	35.0	150.63242749440778	0.0	36310613.0
LM_7.R2			6.1303824667903655	35.0	149.73898570646548	0.0	36310613.0
LM_8-RG	0.053106						
LM_8.F		0.04					
LM_8.R1			7.7939839673405515	35.0	150.62721994277612	0.0	32178870.0
LM_8.R2			6.221224421780775	35.0	149.667317621781	0.0	32178870.0
LOLA_1-RG	0.062998						
LOLA_1.F		0.04					
LOLA_1.R1			9.190345916989301	36.0	150.60408837849354	0.0	44848196.0
LOLA_1.R2			7.460694761441317	36.0	149.63871122040226	0.0	44848196.0
LOLA_2-RG	0.057692						
LOLA_2.F		0.04					
LOLA_2.R1			7.33051490757947	35.0	150.62469733529792	0.0	32569870.0
LOLA_2.R2			5.881957079891137	35.0	149.68479837346604	0.0	32569870.0
LOLA_3-RG	0.058368						
LOLA_3.F		0.04					
LOLA_3.R1			7.413885950950856	35.0	150.6280115895966	0.0	34100928.0
LOLA_3.R2			5.971618287097812	35.0	149.74510154093167	0.0	34100928.0
LOLA_4-RG	0.068085						
LOLA_4.F		0.05					
LOLA_4.R1			10.220488218057227	35.0	150.56912719978627	0.0	39646977.0
LOLA_4.R2			7.8057544388501015	36.0	149.42892579174446	0.0	39646977.0
LOLA_5-RG	0.066107						
LOLA_5.F		0.03					
LOLA_5.R1			8.258357596814932	35.0	150.5825090262009	0.0	33068176.0
LOLA_5.R2			7.494052048703637	35.0	149.6947588218957	0.0	33068176.0
LOLA_6-RG	0.065468						
LOLA_6.F		0.04					
LOLA_6.R1			9.16831205859556	36.0	150.54265801485545	0.0	37545125.0
LOLA_6.R2			8.38457190281268	36.0	149.53196589437377	0.0	37545125.0
NEH_1-RG	0.065008						
NEH_1.F		0.04					
NEH_1.R1			8.319300761104103	35.0	150.59759655157256	0.0	30347978.0
NEH_1.R2			6.2348865521396135	35.0	149.6601365336432	0.0	30347978.0
NEH_2-RG	0.063924						
NEH_2.F		0.05					
NEH_2.R1			5.885773388374716	35.0	150.7105881823355	0.0	35143983.0
NEH_2.R2			6.375920969209176	35.0	150.12967169942007	0.0	35143983.0
NEH_3-RG	0.069625						
NEH_3.F		0.09					
NEH_3.R1			6.801265143600958	36.0	150.69541074648762	0.0	49751381.0
NEH_3.R2			8.034675505408956	36.0	150.16770445025435	0.0	49751381.0
NEH_4-RG	0.063569						
NEH_4.F		0.07					
NEH_4.R1			11.423485126962731	35.0	150.53999201715888	0.0	55929962.0
NEH_4.R2			9.749939941473102	35.0	149.4243767946776	0.0	55929962.0
NEH_5-RG	0.067392						
NEH_5.F		0.08					
NEH_5.R1			6.689859934089668	36.0	150.67371862711343	0.0	30722946.0
NEH_5.R2			7.177797465598516	36.0	150.08926839242565	0.0	30722946.0
NEH_6-RG	0.067065						
NEH_6.F		0.09					
NEH_6.R1			7.040344461360888	36.0	150.67800464613137	0.0	35285270.0
NEH_6.R2			7.605125694661723	36.0	150.11672128341374	0.0	35285270.0
NG_NH0H4-RG	0.060662						
NG_NH0H4.F		0.04					
NG_NH0H4.R1			8.21992441851252	35.0	150.63073363614728	0.0	33986984.0
NG_NH0H4.R2			6.8025663657236635	35.0	149.83298853466962	0.0	33986984.0
NG_NH2F6-RG	0.071517						
NG_NH2F6.F		0.05					
NG_NH2F6.R1			8.426542773416571	35.0	150.57806943995624	0.0	30320238.0
NG_NH2F6.R2			7.603591689933296	35.0	149.7463071365073	0.0	30320238.0
NG_NH2F8-RG	0.068594						
NG_NH2F8.F		0.04					
NG_NH2F8.R1			8.95207906098861	35.0	150.55506599711327	0.0	32269669.0
NG_NH2F8.R2			7.884693189947157	36.0	149.59121697219763	0.0	32269669.0
NG_NH2M1-RG	0.070729						
NG_NH2M1.F		0.04					
NG_NH2M1.R1			9.424751457550315	35.0	150.55654511045066	0.0	38022819.0
NG_NH2M1.R2			8.480347576316547	36.0	149.6112676969059	0.0	38022819.0
OBOYS2_1-RG	0.058889						
OBOYS2_1.F		0.07					
OBOYS2_1.R1			5.772369110441218	35.0	150.71364987243905	0.0	30875827.0
OBOYS2_1.R2			5.090528954105537	35.0	150.24815425996525	0.0	30875827.0
OBOYS2_2-RG	0.063187						
OBOYS2_2.F		0.05					
OBOYS2_2.R1			6.354112470516455	35.0	150.71073064751184	0.0	33638026.0
OBOYS2_2.R2			5.446659919847747	35.0	150.22410137860052	0.0	33638026.0
OBOYS2_3-RG	0.054326						
OBOYS2_3.F		0.12					
OBOYS2_3.R1			7.669024399300454	35.0	150.64380571311682	0.0	39774296.0
OBOYS2_3.R2			6.499157469504468	36.0	149.9061262077398	0.0	39774296.0
OBOYS2_4-RG	0.060662						
OBOYS2_4.F		0.06					
OBOYS2_4.R1			6.717798610401218	36.0	150.68021586248634	0.0	27366126.0
OBOYS2_4.R2			5.252027998591785	36.0	149.97969701666943	0.0	27366126.0
OBOYS2_5-RG	0.062213						
OBOYS2_5.F		0.06					
OBOYS2_5.R1			6.195976431159096	35.0	150.71867846303897	0.0	34189494.0
OBOYS2_5.R2			5.405090792476926	35.0	150.2409420858934	0.0	34189494.0
OBOYS2_6-RG	0.060706						
OBOYS2_6.F		0.09					
OBOYS2_6.R1			6.980564013554442	35.0	150.70449976472767	0.0	50962220.0
OBOYS2_6.R2			6.46672150586312	35.0	150.24534692562452	0.0	50962220.0
SL_1-RG	0.05665						
SL_1.F		0.07					
SL_1.R1			7.452026904720967	35.0	150.70435795342357	0.0	42709199.0
SL_1.R2			6.270551087925028	35.0	150.11696222633444	0.0	42709199.0
SL_2-RG	0.057286						
SL_2.F		0.06					
SL_2.R1			5.760575755967054	35.0	150.70732891599533	0.0	28554905.0
SL_2.R2			4.911429446179611	35.0	150.14496948948	0.0	28554905.0
SL_3-RG	0.061136						
SL_3.F		0.08					
SL_3.R1			6.497229229419943	35.0	150.71271634283858	0.0	45027490.0
SL_3.R2			5.918525185100108	35.0	150.263145513996	0.0	45027490.0
SL_4-RG	0.056871						
SL_4.F		0.08					
SL_4.R1			5.955839700364834	35.0	150.70740740904324	0.0	29433247.0
SL_4.R2			5.189381014362624	35.0	150.23838141269295	0.0	29433247.0
SL_5-RG	0.061226						
SL_5.F		0.08					
SL_5.R1			8.276874151765782	35.0	150.7044983763099	0.0	48039956.0
SL_5.R2			7.0764976998744515	35.0	150.1405137007203	0.0	48039956.0
SL_6-RG	0.056299						
SL_6.F		0.08					
SL_6.R1			7.1453832284766605	35.0	150.6931765490107	0.0	36766176.0
SL_6.R2			5.8568160203468835	35.0	150.04776882425847	0.0	36766176.0
SM_10-RG	0.068549						
SM_10.F		0.06					
SM_10.R1			7.66027943773895	35.0	150.70553304339418	0.0	40283165.0
SM_10.R2			6.513751356831037	35.0	150.15449503533299	0.0	40283165.0
SM_11-RG	0.061732						
SM_11.F		0.05					
SM_11.R1			9.582062628818534	35.0	150.6891963774827	0.0	30402284.0
SM_11.R2			8.223338966135756	35.0	150.08806614660924	0.0	30402284.0
SM_12-RG	0.067171						
SM_12.F		0.06					
SM_12.R1			7.372406974971213	35.0	150.7130030737972	0.0	34424522.0
SM_12.R2			6.231246205188739	35.0	150.16353031713845	0.0	34424522.0
SM_7-RG	0.077884						
SM_7.F		0.08					
SM_7.R1			8.241237242587417	35.0	150.7162107489232	0.0	45563336.0
SM_7.R2			7.117645406600431	35.0	150.22716528043512	0.0	45563336.0
SM_8-RG	0.068209						
SM_8.F		0.05					
SM_8.R1			7.410199703141643	35.0	150.70931150514687	0.0	34457222.0
SM_8.R2			6.3493897314234715	35.0	150.1496970939793	0.0	34457222.0
SM_9-RG	0.061518						
SM_9.F		0.05					
SM_9.R1			6.608052320989728	35.0	150.70460695013165	0.0	34122922.0
SM_9.R2			5.643485709551143	35.0	150.1619477663724	0.0	34122922.0
UMFS_1-RG	0.063403						
UMFS_1.F		0.12					
UMFS_1.R1			7.427893624649457	37.0	150.65286600365002	0.0	30432620.0
UMFS_1.R2			7.995322932574567	37.0	150.06565267794886	0.0	30432620.0
UMFS_2-RG	0.067412						
UMFS_2.F		0.06					
UMFS_2.R1			6.389833306784254	35.0	150.71438779340474	0.0	36015481.0
UMFS_2.R2			7.342068984497828	35.0	150.2595132354334	0.0	36015481.0
UMFS_3-RG	0.063276						
UMFS_3.F		0.1					
UMFS_3.R1			5.931582768500988	35.0	150.71732851720935	0.0	47884703.0
UMFS_3.R2			6.891365138767696	35.0	150.19429820834432	0.0	47884703.0
UMFS_4-RG	0.067453						
UMFS_4.F		0.04					
UMFS_4.R1			9.929964932970378	35.0	150.57342257103696	0.0	44730271.0
UMFS_4.R2			8.817080893035254	35.0	149.6718692806489	0.0	44730271.0
UMFS_5-RG	0.059334						
UMFS_5.F		0.04					
UMFS_5.R1			9.629506899266389	36.0	150.55995789103287	0.0	34386975.0
UMFS_5.R2			7.153610550603332	36.0	149.43185243831422	0.0	34386975.0
UMFS_6-RG	0.063302						
UMFS_6.F		0.03					
UMFS_6.R1			8.863286105654552	35.0	150.5978904234978	0.0	35121362.0
UMFS_6.R2			6.574804864662511	35.0	149.60166109161713	0.0	35121362.0
