38.817120 39.935340 28.179137 27.238364 29.939873 42.918919 30.845623 28.117066 39.622635 39.516099 29.356143 43.678775 32.399683 35.756005 40.990551 39.127297 40.562806 40.749527 39.471043 
43.631792 38.536376 29.033744 39.200211 29.471646 32.749031 30.831049 28.133233 38.670306 29.369716 34.507049 35.826995 35.727452 24.824667 
28.529208 30.550865 34.057946 38.169633 29.449935 36.970072 30.807778 28.346114 36.438620 36.830067 44.270308 36.234731 
35.492011 28.776746 28.830634 40.119642 29.780008 38.060834 30.308919 28.518742 44.069162 42.625957 33.206407 
28.757933 36.488962 28.327972 39.861235 29.346591 36.275593 30.796759 28.240230 
28.496736 36.888206 29.534751 39.892022 30.006621 36.077325 30.626196 28.140383 34.546634 
28.679124 37.293549 32.235552 29.428858 29.801568 40.971568 30.625905 28.100765 37.790294 32.326919 39.367582 34.886584 32.596061 40.768920 29.873003 
28.742935 37.396498 27.777851 41.555058 29.702432 34.096486 30.804269 28.432362 39.256359 37.145098 29.782335 38.887256 29.594802 27.620333 24.773971 
28.225577 37.085541 25.014787 38.700976 29.420043 33.815847 30.867609 28.132122 42.316503 26.926336 36.319305 43.153662 40.118301 40.047592 30.059992 36.254416 
28.204639 29.679934 27.430649 39.869309 29.482000 30.795250 37.849823 28.542577 37.629887 43.562853 33.186975 32.607730 26.295701 
25.721320 28.423526 39.050079 30.082131 29.329701 30.849436 37.323917 28.186224 37.844378 35.483320 25.642193 35.766126 30.001761 37.560037 
28.906300 28.290563 28.245716 36.097312 29.304575 30.745027 39.869411 28.502183 37.155479 32.878032 
35.901645 28.814855 40.923000 36.665656 29.298364 30.880146 39.839234 28.163552 41.348851 26.944901 36.002164 40.569116 
37.295721 37.150961 29.012522 37.371343 29.569148 39.929027 30.690872 28.496844 28.235527 28.434945 40.365116 40.137119 28.608962 24.290354 30.007299 36.054637 
38.441452 38.699718 28.427375 39.269807 29.633583 39.572696 30.673446 27.283569 28.441133 26.577213 27.822064 29.354501 41.315587 40.436260 25.970476 30.477289 25.870023 25.643917 39.488905 40.006105 
39.582596 30.920679 29.176033 38.042889 29.720466 39.765622 28.352794 35.963567 28.336553 44.222552 41.214916 40.571325 28.290125 
28.441709 30.720133 30.128953 40.879243 29.763253 39.790998 42.770595 43.113981 37.215868 40.542623 33.417501 39.281100 40.707050 29.056870 25.590761 36.386403 
28.368301 30.790226 29.824048 37.951300 29.739303 40.282757 29.091762 36.762721 33.301170 
28.188474 30.718283 30.038118 37.738598 29.473577 38.786887 29.115424 38.286277 27.691371 35.919462 
28.191071 30.900163 27.066823 37.038380 29.462394 41.224137 28.438220 29.746299 39.495795 38.848024 
28.353843 30.643770 40.254810 30.529112 29.632167 37.395991 29.834172 35.259550 27.408694 30.112425 28.441256 25.591662 29.167711 32.878589 29.930145 28.420827 32.903457 27.596369 34.522736 28.593610 27.725394 
28.315185 30.939212 27.054150 42.469596 30.028449 41.290378 28.552213 37.911563 39.736785 37.199658 30.071977 
28.375752 30.903854 40.467364 40.186949 29.465902 37.364298 34.342440 38.601712 40.384373 27.020315 30.152282 33.082761 29.297033 24.687542 28.732019 25.327160 33.359505 39.143947 35.358824 30.519582 29.580669 26.262649 33.409786 
28.049836 30.808188 36.574865 39.181181 29.898523 28.454570 28.923408 38.148072 29.786763 29.577421 39.686381 
28.189585 30.776800 36.699990 39.805074 29.788989 28.776555 30.532585 37.095319 28.255311 32.672238 29.048089 34.395158 33.662618 26.573049 27.437724 
28.761847 30.786932 37.450284 40.593275 29.235710 28.840988 29.921455 36.448930 27.977131 35.514606 36.148211 32.936801 34.767005 
40.384662 39.375308 38.988516 38.589309 29.896010 28.856371 30.638663 30.673482 27.845273 38.914407 41.802068 33.551328 29.003379 28.802586 43.107432 
36.036200 42.227895 38.772780 38.892952 29.545007 28.564178 29.905758 30.699136 28.547402 42.266389 26.207876 25.473072 27.682770 26.087672 43.397226 
27.727900 42.584629 39.079825 39.748569 29.486665 29.214882 27.459586 30.871759 27.801308 30.368122 33.098208 28.968002 29.202979 40.807391 27.596114 34.136278 33.646788 
41.573694 41.163612 42.783200 28.583944 29.754279 28.302408 29.493161 30.917268 27.898195 37.248872 38.389052 39.288970 26.184737 37.580539 25.858228 26.320613 41.935754 38.381604 25.917388 24.354401 28.116742 25.725565 
27.579097 41.100705 39.838772 36.299031 30.087398 28.778007 28.916934 31.019369 27.451897 38.524271 39.991297 
27.704268 37.339630 39.761237 35.928217 29.318479 28.365999 29.444173 30.889148 25.446869 24.434671 26.306454 
39.814322 42.600781 38.572117 30.262530 29.573071 28.547965 35.739146 30.519697 28.603715 38.055971 37.215140 40.272273 39.718902 39.727736 42.791969 26.381767 41.066683 
40.027369 30.736264 28.183344 29.091929 29.524965 28.215587 38.245361 39.417499 28.178416 37.632115 31.281957 41.746522 39.605816 36.901427 41.952220 39.400238 
37.127899 31.006043 39.594227 29.878088 29.214240 28.230187 27.438937 38.859177 31.525361 38.295509 28.568095 37.012894 39.862400 35.560086 26.903486 34.847949 
34.913573 30.899848 29.475809 29.629207 29.976746 28.512263 27.927935 39.165890 37.140550 37.091011 25.450815 
29.311250 30.874990 38.652613 31.097513 29.376630 28.061148 28.632112 40.016751 43.724620 36.712482 30.054392 27.692312 36.397181 39.676469 42.927427 31.895557 33.051470 35.586102 
30.105141 30.816235 43.667324 40.859189 29.522489 28.259520 27.888469 36.813705 40.585246 39.993106 35.230543 40.679049 36.763077 25.220135 26.292982 26.097058 24.223017 25.349979 40.985079 24.024294 24.330288 24.189173 42.331482 
29.926435 43.630316 38.329905 39.651704 29.851631 29.338998 27.987596 30.376084 39.036175 32.283930 39.673950 
30.017760 25.253365 25.855361 39.755463 38.881134 29.460330 28.202340 30.633812 26.104403 39.916017 27.673079 38.237473 37.618688 29.848821 42.984433 29.717685 26.856555 27.397372 28.496590 28.786087 28.870816 27.086516 
29.590196 28.509978 36.890637 39.572164 27.221106 28.378705 26.272723 30.725964 29.764402 36.584427 27.755698 30.065598 41.368736 29.445357 34.267774 26.076929 27.468012 28.065199 26.159998 
34.779513 40.063938 29.435501 26.038310 27.855888 43.979270 29.824468 31.009252 29.519218 26.422298 23.730464 28.722357 35.754369 40.924162 24.573480 28.222863 38.857793 37.831621 40.532655 26.966509 36.074185 26.246170 
25.248258 39.114541 36.258631 28.186698 28.362618 33.145948 36.409286 30.718432 29.489864 42.329926 28.883016 44.169793 26.908243 29.390278 39.275510 26.718269 39.394548 41.139537 28.178267 36.007301 29.926209 35.995797 
35.650166 40.324737 40.718961 29.642555 27.957817 29.827154 36.626408 30.517634 33.276955 43.398131 30.059830 42.057511 24.029667 42.760603 
29.498560 40.926015 27.874583 29.033640 29.889764 29.265641 36.664588 30.873105 29.401040 36.173107 27.030139 28.828744 29.953103 32.589530 29.902296 25.591410 30.028354 
36.035783 35.718542 27.857597 28.138775 39.100838 29.536174 37.567663 30.816005 28.847920 38.893574 41.852278 41.018940 39.761283 34.499824 26.608495 
37.932724 43.118145 28.024341 28.127805 35.155999 26.797310 38.177125 30.904626 39.747937 29.395390 29.305130 26.817460 41.042752 34.207790 24.747265 38.875004 41.003544 37.480135 41.917665 38.445384 25.895879 27.547042 32.451876 
38.195240 43.163342 30.175865 28.237210 39.359482 28.311964 39.632876 30.613901 27.266472 29.836670 40.072557 36.764975 37.155786 42.411872 35.806115 
36.511457 27.072186 30.728526 29.156197 41.774831 27.986950 39.843945 30.473850 28.858869 30.193168 27.687198 39.380950 39.346301 26.914394 41.610342 36.070194 32.650686 32.745165 26.804306 
36.246841 39.026469 30.225008 29.739354 39.174427 25.345720 39.443184 40.192308 30.855270 39.694376 27.974566 25.792245 29.463242 24.523792 
26.513111 41.993413 30.203535 29.606816 41.020668 38.275681 34.037698 27.194438 30.926637 29.673852 43.904575 31.485203 28.402821 39.560012 32.993773 39.450467 37.319563 38.917086 43.378591 
38.650618 42.529060 28.182528 28.994260 28.172347 38.151475 38.957529 36.254700 30.936029 29.625397 30.629117 40.995080 43.198372 41.015696 34.996405 40.623972 
30.728549 29.678593 40.196747 29.355324 28.246731 37.056133 36.642393 29.540517 29.873588 33.404650 25.153588 
30.888301 30.258143 40.224464 28.637599 28.549694 38.390999 36.988013 29.271135 29.527855 34.346543 
30.785081 29.747366 37.243406 28.558249 27.947525 31.849697 28.945417 41.035072 33.184631 40.052432 30.332286 40.875025 33.310744 25.746310 35.362788 
30.962165 29.483348 39.628136 28.190725 28.228120 30.284767 28.679737 28.430525 36.388298 27.329835 40.854437 37.498840 
30.804669 29.602003 39.229808 41.376191 28.316833 28.679555 37.334254 37.525730 38.853585 28.964928 40.027576 
30.942371 29.170190 39.585132 38.715315 28.524879 28.112983 29.382699 38.143709 39.029097 40.013484 28.907604 
30.724415 29.692381 39.395840 28.227404 39.383909 28.794087 36.684961 29.920600 43.330510 28.510784 
30.890112 29.653592 39.592252 28.109330 28.555657 37.779809 33.684447 30.312227 37.307061 33.890819 26.865010 44.195343 43.105099 
30.960652 29.702607 33.827418 28.286168 28.439533 29.980096 38.498001 38.629151 35.072425 38.996947 40.332901 42.436583 43.826295 38.552632 35.663883 39.489489 
30.865981 29.263894 36.132845 28.490170 28.195269 39.616254 37.454483 29.908073 25.798212 27.963844 27.284319 27.364157 
30.448508 29.663324 28.950292 28.377836 39.358349 32.587239 35.183425 37.457822 28.985517 34.484839 37.687696 37.914742 38.561230 
30.895059 29.916730 24.689248 28.020527 39.199621 28.186934 32.094435 37.840015 29.871083 37.636500 36.935113 40.515758 40.974954 44.334210 
30.870415 29.413850 30.327215 28.034202 39.445197 28.485573 40.948003 37.456620 33.526809 37.490736 36.791719 29.015293 32.190050 28.914507 40.557488 41.361909 29.235848 43.256693 
30.750272 29.769494 29.267215 28.342290 36.153430 28.079149 25.897205 40.890593 34.593998 36.131889 35.668446 36.125536 34.349628 
30.680364 29.710560 30.237677 28.196200 32.837163 29.652287 39.492113 37.042316 36.755314 29.728353 43.020264 25.662422 
30.910765 29.301264 29.356190 28.195054 33.685684 28.501256 39.622041 38.202907 42.213487 37.309472 40.255295 26.581548 35.565637 29.780867 
30.938231 29.700301 29.601671 28.138045 43.056281 28.967906 38.798024 39.009599 37.575825 34.798860 26.288980 38.968667 36.886597 
30.832120 29.478157 30.226754 28.434863 40.856985 28.424802 38.404519 42.402698 39.243890 29.332069 38.926634 38.913114 27.960429 40.331224 34.079448 40.633954 37.842862 31.605296 
30.836076 29.196632 29.926147 27.842205 28.899191 28.549970 40.586552 24.567968 38.941732 40.609545 30.038521 27.979165 41.592980 38.063227 26.366240 41.838154 40.122305 37.144309 40.484424 39.553649 28.386471 40.287052 24.435932 26.959107 38.774099 38.870407 32.089947 
30.783756 29.373255 28.389101 38.586652 40.865898 28.131319 29.995882 28.317848 27.071747 26.045606 39.947868 36.578391 39.701105 25.614257 29.968633 
30.556267 29.691906 26.157189 26.307240 39.492822 40.968136 36.015263 42.843564 28.146628 28.105699 38.765192 39.633136 25.998161 28.485859 40.580563 37.517745 26.590508 29.818048 32.343210 40.516263 28.611529 44.172696 
30.621712 29.436694 39.826915 29.017664 30.054000 36.585440 31.271209 37.383291 28.188477 28.565978 30.497871 35.841540 
30.775698 29.838557 39.419612 38.023189 30.008372 30.595251 36.651039 31.585578 28.002877 29.399266 38.374446 41.299331 38.835498 27.908509 40.127040 29.428053 25.334340 28.791117 43.341382 40.064207 
30.840478 29.423504 39.872815 42.680386 29.314344 39.032566 32.009438 36.794314 27.976537 28.577166 38.299396 25.729580 28.050629 29.033463 33.399947 40.278669 25.629916 33.631919 
30.737827 29.012555 38.637281 31.848448 27.863964 29.515730 28.262112 29.712139 39.848242 36.154741 28.107312 28.952778 36.898469 28.232921 34.523508 
30.738258 38.940198 39.772130 34.417862 27.677039 30.213754 28.905452 29.900584 24.738011 40.485276 38.713422 42.179457 38.953584 39.783810 29.196381 23.902611 28.196025 
30.986185 42.227330 36.041071 42.973131 40.773693 36.991210 28.367587 29.063016 30.367084 28.740291 27.437855 
30.991413 28.307138 33.515903 44.007167 36.002920 36.357002 28.348089 29.401398 29.339401 40.931420 40.484814 44.290266 39.461468 31.108185 24.577462 
30.395523 27.672707 25.166965 29.099844 37.685478 38.308768 28.624416 29.996333 37.465463 27.772744 42.357396 38.724945 28.571350 34.843610 28.821096 33.957095 34.141568 33.726362 39.570390 28.811425 
30.917433 28.049804 39.106392 29.374237 38.756228 38.520951 28.256453 29.542561 27.577313 32.270667 27.653715 33.516270 34.461909 33.267354 27.718548 
30.596512 27.768433 39.053784 35.740987 33.816373 37.985437 29.063889 30.012458 28.634884 35.362236 30.306828 37.952160 26.210128 27.807620 
30.717137 28.299285 39.621562 36.860399 38.858492 28.653747 27.487833 29.769315 28.226631 28.967795 29.638404 35.082097 25.242671 40.839453 44.420269 
30.956848 28.329998 38.918752 28.194438 37.319962 38.479738 30.345989 29.275836 26.827514 42.003185 39.831085 41.352474 28.498273 31.759972 
29.577229 27.936647 41.473912 28.232599 42.790607 36.733599 41.530627 29.896634 39.024785 36.636882 30.787311 35.953581 
29.631951 43.350186 27.892454 29.330590 25.257497 37.382943 30.752440 29.378274 38.179741 37.233567 39.916997 41.612934 28.187984 26.766473 34.602377 
27.121774 30.005232 28.001257 28.305305 26.913388 36.436268 31.015348 29.628089 39.375922 40.678517 24.296571 24.613775 28.974193 32.578880 34.180390 38.389403 31.492179 36.773455 24.202692 30.108267 26.145652 29.608106 38.281843 33.508351 39.943851 37.364785 36.773924 32.906356 31.496286 
29.292302 41.833058 28.264382 28.299731 36.761555 36.740949 30.659621 29.409593 38.917783 35.456039 42.337965 24.718662 28.502405 33.498465 42.359033 26.078499 30.962828 29.219600 27.850803 
29.188405 36.514930 27.933629 29.120703 31.005825 37.597599 29.762030 29.846934 39.177286 35.143233 26.665992 26.274742 34.357608 
44.034448 35.792262 28.159130 36.079582 30.689166 33.644121 28.413711 29.528223 39.828100 29.397064 25.840501 24.100270 29.809700 
42.844877 36.246259 27.932504 36.637014 30.673950 29.929935 29.055214 29.869806 40.970963 31.301132 39.689814 
28.093352 40.218748 27.685270 37.701254 30.972662 37.037491 40.228708 24.349071 38.933938 42.267629 29.836093 29.641369 31.395617 40.136141 31.111614 
30.537178 35.863398 27.981915 37.607112 30.908623 36.437101 29.535721 24.891937 28.885041 40.136954 27.424187 26.830615 32.214748 28.335845 32.382180 26.006298 27.214739 39.216007 
29.451706 36.871350 28.137015 37.922011 30.877992 39.162981 29.875560 43.893076 28.239265 42.985308 40.272820 25.690038 38.470579 26.032875 
29.855860 26.339589 38.691913 28.377263 42.155237 39.986134 29.747668 36.589957 30.317959 28.234234 42.790135 43.176263 
30.513364 35.998373 38.415431 28.521111 27.746910 39.244297 29.652857 30.471012 25.041403 38.108642 38.000261 42.264728 40.692138 
40.474201 23.709394 37.939919 28.211882 27.904830 30.060512 29.589453 30.896613 25.214440 43.920379 24.295898 26.956354 28.688516 29.650684 36.668142 24.209294 28.442345 
41.061322 35.573747 36.144110 28.692638 27.596539 33.995296 29.452436 30.677663 42.038562 41.246188 25.309906 39.908345 29.079591 41.755939 28.568544 28.731261 26.674623 27.126242 
40.746929 35.657014 37.609204 28.683647 28.086468 29.410953 29.504044 30.620754 36.107657 26.182077 36.089048 26.633976 34.541270 28.370224 
