 0.741440  1.114668
 0.832651  2.348069
 0.896228  2.500821
 1.091774  3.838403
 1.145381  1.582222
 0.997588  3.554874
 1.264972  2.019140
 1.150596  2.560272
 1.075548  3.787322
 0.813450  1.625069
 0.717444  1.891208
 1.094322  3.438283
 0.985082  1.955478
 1.069544  1.426562
 1.203648  1.491452
 1.037068  2.006176
 0.949322  1.734019
 1.015755  2.778693
 0.928213  2.913324
 1.153104  5.622433
 1.197643  2.938267
 1.214797  2.963190
 1.197840  1.118070
 0.974197  2.540325
 1.067012  1.959037
 1.287240  1.655152
 1.215548  2.797844
 1.306206  1.554591
 1.400114  1.701855
 1.171688  1.798565
 1.195455  2.495890
 1.375633  1.070705
 1.151123  0.876443
 1.249932  1.665121
 1.283409  1.872411
 1.368427  3.901059
 1.168381  1.662854
 1.223790  1.735266
 1.232973  1.861367
 1.188667  1.394894
 1.377570  2.071809
 1.237565  1.543353
 1.123642  1.061998
 1.098627  1.577569
 1.350946  1.712554
 1.355450  1.497781
 1.388017  1.810260
 1.069821  3.593618
 1.386201  2.953892
 1.325359  1.058175
 1.297513  2.258644
 1.265235  2.092114
 1.269709  2.518852
 1.172105  2.447508
 1.145810  1.497906
 1.092275  4.244532
 0.965782  2.137103
 1.264541  1.661425
 1.364922  4.713546
 1.142273  4.591621
 0.900208  1.099119
 1.222515  2.333946
 1.325694  2.039564
 1.218174  2.640667
 0.943986  1.934601
 0.980748  1.838934
 1.166086  1.313253
 1.166353  1.974812
 0.896123  2.114449
 1.115229  3.811812
 1.241929  1.622087
 1.192163  1.129889
 1.122347  1.115312
 1.347640  1.849021
 1.022856  1.566762
 1.062750  2.609060
 1.439933  6.666997
 1.094057  2.693172
 1.270367  1.848391
 1.209877  1.004152
 1.263613  1.002828
 1.184699  2.231403
 1.069267  3.629484
 1.176224  1.714817
 1.014834  4.350768
 0.990645  1.709218
 1.214439 13.359562
 1.312362  1.596345
 1.275924  1.300355
 1.299350  2.156803
 0.988546  1.561527
 1.275481  1.572603
 1.093160  1.879200
 1.193435  2.547188
 1.289652  2.882661
 0.752861  1.844785
 0.885739  2.108979
 1.166876  1.280784
 1.227434  2.194179
 1.191881  1.999008
