0.000000 0.016270
0.000000 0.032266
0.000000 0.013115
0.000000 0.035613
0.000000 0.035627
0.000000 0.044458
0.000000 0.030901
0.000000 0.038310
0.000000 0.031180
0.000000 0.021317
0.000000 0.028271
0.000000 0.232623
0.000000 0.055384
0.000000 0.030854
0.000000 0.024175
0.000000 0.028959
0.000000 0.049878
0.000000 0.021046
0.000000 0.022394
0.000000 0.031982
0.000000 0.022889
0.000000 0.027395
0.000000 0.073428
0.000000 0.038467
0.000000 0.030529
0.000000 0.023042
0.000000 0.060806
0.000000 0.033750
0.000000 0.015934
0.000000 0.032372
0.000000 0.025370
0.000000 0.029769
0.000000 0.028546
0.000000 0.038739
0.000000 0.024291
0.000000 0.031165
0.000000 0.032846
0.000000 0.051040
0.000000 0.057608
0.000000 0.028426
0.000000 0.026063
0.000000 0.020699
0.000000 0.035222
0.000000 0.041531
0.000000 0.046091
0.000000 0.042102
0.000000 0.070015
0.000000 0.034807
0.000000 0.047202
0.000000 0.032201
0.000000 0.015054
0.000000 0.039264
0.000000 0.031342
0.000000 0.030499
0.000000 0.024862
0.000000 0.029562
0.000000 0.033708
0.000000 0.034387
0.000000 0.027789
0.000000 0.022152
0.000000 0.042305
0.000000 0.068190
0.000000 0.063929
0.000000 0.048057
0.000000 0.070188
0.000000 0.022598
0.000000 0.048607
0.000000 0.083914
0.000000 0.107695
0.000000 0.048327
0.000000 0.019911
0.000000 0.055489
0.000000 0.019221
0.000000 0.017563
0.000000 0.046464
0.000000 0.024344
0.000000 0.024085
0.000000 0.023290
0.000000 0.038328
0.000000 0.012154
0.000000 0.020676
0.000000 0.020719
0.000000 0.039856
0.000000 0.057837
0.000000 0.042779
0.000000 0.014588
0.000000 0.026915
0.000000 0.022652
0.000000 0.040099
0.000000 0.023595
0.000000 0.024084
0.000000 0.014828
0.000000 0.020026
0.000000 0.050373
0.000000 0.026133
0.000000 0.036769
0.000000 0.047394
0.000000 0.030303
0.000000 0.038258
0.000000 0.040027
