-76.057615 -73.079054 -89.957041 -78.516940 -91.242867 -69.228420 -91.108304 -90.946021 -71.773180 -75.340138 -88.307460 -69.843615 -77.461934 -75.259926 -71.897332 -73.557374 -73.043589 -72.959299 -69.903923 
-69.433166 -74.094082 -90.063118 -75.126225 -91.176316 -76.496235 -90.872414 -91.289660 -75.940535 -85.957495 -76.202216 -74.324464 -74.480228 -81.103357 
-90.558336 -87.698600 -75.629816 -73.205184 -91.109320 -74.090969 -91.055112 -91.170793 -76.295090 -75.254864 -69.786329 -76.311005 
-74.963689 -86.614228 -90.884830 -73.499124 -91.228168 -77.109049 -91.229691 -91.056668 -68.888807 -68.835807 -76.812854 
-88.433951 -76.726146 -90.227243 -72.258994 -91.086212 -76.450064 -90.882142 -91.051132 
-89.226547 -76.595599 -86.695716 -73.173575 -90.939706 -74.933520 -90.834712 -90.920012 -76.448528 
-89.806481 -74.991112 -78.798469 -88.602163 -91.063418 -71.428394 -90.852666 -91.090741 -75.922595 -78.398463 -74.419553 -75.578709 -77.380603 -69.976300 -86.577446 
-90.103526 -75.923569 -84.193301 -70.707196 -91.059967 -74.936710 -90.943914 -91.030894 -73.988798 -75.144598 -90.334336 -71.986944 -89.336603 -83.825399 -83.573513 
-90.583948 -76.077192 -78.352569 -73.020627 -90.942962 -76.362664 -90.550945 -90.898752 -70.058600 -79.467757 -74.858206 -68.640154 -71.694672 -69.651702 -86.981270 -75.169517 
-90.271889 -84.549162 -96.901469 -73.946467 -91.064923 -90.729813 -73.418538 -90.877709 -77.096643 -70.147751 -75.558319 -77.933320 -95.939898 
-79.351444 -90.734474 -73.541347 -80.568289 -91.032023 -90.713297 -75.299573 -90.917567 -75.926894 -74.247109 -97.881941 -75.539941 -80.484164 -77.061358 
-89.935497 -89.887733 -88.945072 -75.009593 -91.000511 -90.930876 -73.134948 -90.834451 -76.412180 -77.427855 
-74.114169 -91.153641 -68.253781 -76.469977 -91.238641 -91.016303 -72.879991 -91.363514 -71.498152 -84.515239 -76.114631 -69.354949 
-75.573302 -76.426083 -87.311746 -75.740471 -91.306131 -73.754432 -91.138119 -91.324581 -89.961562 -88.181845 -68.365345 -70.032269 -87.985334 -82.139903 -87.560968 -75.794564 
-73.833235 -73.331765 -89.693094 -76.261290 -91.492714 -75.787271 -91.357570 -80.278217 -91.464399 -84.074268 -78.798870 -88.483419 -71.821527 -72.643746 -78.679062 -88.446234 -78.500607 -83.988427 -71.960662 -73.701492 
-73.248285 -91.204260 -87.178631 -76.778321 -91.450917 -73.619091 -90.368622 -75.010629 -91.056580 -69.696929 -71.097296 -68.273711 -87.757985 
-91.445696 -91.553432 -89.090228 -69.579163 -91.489233 -75.193112 -68.292762 -68.571238 -73.706877 -71.262548 -75.862447 -76.309986 -72.684878 -90.308021 -96.362417 -76.299905 
-91.543753 -91.246500 -89.059162 -77.046082 -91.574152 -73.198210 -90.317770 -73.645426 -75.570996 
-91.348393 -91.467082 -89.132981 -74.720754 -91.426272 -74.810917 -89.537150 -75.608650 -79.391049 -75.581369 
-91.650119 -91.534272 -83.045880 -74.314697 -91.567755 -71.413917 -90.018030 -88.180759 -75.629810 -76.071439 
-91.259069 -91.544885 -73.921626 -88.635884 -91.572979 -76.854740 -90.156163 -75.142552 -84.704109 -85.547205 -87.819022 -95.714478 -79.352178 -77.076230 -88.050802 -80.322836 -76.849461 -79.432308 -76.008681 -86.885535 -97.784908 
-91.200283 -91.719886 -78.884747 -68.226482 -91.619309 -68.318263 -90.943894 -76.032651 -73.805925 -75.689437 -87.994600 
-92.113550 -92.276959 -73.746588 -69.183836 -92.254048 -73.688089 -75.635092 -76.966950 -73.799116 -83.277344 -85.625345 -76.478986 -89.364671 -78.534200 -87.627451 -96.779232 -75.326565 -71.210835 -74.838242 -88.797419 -87.562864 -96.040665 -75.513798 
-92.452876 -92.574980 -76.677265 -73.452313 -92.237893 -89.213742 -88.745051 -76.985387 -92.638066 -92.119471 -71.434701 
-92.792321 -92.626333 -74.393628 -72.921047 -92.787042 -89.330952 -88.060847 -76.715885 -80.176574 -78.337824 -80.859960 -75.392160 -75.038928 -82.819308 -98.013749 
-80.536470 -93.052879 -76.496134 -73.689864 -92.985155 -89.032202 -88.535555 -75.742431 -93.058556 -74.148216 -75.097103 -79.624450 -75.724422 
-71.217667 -71.478390 -75.380849 -72.620989 -93.400188 -88.237937 -88.035857 -93.546113 -93.480936 -74.851941 -69.913755 -76.437231 -85.974702 -86.384784 -69.327165 
-74.453521 -70.666380 -76.644172 -73.759530 -93.199088 -88.858653 -87.681511 -93.294088 -93.177029 -70.055607 -97.300603 -81.767329 -95.694200 -84.156103 -70.025953 
-95.715147 -70.358137 -76.174587 -74.193692 -93.429298 -88.374180 -84.396488 -93.528529 -93.608157 -88.203531 -78.701038 -95.046004 -94.873560 -68.837303 -94.923426 -76.062148 -75.978816 
-68.623647 -70.599869 -69.375111 -95.663370 -93.664984 -87.584235 -86.693397 -93.785095 -93.509628 -75.090403 -75.246730 -74.886242 -97.458774 -74.610032 -78.931474 -84.063545 -70.342471 -73.898772 -79.409978 -78.766134 -95.649319 -97.112539 
-93.939666 -70.703823 -73.685119 -76.306578 -93.670029 -86.857291 -86.796513 -93.651368 -78.271550 -76.631360 -69.018510 
-93.444114 -76.927937 -72.831285 -75.537421 -93.810739 -87.748585 -86.978934 -93.852491 -97.388562 -82.884059 -98.089766 
-73.364175 -69.573789 -72.587872 -86.657955 -93.810983 -87.207963 -76.373045 -93.837904 -93.817291 -76.870956 -73.890951 -69.640763 -72.424386 -70.073999 -68.466389 -83.236672 -70.407507 
-72.780306 -94.071428 -95.825797 -86.584164 -93.870819 -87.060496 -74.166872 -74.271756 -93.774986 -75.920022 -81.226812 -69.764048 -71.813221 -74.756497 -69.074501 -70.108302 
-73.951366 -93.660871 -71.627333 -87.364385 -93.450460 -88.382764 -95.511077 -73.555177 -78.678209 -76.924643 -93.369858 -73.729708 -73.034258 -75.651617 -97.530470 -74.904741 
-75.400290 -93.570442 -85.823921 -86.907349 -93.570041 -87.357884 -93.607896 -72.944810 -73.909615 -76.143248 -95.901737 
-87.312754 -93.476598 -72.605327 -79.165539 -93.208219 -88.219900 -93.274428 -73.419179 -69.428649 -76.142705 -80.304130 -96.376154 -75.121712 -72.475189 -69.711239 -78.255320 -78.476453 -74.214886 
-86.657721 -93.316321 -68.954171 -71.997579 -93.152363 -88.292417 -92.977196 -75.209699 -70.054704 -68.931176 -75.192715 -68.579682 -74.903470 -83.673321 -80.157812 -84.181879 -79.366628 -83.360874 -73.127061 -80.588284 -82.162516 -83.345610 -71.019205 
-88.413124 -69.344568 -74.000232 -75.564457 -93.648951 -88.720633 -93.458711 -93.805899 -75.929242 -80.241899 -69.701296 
-88.217990 -82.486266 -81.662239 -74.106732 -73.631330 -88.364498 -93.318682 -93.272195 -78.116038 -69.901704 -84.096693 -77.038810 -77.037605 -93.345935 -68.596797 -86.265105 -95.614186 -79.840427 -87.578381 -83.939297 -84.838726 -84.413447 
-86.785218 -83.514730 -76.730296 -73.190108 -97.075798 -88.049088 -95.971399 -93.587043 -93.582736 -76.482889 -93.591086 -85.521377 -69.169667 -85.845615 -74.503860 -82.116700 -95.420582 -95.767354 -96.331370 
-75.468263 -73.228891 -79.657350 -96.254137 -93.347476 -69.141860 -87.137413 -93.312271 -93.114244 -97.775171 -80.035340 -85.426896 -75.706686 -70.428929 -81.135567 -87.256124 -71.817227 -76.892052 -68.876170 -97.727701 -74.145399 -97.847602 
-96.235967 -72.981108 -74.527306 -88.405561 -92.919889 -76.512230 -76.080023 -92.936504 -93.013609 -68.944703 -87.772455 -68.928269 -96.511381 -84.216388 -72.369111 -96.789118 -71.289025 -68.740618 -79.591133 -76.530092 -85.260266 -74.157557 
-74.756294 -72.841470 -68.669105 -88.577870 -93.062722 -93.003259 -76.573863 -92.981549 -78.443611 -68.535577 -88.462511 -69.931115 -80.914345 -69.018706 
-86.226831 -73.722909 -93.122453 -89.061308 -84.497113 -93.347939 -75.969803 -93.387241 -88.843207 -74.704225 -84.055905 -84.639246 -87.899643 -78.831338 -86.618626 -96.247347 -86.084957 
-74.577694 -76.572164 -93.415009 -88.546357 -73.499771 -93.529414 -76.512377 -93.676934 -87.974705 -73.610732 -69.684441 -68.438046 -68.902362 -75.881494 -96.604934 
-74.968449 -70.630334 -93.124152 -88.615561 -75.732267 -97.792828 -75.007220 -93.230980 -74.202464 -93.331922 -87.386740 -79.165896 -71.587169 -77.250434 -80.240977 -72.001233 -71.691711 -74.133585 -68.415219 -72.735436 -96.853465 -78.892467 -76.620194 
-75.658299 -70.665606 -87.902137 -89.003286 -72.372950 -92.910400 -75.640297 -93.017941 -77.798015 -92.966400 -70.547916 -75.543854 -74.110683 -68.165801 -76.490032 
-74.960969 -96.399025 -88.422116 -88.907469 -68.354599 -93.177710 -75.490273 -93.225053 -80.262557 -93.168472 -96.371813 -76.282168 -72.585416 -98.050390 -68.943931 -74.893103 -78.714463 -76.907190 -78.932397 
-75.421643 -76.183236 -88.729259 -88.888596 -71.773265 -78.203805 -74.350708 -73.869267 -93.311939 -69.188347 -93.307865 -97.278184 -93.211143 -83.334266 
-84.196696 -69.643127 -88.696752 -88.885881 -70.252789 -76.760420 -77.084269 -77.827823 -93.220406 -93.308585 -69.745993 -80.779458 -93.324890 -70.735540 -76.755523 -74.317413 -73.849518 -71.486712 -69.757269 
-72.121746 -69.698292 -88.225010 -88.713214 -93.155025 -76.855216 -73.460823 -75.435633 -93.519144 -93.320187 -88.195190 -68.142476 -70.168289 -68.698030 -75.417851 -69.071837 
-93.509762 -87.625427 -73.496478 -87.888734 -93.540260 -77.008631 -74.047499 -93.278271 -85.892690 -76.835492 -96.680165 
-93.184110 -88.399822 -73.584924 -88.952111 -93.061111 -76.866611 -76.621720 -93.132321 -85.013748 -76.860439 
-93.101294 -93.015524 -77.044030 -87.758602 -92.908415 -78.321771 -80.065165 -72.853478 -76.021024 -73.581641 -86.752768 -69.633710 -78.446475 -95.779455 -76.003511 
-93.004911 -92.962456 -72.932798 -88.631211 -93.170243 -87.178602 -80.509928 -79.932011 -74.743333 -79.761098 -69.128730 -76.747212 
-92.516249 -92.665316 -75.629338 -70.107524 -92.464022 -88.942227 -76.447867 -74.214204 -75.874775 -88.406545 -71.386279 
-92.498335 -92.545016 -75.330394 -72.085579 -92.539346 -88.456555 -86.890928 -73.656969 -75.118772 -68.620702 -86.442709 
-92.378600 -92.288528 -74.834431 -92.192250 -75.773453 -89.114894 -74.645913 -87.992738 -68.735687 -84.215834 
-92.013356 -92.340436 -73.631961 -92.360469 -89.514738 -75.979501 -75.608786 -88.359793 -74.091171 -77.151403 -77.994685 -69.502759 -68.761639 
-92.693196 -92.521736 -75.594683 -92.379707 -89.627272 -88.440823 -75.357437 -72.835846 -74.177941 -74.581939 -72.548363 -68.337629 -69.586978 -74.274194 -75.310313 -75.098801 
-92.551739 -92.518831 -74.782439 -92.439088 -88.581948 -72.790019 -77.145511 -86.784231 -96.471303 -84.321354 -79.403567 -95.784464 
-92.605970 -92.637040 -89.519501 -92.622279 -74.038075 -77.195332 -76.471312 -74.229060 -88.884408 -74.460806 -73.587281 -76.475630 -73.938547 
-92.742061 -92.827349 -78.782239 -92.591579 -73.833845 -89.322421 -79.561144 -73.266692 -87.533954 -76.406444 -74.561424 -68.981640 -69.150870 -69.222754 
-93.494056 -93.302794 -88.262508 -92.987570 -73.664401 -89.087879 -70.386391 -73.552572 -77.453660 -76.487870 -76.674217 -94.706721 -77.621874 -88.973386 -68.444099 -70.403138 -94.685638 -68.569728 
-93.605000 -93.429794 -87.182475 -93.394836 -74.135535 -88.277575 -95.688014 -73.672707 -76.092394 -75.868737 -74.419885 -74.334297 -74.565092 
-93.901447 -93.698081 -87.584453 -93.702736 -77.131068 -87.604846 -72.698483 -76.931213 -73.789352 -84.768651 -68.650530 -97.427566 
-93.901971 -93.540002 -87.854874 -93.572824 -75.025526 -88.386228 -73.807805 -76.478442 -70.577233 -73.479822 -72.464695 -83.375143 -74.676179 -85.614259 
-93.330294 -93.258233 -87.787797 -93.427187 -69.397406 -88.031003 -73.810965 -76.202044 -73.426223 -76.388860 -79.509111 -76.797628 -76.340365 
-93.664400 -93.461714 -86.941221 -93.465335 -71.873888 -87.303235 -74.164015 -70.715719 -75.370633 -93.582503 -74.974665 -75.403447 -84.733898 -70.342851 -76.045479 -71.073371 -76.796229 -80.177175 
-93.376787 -93.249553 -87.196226 -93.292413 -80.567456 -87.656186 -69.910924 -82.928037 -74.501264 -72.228120 -94.500468 -94.796932 -68.801422 -76.142492 -81.821427 -70.514820 -70.155885 -73.961507 -71.254983 -70.261044 -95.742005 -73.969907 -79.453145 -78.301796 -76.040013 -73.138902 -79.764314 
-93.521664 -93.325393 -86.972520 -76.639612 -72.094903 -88.662561 -87.509173 -93.456244 -82.393602 -96.989080 -71.502894 -74.383460 -75.227165 -96.450244 -86.408144 
-93.896671 -93.760246 -97.321906 -79.686968 -69.538008 -71.679608 -75.134903 -69.130122 -93.744318 -87.923904 -76.687735 -73.748537 -96.791643 -87.605816 -71.062687 -73.354061 -79.297452 -84.768666 -78.820797 -69.515225 -85.905134 -68.725034 
-93.823438 -93.708968 -74.024847 -84.372113 -87.125233 -74.003570 -80.427636 -76.607356 -93.602477 -87.634202 -86.898722 -75.102057 
-93.327057 -93.465700 -74.176380 -73.460004 -87.624463 -81.204275 -74.664451 -78.821682 -93.726477 -88.061071 -75.955683 -70.249602 -71.917528 -83.118388 -70.861954 -81.169505 -96.033371 -83.767993 -70.004402 -69.740731 
-93.137979 -92.965166 -75.262304 -68.964685 -88.025843 -72.965334 -79.829047 -74.431424 -92.869466 -88.490537 -75.886332 -96.451927 -78.810636 -86.104956 -75.934106 -71.619522 -97.366001 -75.169490 
-93.672568 -80.681790 -72.662379 -81.155200 -93.364088 -86.782695 -87.764315 -93.512272 -69.412097 -74.309019 -83.700192 -80.616788 -76.286108 -96.934450 -75.000770 
-93.566628 -76.622086 -73.999367 -75.193791 -93.889783 -87.512466 -88.217121 -93.625872 -83.362944 -72.430587 -73.640484 -68.109294 -72.268445 -69.826462 -80.965895 -80.631453 -96.263676 
-93.705965 -68.471057 -75.390045 -70.331011 -73.447469 -76.567264 -87.821424 -93.579383 -86.806019 -93.633552 -80.322564 
-93.639708 -93.679610 -75.033255 -69.431039 -74.707656 -76.611498 -87.602098 -93.760525 -86.922542 -70.435775 -73.116788 -69.256509 -70.554391 -80.778640 -82.657202 
-93.786035 -93.544199 -96.343581 -87.542547 -73.955557 -75.664970 -87.804994 -93.732650 -73.797399 -97.094622 -69.361209 -74.591272 -95.778695 -76.961779 -86.510927 -77.168000 -77.067813 -76.368961 -71.712921 -86.587362 
-93.367164 -93.448646 -74.968107 -87.068766 -75.148724 -75.899562 -87.859635 -93.427474 -96.730012 -78.827893 -78.132058 -75.980192 -77.605383 -77.337135 -96.242710 
-93.260853 -93.806569 -74.634420 -74.107906 -74.843997 -75.375162 -80.295216 -93.322058 -87.837595 -75.716836 -87.019507 -74.666128 -95.926176 -96.326342 
-93.427693 -93.569810 -73.874406 -74.489479 -76.658694 -96.066856 -96.597597 -93.498635 -87.518987 -82.780458 -86.735838 -74.417901 -96.519715 -72.715282 -69.408963 
-93.428759 -93.522682 -74.321618 -88.563092 -74.481862 -76.108144 -87.702650 -93.451068 -82.261762 -69.316308 -72.474828 -69.866614 -87.733995 -79.346790 
-87.086928 -93.831862 -68.805854 -88.045872 -70.209357 -75.619248 -69.643332 -93.777315 -73.023982 -74.666917 -93.805130 -75.686490 
-87.939514 -68.571694 -93.382872 -88.007504 -83.254286 -75.828358 -93.432909 -93.441276 -73.630107 -75.051715 -69.789728 -69.825486 -96.337779 -95.465096 -76.381340 
-97.767597 -86.553047 -93.700886 -88.147506 -84.043718 -74.652838 -93.374862 -93.464026 -74.104105 -70.197230 -80.823955 -81.491692 -84.808857 -77.069622 -74.542031 -77.061787 -78.505177 -74.561255 -79.204621 -87.325943 -81.492055 -85.015383 -76.634190 -76.433670 -69.972249 -77.046346 -76.881384 -76.962018 -80.873538 
-87.797293 -69.808750 -93.297176 -88.775133 -74.060546 -76.042362 -93.287851 -93.191398 -72.862076 -75.875015 -70.982047 -78.473854 -84.941591 -76.142062 -69.318671 -96.192650 -80.502296 -82.771322 -83.756232 
-86.282449 -74.189849 -93.017239 -88.044200 -93.170713 -76.866346 -87.754289 -93.269194 -72.846121 -74.402500 -95.773115 -96.610918 -76.039448 
-69.527065 -74.973522 -93.336651 -76.024093 -93.848320 -75.368363 -88.575922 -93.538118 -72.315551 -88.035880 -82.110671 -79.307868 -81.261757 
-68.212265 -74.632357 -93.864291 -76.692852 -93.862995 -87.963563 -88.273642 -93.752344 -73.668071 -81.123541 -71.998484 
-87.950484 -69.309305 -93.672032 -76.399920 -93.436748 -74.992495 -69.887839 -82.167668 -73.519897 -70.009421 -93.292949 -87.075625 -79.151880 -70.547412 -81.182030 
-87.744794 -74.747852 -93.102263 -76.884800 -93.609336 -75.540380 -93.304535 -78.630016 -88.399943 -73.834377 -97.921093 -97.273813 -78.350553 -87.058184 -79.963202 -78.558097 -79.343538 -72.040223 
-86.577378 -75.539727 -93.886637 -76.280662 -93.633179 -74.230622 -93.632094 -69.559769 -87.687078 -70.420086 -71.292554 -81.394793 -74.177980 -96.350326 
-87.460269 -83.889098 -76.675224 -87.947497 -70.100761 -73.705533 -93.883593 -74.712032 -93.887700 -93.884425 -68.939669 -69.436518 
-87.240860 -74.195547 -75.746992 -87.892996 -93.850384 -74.281688 -94.005986 -94.070334 -83.213024 -74.290421 -76.493397 -70.195189 -68.427117 
-73.758487 -79.732533 -76.769581 -88.268541 -93.785159 -86.985852 -94.022125 -93.900747 -81.022244 -69.338341 -82.688278 -96.040147 -85.192744 -84.818387 -74.883312 -79.726687 -83.304689 
-72.872172 -74.027841 -76.709776 -87.682666 -93.844458 -75.029273 -93.760902 -93.810053 -69.400258 -70.855018 -97.237292 -71.339420 -87.457177 -68.541134 -95.755120 -96.056058 -96.818310 -95.235199 
-73.807188 -75.711277 -76.749115 -87.983335 -93.242561 -87.224660 -93.150403 -93.094025 -75.363447 -96.996854 -74.779243 -97.693813 -77.362685 -86.468353 
