29.870057 32.228596 35.875437 29.003752 26.989631 31.568670 36.530559 28.416734 33.289878 39.365633 41.132087 28.442702 40.153209 38.022245 41.340675 29.217596 30.933817 25.158812 40.494838 24.087538 28.141920 26.968001 35.465801 40.639157 24.651339 28.900684 29.478493 34.060432 31.052139 28.430084 28.379496 27.052680 29.165852 
32.970269 32.778224 27.387355 41.086356 27.497352 43.484047 23.936602 40.822838 29.358030 42.535368 36.881390 27.871927 28.339220 42.385115 43.117446 34.839985 39.170486 
42.154740 29.828285 27.739619 29.642967 29.709893 41.937296 29.238380 29.510060 33.395524 28.870848 38.106940 33.240114 26.045420 24.524367 27.869225 24.281986 25.165301 26.775802 25.907297 
39.978170 28.451365 30.234876 27.397849 27.545519 30.803883 26.141682 40.920085 34.808951 38.877923 33.629694 27.904625 28.763573 25.059932 24.922887 43.806112 29.545498 
29.488920 28.600196 36.994460 27.879719 39.682318 29.309430 28.730771 35.708208 
28.912970 25.883967 28.392112 27.308119 36.030807 32.639188 38.922525 29.675760 25.047729 28.644680 29.657673 25.849412 28.984365 
29.223439 29.453960 25.694144 31.864276 29.617510 28.576756 38.908915 29.387956 37.536032 29.307367 36.034411 32.087826 26.478124 31.983395 28.269391 
28.306788 39.737033 28.098925 37.069241 36.133828 29.267118 26.371079 30.249466 28.854948 33.612258 
29.280444 41.236117 29.684910 28.154222 43.646084 28.194598 39.799876 38.433312 27.622252 28.256274 41.089353 41.266538 30.845560 28.435484 26.497497 40.050910 30.136382 29.465933 32.057462 42.966813 
43.403510 26.908988 38.827761 41.880164 27.103496 29.810127 25.858284 28.397033 24.870683 26.659185 29.402960 32.036545 41.234931 41.112117 30.273049 39.810643 33.894806 42.846098 33.143807 26.004362 29.825617 26.382652 25.532034 
23.904970 31.973373 35.348538 31.516443 30.297232 28.659866 38.446100 34.044595 40.099612 24.023143 29.384518 40.127348 27.664882 41.269154 24.418809 29.079253 25.913103 32.428040 24.743238 28.446762 29.077289 24.424617 27.568651 37.384340 30.099188 26.309224 26.901336 38.207004 
33.829744 40.852794 39.553964 30.528528 28.915947 
28.828432 43.147407 33.714144 28.986281 39.354466 26.198262 25.581224 25.223087 29.955505 39.638914 37.749792 26.761530 40.721551 29.106685 28.386717 34.143104 33.901499 42.946768 
43.401866 44.036064 33.658519 24.168453 29.029444 29.322278 23.962338 25.050014 25.255383 24.945595 33.217108 42.597207 25.916266 27.599154 31.630566 28.202559 25.764047 26.611756 29.590725 28.740244 
27.441162 28.925213 25.626968 28.596343 39.917707 29.610801 26.467263 24.272053 33.061006 24.504617 32.582764 30.664423 37.808570 28.132510 33.111989 28.418967 25.086063 33.983934 27.068547 
28.328355 34.547530 30.297838 28.531722 27.014968 28.663015 25.194921 42.103983 38.111556 27.154444 39.807186 30.881254 29.561884 28.784357 34.425212 30.442720 26.052155 26.527571 
29.998067 29.515249 33.919616 40.064964 29.204696 29.619436 26.194297 27.445404 32.583141 38.512335 33.564282 27.637096 30.552994 
29.392710 23.973923 30.661867 29.566884 34.940257 29.732326 31.773678 35.823265 28.372536 28.945044 30.226529 29.055263 33.386480 41.453752 29.090852 41.206689 40.350898 32.747425 29.877360 24.664448 40.718622 
41.924513 29.488200 30.738733 29.856086 43.980036 30.919197 29.962244 30.453490 28.728363 36.904878 26.315940 27.213105 28.426980 38.782134 27.627087 30.501714 33.290758 26.794416 28.938993 42.899028 26.958895 28.102200 29.781289 39.712443 41.381829 26.043984 32.253604 40.865111 
42.889488 28.500043 30.282903 26.354945 27.566308 39.172249 30.059782 34.132097 32.118677 28.445974 30.188590 29.996093 31.329599 28.093339 29.078134 27.773829 32.402524 33.567128 33.198135 25.543893 
29.199467 37.355939 28.289350 29.542116 30.646828 27.447331 30.516715 32.241720 27.928827 24.646206 42.804659 32.168436 36.734951 32.978263 29.882816 27.083074 27.548194 24.545711 29.254614 
42.432584 42.290188 35.317947 28.169645 26.740172 28.662340 43.403397 30.281320 39.891114 24.843855 38.569285 29.871328 28.262780 34.781733 29.958449 26.267247 40.865457 24.512469 27.907805 28.060185 28.781103 25.311768 30.050713 33.785397 28.045815 26.371573 
25.306176 27.406853 29.224201 28.511903 40.523537 25.151147 24.747967 40.848140 29.316015 28.033571 28.685705 
39.655608 30.278619 29.261676 28.737832 42.434863 28.780282 28.081271 28.912428 29.035457 26.591577 27.358602 
39.323463 30.116798 26.225792 29.002612 34.632363 28.079892 28.948095 28.223930 40.345066 27.934920 30.034702 25.906617 44.492396 29.272792 28.896424 33.926300 30.298315 41.084283 26.699383 39.539291 
41.030348 40.417406 42.940017 26.554569 36.964152 26.019632 30.188267 29.676869 30.213538 27.249908 39.207348 23.941794 28.607441 
26.361930 43.070845 24.619959 28.858546 40.483082 26.361665 35.943093 29.029140 
29.942712 26.952309 27.821417 29.015500 38.254658 30.460630 30.410349 28.893436 28.625282 29.345164 27.056951 28.897759 40.786961 28.470447 29.799603 28.583355 
43.114843 29.405326 29.095168 37.276310 29.005058 27.023738 44.271749 28.696525 27.548880 33.549470 26.571157 29.291341 39.352281 27.039382 25.529355 27.436343 34.831877 38.535592 29.903271 27.326649 24.621187 36.310126 33.431553 30.021968 35.066003 
40.393034 29.954980 41.304396 28.622920 28.179508 26.245211 24.485792 27.661539 36.335742 28.378181 24.269205 31.947490 26.576672 30.454614 24.741025 30.237931 24.318534 27.060811 
33.563939 27.287509 28.999521 28.654246 29.116625 38.952579 31.662646 39.052748 28.261592 25.335496 41.087401 27.182664 30.840469 26.954540 38.777038 24.700313 31.855335 27.175922 29.062050 27.648595 33.173141 32.582575 28.931930 30.710526 33.345096 29.018492 28.176646 26.864638 
26.589811 29.164866 26.715584 37.771719 34.388157 40.092711 29.928080 28.591085 28.526304 42.906974 25.395082 30.561444 23.772709 26.105435 30.023766 29.490356 30.175063 27.899698 30.277403 28.791103 27.529402 42.555600 30.063577 28.455576 35.765709 36.793080 27.991865 29.343849 24.198462 24.910651 40.209650 29.674065 
36.409145 28.938121 28.918148 39.835638 30.237275 41.556222 27.313735 27.323826 37.394644 33.385268 23.869905 23.941043 24.025628 30.164280 27.380249 29.988254 27.695902 33.892592 33.543518 28.242700 
38.474271 26.550433 28.780469 29.569296 27.812416 28.664085 39.435690 42.935987 30.183346 25.729173 33.465749 30.446106 39.422473 26.483031 39.654365 25.705706 28.572382 29.086519 40.689219 
25.918401 42.470198 29.869458 43.416178 28.214471 28.348722 30.008080 32.404067 28.833604 26.806037 30.642194 42.405271 30.760879 37.087008 29.091567 27.469341 35.929286 24.237901 38.722649 29.491279 28.346345 32.196574 42.397030 41.131291 
26.348551 28.818036 30.673858 27.624352 43.023029 30.570370 29.837655 37.495708 41.062326 28.712535 25.750786 26.464514 28.485052 37.514260 29.401628 26.633138 35.457868 
40.134491 26.050291 36.189383 26.506799 44.304168 44.079823 24.697961 40.419433 28.404771 35.751484 31.266137 29.248018 33.235690 27.172512 33.115383 
28.948761 26.755658 28.207465 31.517425 27.656242 35.281176 30.721939 29.093865 33.581519 30.151729 29.868104 28.981194 39.068289 27.933110 
29.729969 29.265421 29.410735 43.911917 26.134372 24.516743 44.221549 29.247817 40.645243 25.914179 29.703593 39.471764 26.466479 23.818585 
25.613906 32.324049 34.747693 28.633927 42.868031 29.023537 37.202032 40.799506 30.815875 26.063699 29.730020 28.414381 31.760059 27.597047 34.603641 31.339119 28.311443 40.608409 28.831718 39.984738 28.497563 26.567840 34.293858 29.687696 
35.894544 28.579124 28.604812 32.619064 42.913568 41.461872 25.595872 28.520454 27.874660 38.682849 35.405704 40.951266 43.548753 23.857500 39.597726 28.587064 29.251756 29.592670 42.965481 32.066362 26.157449 30.240091 34.725862 29.001332 
28.960514 26.683601 28.920892 27.048095 26.759599 37.368677 29.325825 29.832731 31.458991 38.767391 29.484091 31.042431 40.477400 36.401129 29.747515 25.758683 27.411343 39.541845 28.176440 39.718323 
29.809874 28.386670 27.179163 41.244655 23.659653 28.314641 43.264513 30.769304 25.050663 30.199968 28.865768 26.359658 
27.433518 30.498072 29.784321 38.635272 39.801506 29.859974 28.812011 29.817213 41.067053 23.642658 24.611210 26.772637 42.403469 29.201268 39.840947 40.102458 
30.217249 27.692358 26.116764 39.859091 41.321892 29.950489 33.958553 29.999814 29.417486 30.050550 39.165586 33.681658 24.937868 26.303572 28.479469 
25.096722 28.649854 30.383596 30.632418 33.614013 29.629308 37.109030 26.035587 30.795152 39.320485 40.273163 27.406283 30.205283 28.724822 25.898752 38.886006 26.675133 
29.682710 42.891906 28.163447 39.622940 31.239182 40.446475 27.206104 25.809507 40.874862 23.669218 30.919969 
24.377269 29.094468 42.490641 36.888109 26.589741 39.280222 27.370066 25.880189 28.620220 25.172925 
27.409359 28.697089 32.947362 36.903522 40.646847 29.957085 38.700010 29.178106 37.069011 36.705475 34.573726 39.061725 29.497011 26.017337 24.905533 40.741159 
23.835345 30.795052 38.117437 39.174459 26.285793 32.640657 38.894000 41.681677 26.891052 30.001687 27.986278 33.549551 32.474657 39.739195 24.250507 36.125562 38.648015 
29.299362 36.680972 42.033989 28.099806 29.695378 29.517347 26.811795 37.272826 40.418202 25.274780 30.295987 27.644455 32.346602 32.819692 33.095635 30.234060 42.510012 39.038719 32.240623 40.380018 35.116710 29.178492 28.312088 38.883962 37.875069 23.956622 26.703605 29.001867 36.518511 29.261608 29.509760 33.997343 28.523591 
29.824814 28.336409 29.558996 26.910703 44.413050 28.951928 29.147573 41.184476 29.427690 42.641333 38.988420 30.302644 40.181909 25.733699 31.778960 29.093860 41.747021 23.633979 40.358863 29.681443 
26.343927 42.416169 28.730682 26.548213 25.751868 29.621543 30.027842 37.002329 29.636817 30.672310 27.605021 32.226935 41.879333 34.974924 40.873392 26.229110 37.047350 32.862361 24.771255 
42.800876 29.295614 32.436600 29.916346 30.253879 38.686564 30.291581 25.131732 28.294954 28.637792 40.122646 41.943225 29.521633 28.327050 32.539075 37.510600 28.196205 25.801998 27.651475 27.236092 23.987905 
23.738710 32.556375 29.455261 39.318787 28.293806 42.667253 28.750265 39.963717 30.090692 37.532536 29.033010 40.132047 27.716422 32.103022 33.546349 42.959322 30.020239 28.460421 30.919542 29.242400 28.215122 39.490496 29.011647 30.317063 40.442671 24.787852 24.327687 40.535816 27.984938 40.121348 41.520513 25.886033 30.271845 28.672933 
28.843178 37.897472 27.606020 40.918352 29.202799 43.001818 38.347315 29.272286 29.774400 24.521082 27.821900 23.768848 30.155850 28.649408 29.352661 27.545851 42.041536 41.494880 29.306683 
29.073096 38.819399 37.071017 27.705179 30.129448 28.257933 33.717905 27.497281 24.395342 35.747882 25.607088 39.156803 28.763424 32.510771 34.879406 29.323263 
28.320203 36.299604 36.516375 25.716804 29.321040 25.654450 34.086040 24.431112 24.752411 28.324887 27.279027 30.593035 25.358932 33.267039 29.507628 39.874244 32.913317 39.169704 
40.443400 27.908888 29.233632 40.702656 39.153024 28.297776 30.604902 29.390478 27.011419 29.017056 25.503338 29.228229 28.972758 30.351624 38.687593 28.592951 28.595572 
37.714359 28.782524 30.178183 25.937259 28.173818 32.067425 28.748576 28.297415 27.130087 29.586308 26.544228 37.652605 25.777497 28.486197 31.782432 25.989198 40.832371 30.423572 28.754165 26.373396 33.657377 28.873505 23.770987 28.837086 29.161933 35.856415 29.700229 30.383128 31.900028 24.421129 29.551862 25.549784 40.415075 25.804580 34.859579 29.507371 28.754519 26.885193 24.510675 28.454687 30.589872 26.779211 
41.616641 37.265482 27.652874 26.669747 30.136313 29.778210 29.254619 37.031390 30.219281 27.436122 27.044496 40.429562 31.120510 24.317959 41.201262 
43.107489 23.995082 29.335283 25.949209 28.274435 24.823931 29.335623 33.984469 28.748962 27.194339 41.229036 40.122757 25.643719 32.897978 
29.387976 28.917903 40.156102 33.049661 30.391180 28.859514 31.157785 
28.620416 41.732973 29.703950 35.438603 23.621712 29.408919 36.176051 38.062200 29.077757 32.751842 28.297943 39.329489 
30.166285 30.127855 40.333215 24.906285 25.447269 35.052103 27.344268 28.044369 35.960545 28.663722 
25.611091 25.931444 42.721890 30.335463 30.482781 25.967557 30.559978 25.984360 40.689360 28.186088 34.464494 29.338431 32.958417 32.197576 25.778276 27.702614 
26.735108 38.809638 24.059476 40.909237 39.499774 30.782303 26.553989 24.445457 29.550564 34.628973 29.657511 30.413148 28.227392 23.824648 23.897364 33.881729 27.938233 28.917691 30.444788 
29.002932 38.883991 43.596014 37.410194 38.358407 35.954972 41.018300 
28.695239 37.656122 40.604754 31.609783 34.762386 33.687791 24.086390 39.110653 
25.597492 35.038313 43.794149 39.745305 38.502835 42.580251 38.359722 25.714947 27.734099 28.110277 29.754289 32.443823 29.650695 25.053732 26.072221 26.701427 40.851061 29.340003 29.038279 32.483087 26.245400 25.639882 26.392211 
36.930446 28.862598 24.182466 28.449973 37.905779 25.547873 28.446387 38.271138 30.626624 27.458872 28.074276 26.152062 26.475647 31.140052 31.600271 26.120338 
40.326330 32.132477 26.683250 28.852711 29.844835 42.153885 28.751252 33.071713 29.453301 29.297960 30.240480 28.170417 
24.565282 29.073723 29.158021 30.444000 39.690056 33.106357 29.104199 28.933763 29.814810 30.486721 29.520592 28.670016 30.209397 29.733893 43.063633 27.241738 29.415235 28.263239 29.147675 26.807907 37.933850 29.550477 28.423185 25.872387 33.273888 24.428021 30.769799 28.314923 34.036762 40.776777 30.958340 28.105863 43.543442 39.019722 42.309650 41.317045 
31.413590 27.889474 28.123915 28.871818 28.036157 37.130147 38.826311 24.278803 40.396442 43.486642 26.689119 34.096394 24.342047 29.352278 30.530494 41.029391 27.117690 28.788704 28.509625 28.097105 28.183324 25.666553 
38.491588 28.957885 27.745894 25.561044 28.762675 30.067299 25.918141 25.016400 25.540342 32.539412 40.027305 28.310270 25.215441 39.825203 40.685338 35.315113 29.258383 26.395313 33.468247 26.457854 
33.675780 24.499550 28.616298 34.356937 24.811459 28.128822 40.626782 30.012651 30.656940 31.946226 27.694335 33.526206 35.142563 43.529247 38.629224 29.607946 29.581158 30.482865 28.797103 31.796128 36.770088 28.857682 31.197347 33.484036 34.775832 24.903146 
28.547401 37.297308 27.996662 33.840839 36.260215 33.531629 24.799592 25.834418 34.982289 28.240616 32.267769 28.011975 27.114097 30.463136 29.927637 43.548514 26.059870 30.603551 26.181822 29.852742 41.948823 30.707322 
42.493888 28.337305 33.127351 28.863004 30.359625 41.899152 25.854680 37.382815 26.521038 31.386726 30.254050 33.326857 26.745171 27.326650 28.290908 28.543396 42.375692 28.641884 30.374746 38.901608 40.651020 27.394440 28.306082 37.097321 24.709716 26.767254 34.608847 25.107284 29.639504 31.400849 
28.480801 33.210323 25.437984 26.841460 31.850719 27.960201 36.069088 42.053653 28.036618 32.165226 24.949056 
26.908314 27.082299 35.097530 30.015010 30.870174 26.840523 27.020108 26.759867 25.481061 26.632008 30.296344 34.700544 29.273595 30.412215 33.421792 33.190385 28.451149 26.978310 28.626820 30.665788 29.851138 26.969394 31.311286 29.330911 34.885483 27.735149 29.294707 
41.623920 28.483149 39.575476 29.426408 25.370226 31.855931 41.250971 44.320102 40.469514 27.761520 31.674967 26.877004 29.461560 29.270395 28.355389 33.648466 41.414587 26.250930 28.587923 
41.586041 24.018382 25.368274 25.293845 28.433239 29.530409 29.211103 30.156132 28.485669 37.970807 31.024288 34.601614 28.040496 29.361589 38.892147 37.877611 27.443998 34.432834 34.832201 26.968655 39.709240 40.537962 26.345488 40.262131 31.156213 27.441173 41.157930 32.070907 26.798861 26.747527 39.840211 30.627202 
25.081562 29.429502 28.562136 25.084444 41.033456 27.700147 39.920373 43.829703 39.072977 24.685602 28.660414 29.960133 24.602793 28.394977 26.098365 41.051969 27.681413 30.454976 29.966431 
29.833870 40.128325 43.549080 33.865377 30.619003 28.558095 26.386874 40.871909 31.643482 29.618179 42.547528 24.696014 27.089717 
32.072374 42.661578 43.720078 38.554789 26.136901 29.482345 26.555160 40.607111 30.184025 26.909064 28.389062 34.612428 27.948839 25.926096 39.160362 25.679594 42.943749 41.196860 25.056286 26.666474 32.453590 30.529051 38.567222 38.833180 
28.530029 28.753820 31.144167 28.026753 41.824070 25.814822 31.092981 28.194619 25.795830 24.446443 42.939446 33.681509 30.660810 37.202300 28.022232 30.145283 38.332061 33.903247 30.583694 27.528132 30.739816 25.650767 32.363665 32.691217 29.872618 23.888746 
31.931438 30.540276 27.217492 28.235972 28.017089 34.056999 32.535283 25.714683 35.407301 40.751576 36.913667 24.910024 34.964393 28.124463 25.180607 37.517387 37.650314 25.116297 26.438260 28.796148 33.675690 29.321230 27.545107 24.254152 28.679913 
25.091998 26.911468 30.889727 26.950644 30.342771 39.481019 40.489593 28.490942 40.257209 37.357181 28.569353 32.872854 
27.787446 29.938635 35.381504 27.501677 29.630962 29.726968 41.937962 24.306943 26.259120 30.156724 28.681687 
34.253501 27.667146 40.686603 28.193411 27.728099 26.343538 42.298971 28.690196 43.761544 42.919238 28.924307 41.262040 30.961907 33.322524 30.459799 25.082824 41.356914 27.253869 32.167569 30.456981 40.379510 26.564591 27.725414 28.950281 26.625049 24.375694 26.327046 38.442374 28.219914 26.005040 30.759682 
28.322899 24.935410 40.359415 27.778610 27.988656 28.912566 28.381881 28.779214 37.917049 32.217424 32.511841 30.360376 44.257986 27.770011 28.368089 28.255032 31.752669 25.895219 43.114843 33.286956 
43.564241 28.417905 23.950792 24.904967 29.442406 24.399411 33.912509 25.139574 37.271336 29.020750 31.854736 30.053686 30.637404 24.093917 27.371202 42.242886 28.781895 34.729613 27.766653 36.501706 29.085903 28.168738 25.615599 30.676071 43.352108 28.380394 31.939187 27.347409 31.278986 24.566108 33.307713 35.734186 28.122513 28.248937 40.674989 32.402282 
35.998513 28.155931 32.212565 25.281355 27.986073 29.252113 42.245656 32.315080 27.151111 40.187848 32.822387 30.197034 38.337129 25.978912 29.490231 31.309939 25.376284 
29.898482 33.233072 30.070119 35.913190 26.447847 29.560597 32.829638 36.664727 29.671071 35.829667 33.918751 28.701293 43.196570 39.352941 40.431889 25.290239 
38.435073 41.011677 35.796950 29.047863 41.118803 29.207634 28.320693 29.587872 32.202998 28.892099 28.451034 40.184407 28.080202 39.696292 26.484975 28.326836 41.976768 32.215917 
30.292396 25.980030 41.104420 41.002287 30.238569 28.345442 29.349741 28.743798 40.908689 28.723511 28.548612 26.676501 40.042661 39.863618 29.475682 24.925681 28.708288 31.417707 42.370379 38.563217 34.520152 30.213348 28.605051 27.668727 28.343794 40.411024 
29.238726 43.757203 31.513206 36.249966 40.754176 30.639740 29.156226 34.488156 25.078826 31.735718 30.224043 35.247676 28.660613 28.083670 24.438020 
27.062922 28.516480 39.397267 30.420563 29.030592 38.849807 29.873153 32.218902 29.324267 34.596384 39.668268 42.816060 36.641709 33.985333 28.053911 30.691544 
25.926794 29.413738 24.176271 29.739548 41.916366 30.472625 35.378027 24.443168 28.666839 39.382810 36.378044 41.483402 40.686307 29.260312 37.581882 33.355157 24.949524 31.730276 
27.691517 29.099701 28.466821 28.375950 31.024616 31.580307 37.970882 36.654908 27.023188 42.838918 26.875639 42.203606 
