0.808719 0.985488 0.954041 1.049248 1.008123 0.914432 1.101064 1.174261 0.863697 0.823499 0.924841 1.060476 0.873010 1.162272 1.178829 1.106153 0.943792 1.199837 1.120993 1.192256 0.805412 1.018789 1.190713 1.004492 0.841815 0.890642 1.073913 1.062446 0.831018 0.806731 0.868837 1.238307 1.245157 
1.047798 1.095437 1.078646 0.844096 0.994856 1.178829 0.951458 0.963259 1.051101 0.936244 1.117129 0.985989 1.155830 1.206896 0.987345 1.190904 0.881042 
1.107569 0.855840 1.013086 0.987013 1.147223 1.156680 0.799591 0.940484 1.060470 1.099555 1.121265 1.183281 1.228173 0.995464 1.038774 1.162523 1.246759 0.889129 0.939120 
1.234190 1.002819 1.022414 0.968597 0.985970 1.045256 0.971369 1.047801 1.104376 1.023418 1.160376 1.009119 0.953827 0.838916 0.979047 1.061845 0.888581 
0.904176 1.119448 1.018340 0.881172 1.038061 0.971040 1.007817 1.129012 
1.009476 1.111833 0.879329 0.898500 0.968097 1.148769 1.024536 0.877221 1.089352 0.833634 1.061318 0.951551 0.963443 
0.843074 0.928807 0.862091 1.236961 1.077377 1.173870 0.992850 0.905606 0.953022 1.093065 1.132334 1.130870 1.121095 0.991784 0.859238 
1.256681 1.040529 0.898815 0.971948 0.886539 0.929284 1.135972 0.900615 0.956371 1.067937 
1.055796 0.991995 0.978635 0.974141 1.092870 0.832443 0.853440 1.042747 1.151794 1.135753 0.977671 0.899695 0.850986 1.195656 0.948590 0.940893 1.258390 0.828089 0.907348 1.160174 
1.093828 1.101199 1.016515 0.976621 0.885266 0.947661 0.869418 1.034438 1.166202 0.949788 0.978442 0.978908 1.214654 1.178037 1.207832 1.060559 0.892278 0.897191 0.809184 0.953220 0.918086 0.866825 0.917882 
1.114966 1.047150 1.144406 0.836727 1.069054 0.827125 1.021171 1.182142 1.064649 0.951888 0.967511 1.255181 0.969340 1.098065 1.226814 0.859012 0.820319 0.982057 1.028508 1.109421 0.997350 0.936332 0.892161 0.938042 1.187748 0.886719 0.840825 0.812455 
1.096372 1.196701 1.093229 1.064214 0.970211 
1.111900 1.123063 0.834759 1.042154 1.198485 0.865310 0.963840 0.798873 0.841519 1.053634 1.044995 0.975331 0.797000 0.969475 0.999543 1.120314 1.171751 0.997406 
1.223988 1.108397 0.949272 1.162650 1.142651 0.995011 1.134965 1.255250 0.877600 0.968495 1.056822 1.022721 0.999401 0.906909 0.919072 0.878744 0.811085 0.934674 0.976266 1.093689 
1.039192 0.934502 1.100677 1.024183 1.070567 0.919104 0.952860 0.965530 1.168544 0.907276 1.044007 1.217887 1.027548 0.855018 1.035603 1.119315 0.992208 0.863693 1.241016 
1.105826 1.153157 1.082100 0.915783 0.874393 1.146147 0.931435 1.048202 1.002860 1.128868 1.039177 0.987410 0.878939 0.912377 1.110659 0.878054 0.881330 1.089153 
1.002449 0.902309 0.923870 1.026019 1.109043 1.213668 0.903379 1.189489 1.095913 0.973557 1.217399 0.809816 1.016863 
0.860965 0.878715 1.153923 1.077418 1.182331 1.188381 0.936223 1.055011 0.972700 1.000729 1.033762 0.902213 1.067677 1.054101 0.944355 1.202897 1.058052 1.027105 0.917092 1.185315 1.029990 
0.882396 0.940385 1.058015 1.016527 1.119437 0.801375 1.058259 1.096775 1.037551 1.060646 0.937867 0.854143 1.091939 1.020948 1.056292 1.180372 0.910270 1.037491 1.204871 1.018551 0.968562 0.954526 1.046029 0.963570 1.180399 0.881215 1.116720 0.798797 
1.123560 0.880188 1.035830 0.967563 1.145429 1.035928 0.944334 1.065693 1.069209 1.202073 1.159594 1.135883 1.124833 0.810332 0.827968 0.867982 1.193715 1.031850 0.871258 0.985079 
0.796826 0.961903 0.876592 1.142980 0.967903 0.879311 0.897585 0.892942 1.226673 0.913181 1.011651 0.816881 0.985818 0.962078 0.975534 1.060051 0.802990 0.944661 0.891030 
0.961184 1.123377 0.837129 1.217474 0.918927 1.117211 1.062479 1.077057 1.194915 0.906666 0.986474 0.938536 0.874901 1.114329 1.108651 0.864483 1.112639 0.868329 0.894569 1.179926 0.815429 1.037172 1.008077 1.194304 0.826777 0.827470 
0.835603 0.890252 0.998749 1.179127 0.870936 0.801189 0.891957 1.048897 0.927956 0.953621 1.133371 
1.048897 0.954669 0.911627 0.949477 1.101023 1.146492 1.197495 0.888433 1.024214 0.885052 0.813517 
0.980263 0.888844 1.216541 0.947873 1.236572 1.177678 1.061374 1.221979 1.133810 1.011239 1.014659 0.888008 1.061550 0.802440 1.099495 0.908308 1.212124 0.980600 1.011233 1.055294 
1.166674 0.799997 1.091480 0.930176 0.977255 1.016903 0.991809 0.950240 1.023515 0.983824 0.867035 1.054274 1.050948 
0.818023 1.094737 0.890462 0.974292 0.942560 1.018455 1.039059 1.007913 
1.090570 0.960711 1.000830 0.941377 1.079221 0.964102 0.870898 0.888861 1.145109 0.834319 1.251596 0.864695 1.121308 1.049072 1.223850 0.829400 
0.974986 1.089794 0.979014 1.088758 1.065099 0.910129 1.138721 0.998559 1.118423 1.060459 0.996989 1.140759 1.248970 1.241639 1.164290 0.865359 1.047102 0.826547 0.939186 1.019577 1.094172 0.956122 0.985541 1.099677 0.917297 
1.023529 0.992650 1.190878 1.198731 1.007227 1.149357 0.887568 1.162422 1.090322 0.808003 1.192027 0.909120 0.827839 1.161157 0.861042 1.223346 1.157711 1.018289 
0.880661 1.005204 1.084935 0.990433 1.052393 0.928638 1.086701 0.936703 0.986531 0.902857 1.177298 0.813367 1.112714 0.848906 1.085588 0.804667 1.077117 1.227293 0.810585 0.965761 1.154522 0.813154 0.996464 1.050550 0.826129 0.809322 1.003764 0.944175 
0.967757 1.019561 1.231168 1.064665 1.163089 0.904665 1.049552 1.092087 1.256767 1.112724 0.932263 0.956952 0.957505 0.850690 0.803467 1.090347 1.073666 0.940607 0.957644 1.205542 0.848290 0.984486 1.123940 1.256981 1.242526 1.157180 0.980919 0.988468 0.892086 0.948264 1.130356 0.953163 
1.042165 1.234233 0.926762 0.893677 1.079606 1.135607 0.954616 0.795572 1.102944 1.120430 0.975727 0.960071 1.067301 0.968799 1.089786 0.892231 0.887358 0.907654 0.900399 1.017103 
1.048739 0.870890 1.049713 0.944804 0.870205 1.010159 0.796201 1.128920 1.106414 0.923607 1.070458 0.850418 1.183953 1.042057 0.904541 0.909480 1.066062 0.963379 1.237380 
0.999406 1.099803 1.040408 1.111266 0.998210 1.195953 1.015783 1.040344 0.925854 1.071641 0.801896 0.969524 0.939101 1.046365 0.958893 0.918841 0.843345 0.845165 0.833386 0.980371 1.220173 1.153141 0.836390 0.951335 
1.113086 0.938559 0.807214 0.984030 1.145254 1.014029 0.936826 1.049202 1.122275 1.067215 1.091299 1.176995 1.000686 1.054552 0.822328 0.969726 0.894656 
0.816172 0.916047 0.988319 1.248501 0.845771 1.044304 1.204238 0.897010 1.179217 0.946149 1.093048 1.161615 1.094844 1.002089 1.186120 
0.923062 1.172441 1.091363 1.192872 0.840631 0.950696 1.099562 1.250580 0.987035 0.929817 0.830358 0.913983 0.934044 1.153000 
0.946201 0.926171 0.859207 0.998683 0.850159 0.800127 0.877341 1.003307 1.026190 1.156912 0.952124 0.944223 0.897965 0.869041 
0.807864 1.018014 0.839209 0.922185 0.964316 1.126242 0.935169 1.052777 0.866273 0.910831 0.850447 0.903375 1.206786 1.013339 0.866680 0.859505 0.849915 1.025797 0.931561 1.048658 1.025831 0.908543 1.082620 1.047413 
1.023364 0.926848 0.815976 1.111260 0.873644 0.981029 0.863261 0.969960 0.879008 0.915519 0.887645 1.017023 0.956523 0.946903 0.867703 1.228271 1.172284 1.095815 1.211401 0.907484 0.953621 1.091540 1.186549 0.985070 
1.152467 1.008388 0.911556 0.801671 0.844864 0.891376 0.923385 0.810150 0.942518 1.012790 0.940815 1.168529 0.959369 0.877172 0.797598 0.896118 1.176551 1.182198 0.896558 0.901698 
0.871821 1.129703 0.850903 0.891531 0.947979 0.801111 0.925988 0.844907 0.956146 1.167736 1.057087 0.970751 
0.794405 1.086907 1.207942 0.903270 0.844132 0.861076 0.798101 1.143829 1.178218 0.978000 1.229093 1.006441 0.922182 0.882253 0.849787 0.910454 
1.042213 0.836026 1.147184 0.903270 0.941925 0.938230 0.930068 0.840926 0.825782 0.914151 0.794770 1.031478 1.074045 0.854149 1.092734 
1.062900 0.851486 1.056733 0.985187 1.022106 0.915605 0.943040 0.978325 1.146085 0.796392 0.991018 0.879595 0.899707 1.197621 0.858526 1.015331 0.829880 
0.945993 0.991018 0.840065 0.958318 0.966307 1.042413 1.055180 1.107158 1.056161 1.081514 0.893316 
1.250088 0.922901 0.974882 0.935766 0.823511 1.109103 0.948953 0.849940 0.974748 1.209771 
0.904788 0.878232 0.832134 1.075463 0.989247 0.959774 0.926688 1.039339 0.954115 0.985227 1.042087 0.846902 0.943228 0.936725 1.155016 0.906937 
0.948153 1.082833 1.024561 1.031062 1.002448 1.083069 0.832277 1.135448 0.976509 0.973880 0.872598 1.074680 0.987153 0.905408 0.909590 0.971020 1.076505 
0.993729 1.136983 1.137574 1.043962 0.899189 1.108737 1.095136 1.118541 1.059428 1.012034 0.806993 0.967493 1.184817 0.923895 0.934389 0.841247 1.163630 0.998378 0.973502 1.016117 1.138512 1.151603 1.150403 1.115055 0.878478 1.018681 1.055988 0.892528 0.796943 1.016449 0.997956 1.107608 1.246535 
0.881679 1.129088 1.013969 0.872148 1.216601 1.055241 1.202472 1.217628 1.086518 1.163240 1.112600 0.972933 0.953960 0.871843 1.153404 1.121398 0.886137 0.918629 1.172395 1.038450 
0.868771 1.178498 1.055764 1.034716 0.963498 1.016641 1.100607 1.149537 0.811805 1.108736 0.905753 0.816729 1.125781 1.182230 1.144818 0.874793 1.249389 0.968966 0.914908 
1.201445 1.192453 1.014976 1.036714 1.005918 1.159261 1.096631 1.145512 0.852460 0.874804 0.863408 1.214091 0.930986 0.886075 0.867785 1.249617 0.889465 0.984020 0.933184 0.930982 1.036149 
1.029705 1.027887 1.107514 1.112300 1.056202 1.240103 0.993190 0.867518 1.143098 1.141498 1.042889 1.216230 1.013358 0.956197 0.862678 1.071223 1.008688 1.178048 0.916057 0.902594 0.915780 0.882647 0.815052 0.887793 1.226324 0.797652 1.168458 1.117504 0.891461 0.882835 1.255524 0.884155 1.159238 0.845863 
1.242408 1.161479 1.069449 0.835580 1.188710 1.223515 0.822361 1.196104 1.142597 0.901508 0.993506 0.806683 1.123181 1.013415 1.083701 0.954841 0.974596 0.803390 0.987579 
1.001943 1.139877 1.198058 1.034825 1.210128 0.880008 1.228109 1.016334 1.065520 1.023997 1.064365 1.236278 0.852648 1.254461 0.911683 1.149015 
0.886125 0.911909 1.092930 1.059477 1.042746 0.914261 0.815879 0.911070 0.831826 0.842100 1.211165 1.056924 1.109143 1.059765 1.172411 1.136984 0.799825 1.180473 
1.207156 1.195540 0.947407 1.179655 1.140120 0.911637 1.153568 0.888271 0.902830 1.031229 1.228940 0.805180 1.188633 0.826009 1.128463 1.043195 0.865584 
1.122920 1.192549 1.018213 0.961028 1.022109 0.896777 0.907568 0.858681 1.076994 1.111374 0.815431 1.051383 1.122086 0.897214 1.180024 0.868528 1.166227 0.910124 0.799839 1.053169 1.190736 1.016143 1.009483 1.093260 0.828934 1.135542 0.975989 0.813262 1.165078 1.153757 1.089008 0.828114 0.832340 0.903369 1.140071 0.825595 1.138651 1.036411 1.074626 0.848385 0.948919 0.887345 
1.164091 1.150534 1.190415 1.025545 1.051135 0.947274 1.098830 0.917440 1.133160 1.004492 0.825788 0.803774 1.156825 1.150561 1.089485 
1.171986 0.946249 0.969811 1.028579 1.130416 1.020888 1.028962 1.117110 1.020130 1.020869 1.116573 1.029198 0.954906 1.218136 
1.056194 1.118272 1.164659 0.843170 1.133535 0.864565 1.212107 
0.927738 1.243213 1.147558 1.136643 0.920246 1.069842 0.852759 1.230246 0.917002 0.808092 1.121545 1.011752 
0.853655 1.019408 1.224912 1.041756 1.208818 0.952560 1.121434 1.084149 1.150483 0.840614 
1.125381 0.811436 1.197506 0.960084 1.140791 1.061145 1.125466 1.060430 1.117088 0.936123 1.143325 1.025638 1.026296 0.820864 0.898008 0.850802 
1.246081 0.986198 1.140569 1.198564 1.146136 1.194295 1.056378 0.803017 1.034571 1.059653 1.114634 1.007699 0.961219 1.026579 1.007988 0.845445 0.833698 1.119411 0.857969 
1.068956 1.154382 1.204010 1.137762 1.246376 1.133537 0.898519 
1.111365 1.195560 1.233450 0.887239 0.861065 0.900400 1.130907 1.081963 
0.803685 1.107777 1.227719 0.925050 1.208018 1.120701 1.161639 1.072146 1.145199 0.814364 1.172106 0.981723 1.077435 0.998392 1.109249 1.124435 1.183830 1.210735 0.904112 1.167212 1.023162 1.003194 0.809069 
1.250690 1.211168 1.030465 1.090790 1.192012 1.077666 0.977437 0.827702 1.241158 1.072559 1.121898 0.795337 1.031347 1.116128 1.120666 0.968562 
1.143006 0.807969 0.933918 0.997266 1.065631 1.208475 1.212397 0.992074 1.042908 1.140227 0.963102 0.890105 
0.902473 1.141731 1.030412 1.019243 0.857854 0.794738 0.828511 1.248665 0.979252 1.175250 1.021112 1.064722 1.074028 0.804602 1.165881 1.218436 0.854347 0.815706 0.858294 1.012113 1.106847 0.874363 1.077836 0.984121 0.939762 1.105301 0.857855 0.835312 0.983854 1.218635 0.989734 1.160778 1.221316 1.104562 0.963400 1.122562 
1.190797 0.807591 0.955271 1.089963 0.972085 1.083770 1.059268 0.888460 0.810457 1.139331 1.025837 1.198407 1.174983 1.031911 1.081594 1.150105 1.134966 0.859417 1.031622 0.938209 0.881403 1.058302 
1.077305 1.073951 1.225714 1.250463 1.160609 1.090200 1.016772 0.874526 0.915531 1.056231 0.806733 1.037347 0.974167 1.213221 1.130510 0.999118 0.977915 0.964357 1.155254 1.232548 
0.848807 0.936002 1.242491 1.069030 1.085501 0.918110 1.169162 1.076635 0.850137 1.014875 0.919520 0.976457 1.186253 1.152012 1.108180 1.143725 0.936370 0.990078 0.960798 1.125959 1.125582 0.815511 1.228479 0.862643 1.011416 0.795700 
1.233541 1.130032 1.049508 1.236003 0.815263 0.806673 1.153555 0.839910 1.220351 0.990080 1.124194 1.037772 0.886320 1.185875 1.132810 1.166672 0.920643 1.012630 1.112500 0.953224 0.811284 0.988818 
1.129891 0.804450 1.042711 0.989384 1.053573 1.094804 0.959801 1.063276 0.951168 1.059715 0.899366 0.896329 0.821005 1.101736 0.986228 1.094428 0.989549 0.962630 0.925148 0.898461 1.055197 0.836837 1.139943 0.828435 0.803788 0.981966 1.055055 0.844638 1.106603 0.874525 
1.028250 1.053757 1.074935 0.957943 1.175207 1.181262 1.060688 1.099909 1.191221 0.976274 1.132958 
1.175547 0.944730 1.053478 1.138775 0.946537 0.971616 0.890835 0.865336 1.237213 0.855759 0.854455 1.092488 0.987693 1.069712 1.009143 0.936908 0.815150 1.062290 1.105162 1.108476 0.943984 0.940784 0.932790 0.839301 1.118104 1.221645 0.941893 
1.176716 1.038225 1.079443 1.090669 1.009591 0.998086 0.831920 1.178952 0.832484 1.134463 1.045638 0.953344 1.092110 1.023503 1.208070 0.954080 0.996494 0.963705 0.943144 
1.129058 0.804324 0.913313 0.969260 1.075353 0.805118 1.022405 1.127338 1.209237 1.243749 0.955586 1.207357 1.219788 0.944493 1.037920 1.049909 0.933459 1.037608 1.182513 0.845659 1.127128 0.942413 0.797688 1.026993 0.945097 1.006079 1.185941 1.156570 1.205354 0.909349 1.105217 1.247618 
0.961991 1.002719 1.138535 0.830508 0.977658 1.006079 1.255867 1.151150 1.079339 0.955877 0.852980 1.115415 1.148306 1.197349 1.195466 0.885735 0.824757 0.970665 1.205712 
1.014499 1.073665 1.110473 0.996688 0.894449 0.938079 0.897801 0.876719 0.960397 1.021018 1.000335 0.977810 0.831082 
0.833999 1.054195 1.096246 0.974266 1.068044 0.976623 1.011767 1.167759 0.944174 1.137761 1.255258 0.975866 1.134192 1.197960 1.075146 0.842330 0.986310 1.244122 1.176193 0.955967 0.882398 1.086482 0.936068 1.074547 
0.831631 0.933531 0.987386 1.012892 0.853155 0.939933 0.935279 0.888815 0.936195 1.008713 1.041434 1.214466 0.942632 1.112859 0.966866 0.978526 1.020079 1.198425 0.803195 0.802550 0.919527 1.232489 1.093843 0.839028 1.092684 0.808261 
1.160364 0.898755 1.014458 0.946801 1.016389 0.817646 0.904527 0.939598 0.973307 1.038113 0.903298 1.156106 0.961207 0.858103 1.003932 1.009767 0.984363 0.799963 1.151661 1.129456 0.876055 0.870479 1.048094 0.994006 0.925793 
1.140730 0.816203 0.955478 0.914400 0.869350 0.858541 1.211826 0.822331 1.010044 0.970886 1.235977 0.927325 
1.163568 1.123351 1.005473 0.908246 0.848383 0.933584 1.043423 0.813130 0.827638 0.941826 1.028494 
0.902935 0.950981 1.228222 1.044138 1.080584 0.902969 1.209312 0.912177 1.079309 1.163845 1.069046 1.170978 1.173038 0.960439 0.998650 1.037118 1.173251 0.992200 1.138174 1.091855 0.974573 1.140681 0.830221 1.192032 1.210607 0.937109 1.093775 1.003190 1.067922 0.998579 1.065588 
0.869451 1.243595 0.960083 0.914830 0.801246 1.002324 1.151636 0.980807 1.006989 0.940899 0.923188 1.066250 1.054422 0.928403 1.243618 1.238232 0.817696 1.243874 0.897766 1.167088 
1.083695 0.963494 0.801058 0.959011 1.062722 0.806267 0.875552 0.951916 1.020501 0.914601 0.864501 1.136364 0.952536 1.145718 1.182361 1.183316 1.064723 0.863293 0.927980 1.126494 1.167031 0.933718 0.888122 1.136988 0.854841 0.972802 1.179001 1.033800 0.988204 1.062361 1.074267 1.248412 0.869491 1.156481 1.185778 0.805236 
1.111628 0.993387 0.944107 0.892284 1.148519 0.931881 1.101950 1.060543 1.008473 0.995503 0.957760 0.987883 1.036384 0.968266 1.114672 1.089257 0.971169 
1.050951 1.185431 1.185342 1.131410 0.934746 0.925195 1.178786 1.029513 1.146046 1.061113 1.162770 0.852901 1.091477 0.816481 0.973839 0.960206 
1.038548 0.953300 1.203328 0.934830 1.196453 1.145662 0.800417 1.227494 0.954997 1.030908 1.007322 0.903536 0.920833 1.087088 1.241959 0.874419 1.105642 0.953350 
1.050400 0.812658 1.111177 1.231573 0.950274 1.083154 1.018453 1.012360 1.080375 1.044901 0.936096 1.009156 1.001692 1.218119 1.089367 1.026234 0.839145 0.814885 1.081802 1.042469 0.883401 0.824947 0.903039 1.159517 1.250322 1.195287 
0.970939 1.129304 0.924650 1.046619 1.057592 1.063319 0.809853 1.143047 1.183877 1.179143 0.905692 1.060060 1.007853 1.023003 0.892961 
0.990877 1.148744 0.882342 1.047130 0.998959 1.075819 1.004230 0.933568 0.944687 0.878814 1.023800 1.141241 1.135420 1.034120 1.048372 0.869070 
1.103454 0.985625 1.160081 1.069124 1.157080 1.029919 0.971698 1.134838 0.949036 1.084844 1.139993 0.984775 1.008272 1.208355 0.820682 0.993201 1.153021 1.055002 
1.208880 1.136102 1.167854 0.970991 1.081685 0.814711 1.066224 0.832225 0.880695 1.079158 0.948848 0.836543 
