0.084961 16.546668 0.858738 549.836971 0.083862 87.162137 173.222712 479.636353 6.913217 17.618596 496.646061 1.576914 253.613545 200.514475 4.575954 128.815083 4.964865 1.276702 7.654753 
6.756356 158.171622 0.910759 12.696533 0.122407 412.827953 384.459299 224.591307 0.324805 386.240969 253.978360 601.955936 13.573958 333.004231 
1.406401 444.919115 741.601305 10.562248 0.094447 469.738088 241.976649 420.536251 113.016945 0.290457 67.070052 1.982547 
941.347111 425.031078 0.412111 15.223053 0.154154 2.064077 1038.921277 803.873726 1.731202 959.574461 377.865014 
324.709642 0.583533 0.505378 18.041447 0.162784 1015.124987 189.207875 76.009733 
0.801116 0.172439 558.298010 20.564207 0.132224 772.578121 239.006679 260.046691 622.633753 
0.266210 236.515157 442.356828 570.187284 0.241929 52.847927 110.016175 394.381597 0.225631 1.802173 20.083405 287.976101 459.385095 13.754281 1642.199834 
0.276288 0.578874 1270.790141 95.977675 0.244328 115.574954 113.938314 691.694855 14.359102 492.311025 1.980940 0.905352 177.547727 1301.275466 1044.137443 
0.658349 0.496783 0.638749 19.007753 0.265180 367.675804 792.963286 326.077528 6.737172 558.267590 187.118967 70.263654 54.273844 2.876472 189.983449 90.866597 
0.522787 318.220966 160.237563 14.532897 0.172769 461.014033 347.883250 630.298018 1.148272 12.770231 236.246991 83.094050 11.792214 
411.734514 1.137745 18.584055 342.835331 0.079610 225.561673 173.039125 439.898015 0.629391 0.066721 57.251555 300.696130 480.835717 8.069103 
0.587543 0.797808 389.530717 449.176217 0.125150 250.788037 16.907300 409.797984 0.297280 479.561308 
401.077243 0.457593 19.764500 1.396965 0.154121 134.510868 11.287411 502.171631 122.692408 719.592042 939.778809 0.728161 
280.708742 777.313656 279.549143 0.523333 0.122474 12.902401 83.283732 171.471834 0.898862 25.581261 2.971599 32.491792 1041.840741 293.626958 915.857931 1077.452959 
646.949636 16.136813 0.910573 1.259335 0.174711 15.473390 144.369942 322.719769 165.449006 890.828654 468.899106 200.170359 990.447079 2.319496 212.270471 50.574970 2.600420 227.479739 0.728706 0.414152 
530.556604 661.694585 1073.425432 0.743095 0.260815 15.948829 0.299294 589.679365 489.165816 3.795414 131.890737 102.879254 30.749893 
120.931260 59.148766 808.010727 208.924431 0.161944 15.420941 13.561080 18.384548 70.503652 5.124022 413.957869 0.624825 49.724108 0.464884 656.012203 90.901279 
496.260509 141.662951 450.482263 0.618360 0.166758 18.849273 0.417987 163.663276 596.471505 
278.894585 63.730602 272.522415 582.236885 0.093177 21.560281 0.858929 0.191391 403.606599 621.978704 
674.529910 94.274265 1310.016156 800.537044 0.169313 12.954810 0.607544 1407.851772 12.429093 0.272855 
251.901606 688.203238 17.842268 827.879591 0.157957 0.196648 0.332137 1147.687791 846.272244 123.198700 0.275637 699.264466 327.847604 306.416003 1074.685809 22.826554 1319.473092 1215.757172 1291.408000 477.531677 9.378634 
447.252734 289.161718 749.840498 19.237824 0.198813 16.946574 0.316160 0.406586 13.842440 299.858881 1439.703614 
642.179771 505.510034 4.814339 10.311386 0.255144 163.007529 86.315057 0.525218 19.867738 584.153196 723.144077 1390.385850 0.197985 1396.504677 557.812427 467.798300 122.070286 80.202325 117.018912 286.137131 2.088620 870.180730 97.296281 
163.175443 252.751507 714.472275 18.934252 0.526723 0.539656 506.210051 0.169490 0.152885 0.174406 28.562369 
117.128765 98.059912 879.466281 17.627474 0.126274 0.718179 593.998106 0.809621 912.710624 425.969469 59.381639 189.408581 3.110578 127.482403 67.353617 
315.638265 274.215691 0.652343 16.638304 0.206619 0.401068 159.639354 371.706249 1885.809359 34.984731 852.675938 329.808479 252.119028 
146.760231 139.724539 0.933500 1039.050938 0.180722 0.321963 554.546053 51.245855 1268.896210 37.679907 1.463265 643.936149 1071.005503 130.177615 72.465965 
599.533206 15.303834 1.893088 25.002634 0.207264 0.421786 1026.057018 164.304130 390.122014 10.617481 351.626378 1377.276322 69.910468 1609.934357 45.632861 
2275.311576 4.646136 0.752960 37.383478 0.274889 0.288117 863.431141 204.991286 270.978794 2216.073646 73.449421 48.228232 0.439913 473.895936 2.127699 1491.308784 4.763278 
260.532044 9.169542 5.349327 1252.201989 0.252494 0.156187 1060.986882 593.956709 91.685284 164.895769 0.308876 13.500330 38.268470 4.176458 16.564213 126.446510 22.582785 419.117177 735.546070 1437.070080 356.525296 3.140410 
1477.245596 12.364650 15.060947 931.196469 0.212461 0.740063 494.130773 223.113108 1424.239795 0.370432 511.617941 
461.310620 1.377765 15.644833 210.746112 0.339753 0.262412 960.896661 122.521147 3.830627 764.483193 59.930553 
16.741719 4.141832 126.199361 508.969713 0.265962 0.405708 142.408887 115.034753 119.391357 0.886920 333.381788 45.195287 45.874013 3.778041 212.176158 1075.839518 2.232409 
45.310171 350.606479 921.934017 505.667132 0.283470 0.193433 44.017557 17.180526 100.777687 0.643596 720.447961 101.039868 1.367389 535.091099 9.758984 591.053749 
1109.713235 138.310041 40.719698 1689.316169 0.210404 0.439872 726.043185 14.823799 730.416762 0.263624 233.468138 34.274828 1.430616 665.770944 11.260048 82.968841 
943.282687 71.715944 524.063520 1281.472024 0.278889 0.270391 175.124686 18.733312 526.607240 0.246779 68.331985 
664.273267 164.634535 14.035597 1.348734 0.167097 0.510904 411.582518 20.569836 31.484720 0.312761 428.502400 170.784977 198.328616 10.489455 701.092165 1.026889 1113.274202 2.803319 
771.606253 801.052731 4.947282 2.785863 0.210395 0.689581 452.189733 0.197443 130.019541 515.147074 343.484649 157.344435 955.496678 616.806718 1606.076145 131.523817 56.203612 17.653779 56.106393 349.207137 313.429725 1116.274212 26.953892 
513.111337 16.538171 91.090211 21.148300 0.201510 0.363681 164.672062 100.498566 0.330996 937.957154 22.221820 
654.885619 1.680852 768.787576 17.662660 69.444190 0.351494 236.360086 822.679341 40.550571 77.801472 200.837871 0.222565 469.356595 0.268389 5.805189 295.321776 58.097242 542.300236 41.110578 31.549375 434.964665 15.759259 
528.222704 521.204390 0.417180 18.179880 23.973410 0.250214 158.058274 1536.074677 0.322023 1844.195335 265.446180 35.470780 33.494818 1736.458637 83.124676 806.919734 69.817498 276.470033 7.109827 
972.579421 18.216962 382.781007 0.313399 894.941791 12.974452 1124.542785 81.134348 0.174628 32.674193 2.083594 1675.936716 139.203868 15.590708 1004.081811 0.781883 45.949426 1.479408 301.247771 357.654558 70.924865 744.285279 
0.270491 14.381274 1305.893120 0.975795 924.077652 600.549718 0.781110 157.787725 0.164733 35.604685 601.288157 5.513483 80.948554 140.616495 4.575262 49.217476 119.140014 0.355563 926.839575 1.938570 149.126383 568.000927 
140.834521 17.347926 10.979804 0.559534 478.906141 0.171829 0.322407 169.752454 530.572045 26.177589 802.471384 85.481441 935.169303 19.797051 
274.606631 20.978666 1706.027787 0.353649 1.140152 0.282323 0.276013 65.851235 387.098626 343.407478 1373.639901 1222.441713 36.192195 878.324078 104.362292 1266.733547 83.479455 
767.364047 19.550167 413.841737 0.283156 7.459074 0.265557 0.785212 112.468800 515.623132 23.852501 1251.911428 75.020642 0.400380 715.162910 873.049785 
140.877535 922.392137 416.917937 0.401311 26.803254 523.876659 3.329976 613.955613 22.669767 0.331231 731.395176 28.574735 2.460638 752.066390 714.622304 1.453994 474.115600 34.545328 3.175695 521.628895 1.313211 871.071171 211.212660 
0.130100 216.147868 499.442199 0.521310 443.454905 199.089750 21.268545 64.982623 992.266981 0.177440 3.214645 485.830405 152.506247 1.037301 247.710626 
247.005730 74.315519 1146.446913 0.305296 22.665609 113.360025 13.579633 119.041202 1390.806855 0.249450 47.692364 0.407449 727.133651 3.864720 6.774116 19.090261 743.823341 1201.859309 1458.956109 
1039.575122 0.229271 968.454002 0.248202 41.682378 566.908721 15.635133 3.274899 89.561041 23.905574 102.443471 71.099513 0.338275 733.337331 
1945.959170 12.930941 657.037253 0.235295 6.380924 0.582659 1510.537833 470.028108 82.903708 0.275333 116.357812 1261.569023 756.308409 620.401393 0.339523 12.090405 207.148582 11.384574 0.363360 
3.549035 6.172029 524.832335 0.331576 1197.632100 0.672245 18.370906 863.453409 179.057347 0.210557 275.598897 238.061254 1009.013671 19.592204 618.935124 195.119047 
990.507588 921.834060 13.996541 0.262376 257.345994 0.228726 146.119140 0.312841 353.556520 1304.852305 19.209810 
797.260976 460.315953 19.177120 0.160714 617.570306 0.893061 425.507758 0.253309 417.763006 903.024445 
527.036925 0.279011 0.161759 0.191455 581.059859 113.872117 1176.636271 3.382949 697.309594 17.835731 727.131689 50.338507 365.217600 31.029346 234.669212 
189.305931 0.266826 14.004300 0.130131 272.053744 694.684347 464.081747 2.802820 883.069733 563.793027 23.564634 0.265781 
437.208379 0.214307 13.276123 5.428078 107.863202 0.191627 154.570864 627.215659 0.212010 821.621686 302.412859 
419.692565 0.193831 41.867597 10.869978 434.225953 0.381332 515.174132 1153.141458 0.421085 20.152917 584.910357 
57.246468 0.246013 30.342129 139.691696 0.438506 0.283149 821.956856 947.946561 10.605283 578.548535 
416.583323 0.169965 13.417870 509.511214 0.255078 0.290562 2.460839 1362.241334 771.202122 377.009491 422.654847 0.213480 28.898965 
137.794702 0.088158 484.649206 261.918387 0.524120 394.441275 1.237474 6.983177 0.373700 18.482485 328.659803 12.465526 2.011873 380.568010 291.212451 7.412107 
115.787093 0.181116 537.515624 1654.841714 0.423204 15.249177 0.324553 1478.467128 431.500142 601.352958 510.516029 150.612712 
479.185667 0.219232 0.223010 1087.868215 16.555483 700.187955 106.989874 111.892919 1286.103006 51.824887 987.154598 1.282395 24.507677 
36.918835 0.219211 1595.773347 713.310987 13.967950 0.180646 1335.575465 0.811450 971.743839 0.788216 894.320736 12.018773 63.024184 7.797449 
85.247906 0.124306 450.494211 749.871910 13.498589 1.089142 18.600839 154.518146 196.775104 1.223987 562.593111 260.495173 695.165768 0.147470 0.415051 0.333820 0.448876 418.809691 
472.757586 0.173158 589.050221 911.998834 130.629287 0.367219 731.002916 15.722374 585.240956 0.791633 10.720847 678.023915 40.318780 
98.206908 0.187515 1036.510474 435.502931 1060.096081 0.666718 11.995265 0.172535 377.951699 311.449572 28.351514 114.154666 
54.949932 0.153898 709.006857 359.356985 232.388674 0.332160 16.897062 0.495208 743.814318 1217.764261 3.977403 335.232221 244.420277 233.440502 
41.817148 0.106679 597.817934 332.387427 11.013096 0.492042 32.586753 0.797899 170.595158 779.142396 674.556866 0.734258 24.696779 
135.665673 0.188603 198.353458 184.042939 95.522502 0.322705 437.984482 3.801870 43.208101 0.138420 0.645135 0.156943 829.076527 376.691531 542.753366 5.059502 2.956608 313.474930 
509.045796 0.192571 286.118326 723.625040 1189.017103 0.339363 0.336525 1.544494 18.426506 73.059671 0.181289 36.182330 42.886862 0.826995 1220.650685 3.658673 233.731282 572.781552 0.264883 582.144530 143.547051 9.138201 745.630603 88.832365 0.187068 3.928508 272.436677 
139.914181 0.218357 225.207639 0.628891 7.238368 0.208709 319.953201 308.649716 152.639911 266.385641 38.125137 1314.236038 9.844785 8.026397 14.206147 
95.428744 0.170882 3.789315 267.613580 28.483113 1.296651 101.097261 102.302716 463.195435 0.403294 0.402052 16.976863 33.391975 307.323420 12.791126 369.262167 142.107300 163.148995 1143.629493 3.417885 119.793391 488.121710 
103.659725 0.261848 19.083846 2014.476489 429.503223 194.708161 917.894386 0.247304 200.042172 0.438131 4.117384 203.928090 
876.207902 0.242951 14.794648 344.630591 345.021288 0.503338 161.110832 215.419834 460.693835 0.291452 0.258351 95.413900 28.541780 568.368765 2.266087 543.982016 96.615700 224.372016 15.099673 0.105775 
228.361679 0.221866 17.695652 13.791502 136.078257 504.257228 625.935619 348.872996 167.045960 0.200420 0.806477 112.242883 707.650269 460.592389 43.559852 9.261130 53.315501 0.747209 
373.608957 1333.721006 14.612859 2602.932244 98.712198 1014.660795 0.279210 0.276632 14.878581 949.152847 523.121091 1236.825452 0.479565 1464.992327 216.216371 
318.834573 0.776132 22.303244 177.413584 1136.969943 670.002066 0.580941 0.149570 105.916677 0.211328 430.400920 57.527730 74.447572 5.627052 452.678545 1194.281078 310.500211 
95.191984 2.479957 336.670485 106.003625 10.815727 0.368249 0.382536 0.248547 1628.148140 151.427892 1198.422727 
198.036466 814.082596 265.646439 9.960589 97.083169 0.450921 0.530991 0.194104 1382.822595 1363.537436 13.138988 49.622284 3.252522 343.464375 693.904892 
93.567643 611.099469 2.674326 1071.740654 980.526345 0.671129 0.328023 0.228570 638.959919 1333.353856 8.252543 19.526572 12.805314 46.455944 764.973154 1219.579343 68.891522 267.523439 59.821671 158.851468 
88.311990 117.147595 17.202443 401.753027 627.906120 2.136401 0.407148 0.246940 52.101140 1205.053543 836.860308 1143.492091 118.541118 179.120837 1472.282315 
77.265588 828.007992 15.911557 14.340209 0.381149 0.919744 479.151656 0.121701 0.778043 598.870608 1008.749846 788.979089 174.724541 10.955222 
622.482870 922.292866 12.320364 886.992794 0.822069 11.911827 28.263895 0.282784 0.350109 1265.225304 1018.200628 316.716862 80.329525 8.635342 251.025065 
226.630280 729.222235 18.554928 0.411898 234.060969 0.849409 773.512907 0.159403 230.582713 13.350116 92.206780 11.121442 469.415547 490.550105 
476.197678 230.749026 8.844841 0.722500 27.106940 0.639231 580.418712 0.100587 11.008422 380.836728 106.579704 510.786193 
644.936226 139.479440 1548.761988 0.467244 348.150676 0.248219 238.719443 0.174862 17.788541 1586.604086 30.906437 61.625448 1197.051022 0.190680 796.570738 
408.982073 65.970852 519.563792 0.438959 51.185510 9.137929 320.861380 0.258981 13.494334 29.739163 747.269716 1390.947752 1759.752182 342.512345 756.463779 192.382605 1182.216871 170.920531 159.529045 439.504299 1171.713785 35.854378 0.471201 223.928265 70.166554 3.768442 13.041033 18.893479 930.604608 
978.005586 268.896520 1222.183962 0.210829 309.272552 0.541996 117.278991 0.259006 17.510258 80.309603 0.405883 1739.073289 992.003401 321.888952 8.054588 123.590701 331.641706 97.486643 1028.798342 
594.403997 276.594083 1474.801757 0.424040 94.586051 0.369725 1860.567526 0.276727 18.765093 1486.016682 785.109599 42.395483 1642.216341 
41.961491 537.713193 217.325791 0.539311 66.921020 626.562795 0.492928 0.109573 13.696304 236.422657 552.899679 110.695906 590.126848 
16.673836 921.718533 632.435996 1.163516 671.875630 1830.717543 0.446132 0.223456 15.139802 547.014679 12.152696 
0.788703 31.112853 468.146254 0.362206 81.608889 780.359861 2.779045 334.363941 13.545038 15.413191 0.169192 926.468808 143.508925 46.369044 346.029421 
1143.291234 11.191158 282.645815 0.353952 558.120137 441.347746 0.204171 223.820439 0.465493 14.829647 156.996682 714.045641 247.817847 349.217625 570.340515 544.518307 245.241339 31.663386 
1238.796623 1442.482186 317.159228 0.242177 107.452136 12.388917 0.234440 1.533097 0.498346 33.949732 14.375594 294.535598 628.134732 149.358565 
435.070772 266.069384 0.398390 0.365908 33.888952 15.430007 0.170864 268.136566 382.061091 237.998678 27.841112 2.500065 
338.373169 334.724887 0.686800 0.472251 158.171291 15.275511 0.141910 172.060420 692.619974 59.794757 0.262355 17.645806 379.379462 
9.737846 82.764833 0.533348 0.162987 949.467477 871.762009 0.293125 291.861352 1019.929015 182.992605 53.763246 382.569232 179.112523 23.759153 125.445012 4.392050 1247.526783 
16.066576 383.978585 0.320854 0.184195 262.433799 1314.970788 0.256445 429.667572 195.318102 271.391934 0.459410 0.558627 703.226656 10.658818 1080.404948 0.622438 482.071224 7.369051 
14.840395 91.771128 0.979467 0.303071 208.404485 1337.998710 0.250729 330.626785 42.017906 112.268579 846.634382 53.139531 1441.970990 629.622285 
