  0.260148 583.317545
  0.263459 551.575305
  0.265145 550.372977
  0.281384 553.222811
  0.296948 570.054681
  0.302662 606.253772
  0.312708 587.930726
  0.308183 606.280514
  0.279258 545.411780
  0.283465 542.699596
  0.285009 575.351701
  0.268607 569.204295
  0.279245 595.644619
  0.279130 578.116475
  0.286455 536.785681
  0.297662 581.708808
  0.297270 570.436401
  0.285504 568.371373
  0.280300 548.266054
  0.278064 550.585794
  0.305194 554.335997
  0.295543 525.721926
  0.286435 559.028354
  0.277068 555.332298
  0.297755 542.754315
  0.292849 523.226606
  0.281936 563.947632
  0.272660 553.666236
  0.268892 564.066911
  0.264378 542.294233
  0.266310 601.986276
  0.275411 558.612671
  0.272424 589.075022
  0.282919 575.168082
  0.280941 538.231768
  0.276231 593.837758
  0.296677 546.825659
  0.319149 592.963106
  0.315653 547.125211
  0.314821 540.779053
  0.318834 593.899290
  0.328738 563.886194
  0.326606 548.385226
  0.334299 632.674322
  0.324897 556.614539
  0.310306 551.586647
  0.315014 542.293134
  0.309304 591.709798
  0.311531 575.361130
  0.270892 570.322847
  0.270577 540.963948
  0.263855 595.737602
  0.258201 514.671109
  0.257828 570.811314
  0.257324 563.799358
  0.251659 611.397682
  0.256980 568.754936
  0.258449 560.722295
  0.253685 533.591921
  0.261023 563.616347
  0.263996 555.769476
  0.258473 575.992248
  0.258360 551.238500
  0.243845 584.640197
  0.256811 539.743996
  0.258061 552.177788
  0.253189 562.045774
  0.256861 590.916010
  0.248553 581.843187
  0.244368 569.634964
  0.243505 560.612585
  0.254065 545.759580
  0.261477 539.762232
  0.273583 571.187650
  0.272950 570.661587
  0.267135 582.249897
  0.260729 620.052696
  0.277477 589.647080
  0.279561 565.288651
  0.280432 562.091443
  0.269326 580.798281
  0.281822 520.518055
  0.268924 561.100304
  0.279119 565.194465
  0.275633 532.702637
  0.286318 577.227753
  0.298547 605.485683
  0.301943 574.612286
  0.301172 554.526724
  0.294139 588.376021
  0.291069 562.083819
  0.285664 563.442193
  0.280126 569.083843
  0.281859 586.687628
  0.283507 569.402147
  0.280746 557.252816
  0.276744 532.333389
  0.267791 545.951281
  0.265348 550.464388
  0.278048 579.144645
