  90.495106 2980.094347
  63.526719 2976.288124
  59.113633 2981.675640
  65.949553 2968.012499
  42.663685 2974.771797
  57.173490 2980.010813
  57.892969 2980.943941
  45.723886 2970.404846
  71.627630 2975.779486
  75.549806 2973.195024
  87.875030 2977.210669
  37.322926 2980.546553
  69.575205 2978.755688
  68.279311 2979.121805
  63.638359 2975.724790
  66.031324 2978.940387
  55.898656 2978.350685
  72.812388 2978.667811
  89.824550 2979.028333
  73.157873 2984.986321
  60.597682 2977.689981
  86.563188 2975.895640
  42.072172 2975.012793
  50.342982 2977.080274
  70.891722 2974.509845
  51.051184 2972.966986
  42.657422 2979.769649
  60.898653 2978.392589
  74.272071 2974.166752
  61.675762 2974.774874
  89.657850 2977.200134
 100.526542 2973.756335
  69.178713 2975.097889
  69.160769 2977.755078
  78.080566 2981.888062
  65.402935 2978.836447
  56.782224 2976.471564
  52.128916 2973.730973
  61.128754 2972.009413
  76.648786 2976.307475
  77.771940 2975.508686
  61.978571 2979.982125
  43.388207 2976.294823
  62.419564 2974.149164
  57.772338 2981.328469
  63.890186 2979.427371
  47.558792 2967.902695
  45.777928 2975.846943
  62.040872 2974.612348
  62.648389 2973.849724
  91.910737 2978.078410
  71.569350 2976.287141
  69.635637 2972.074516
  74.274121 2973.975743
 100.391361 2974.624533
  68.953809 2979.445923
  62.020989 2974.624035
  67.249564 2975.248422
  64.591178 2976.928397
 121.220107 2980.966183
  57.505991 2977.082718
  59.314979 2980.873706
  40.352879 2976.176709
  52.551201 2977.048369
  45.056509 2971.713687
  57.273080 2980.752553
  69.954501 2981.923393
  39.911004 2977.841892
  44.226199 2977.537803
  79.217957 2976.594166
  46.361238 2978.693198
  52.993163 2973.391502
 100.445955 2972.729111
  71.211087 2980.339854
  67.955412 2979.505429
  82.702192 2973.717706
  73.335663 2974.411744
  91.815915 2978.245823
  50.291810 2976.273865
  73.365459 2979.475389
  58.622443 2977.374586
  95.577458 2973.316326
  70.423192 2981.132919
  55.287464 2974.197540
  83.695596 2977.281749
  78.215230 2979.687790
  82.408813 2972.800156
  38.817446 2975.522060
  43.390553 2976.489452
  94.956194 2980.786564
  67.894071 2981.897723
 101.972140 2978.245240
  60.567017 2980.036399
  61.608490 2977.927213
  65.354297 2980.230483
  87.692957 2979.185209
  61.217972 2974.296100
  57.529840 2974.994229
  64.458143 2977.135932
  51.750033 2978.774648
