-89.813426 -79.733727 -74.639928 -91.216798 -96.100881 -81.068146 -75.102526 -92.142083 -75.871253 -69.940120 -68.308334 -89.295532 -70.500057 -73.260113 -70.395962 -88.813975 -80.520273 -97.116853 -72.526971 -82.116401 -97.062885 -82.372366 -75.485493 -69.457562 -79.420727 -91.630453 -85.880034 -76.910137 -81.445224 -90.098111 -78.794305 -95.399346 -89.269859 
-79.298415 -76.849783 -96.458626 -69.936271 -84.234342 -69.341374 -78.630000 -69.670478 -85.932323 -69.364609 -75.672625 -78.323675 -95.804389 -70.609136 -68.829817 -76.697956 -70.720368 
-70.721781 -90.280758 -96.852714 -90.108495 -94.656204 -69.837646 -88.089801 -91.833918 -77.249595 -84.373002 -74.134158 -77.455787 -79.724138 -81.916427 -78.148474 -78.801028 -96.589112 -95.675252 -96.361767 
-70.862268 -88.536507 -86.316063 -97.293354 -82.681663 -91.922042 -97.003722 -73.057568 -74.423741 -74.644673 -78.650951 -92.949508 -89.395925 -83.219995 -82.582727 -69.996762 -90.442014 
-90.128893 -84.282942 -74.106243 -95.685370 -71.011723 -94.954677 -85.605342 -74.812331 
-92.501612 -82.766493 -86.427207 -95.117948 -76.240200 -78.306897 -71.155268 -91.478154 -79.535701 -82.905706 -86.001276 -78.257842 -87.198125 
-90.940860 -94.895010 -95.901381 -79.349897 -88.426931 -87.182378 -73.080175 -91.331871 -74.903498 -82.889067 -76.219217 -80.612615 -79.356798 -80.674655 -92.941502 
-88.622542 -70.989783 -92.374869 -74.267188 -74.188294 -78.981883 -78.496598 -86.785994 -79.414315 -75.515456 
-93.521744 -69.438180 -80.009248 -89.515611 -68.791828 -92.038546 -73.107370 -74.442631 -97.436758 -79.923565 -72.195800 -72.360709 -91.309843 -86.136755 -97.522767 -72.868119 -87.175736 -86.625175 -78.032492 -69.845268 
-69.576594 -96.887100 -73.252254 -67.974483 -96.216118 -86.866498 -97.976818 -87.767436 -78.412131 -97.409844 -91.813688 -79.085874 -69.731010 -71.607840 -87.103177 -70.362906 -74.749504 -69.197735 -78.184350 -97.766874 -79.505990 -96.085535 -95.912254 
-80.527895 -77.996683 -74.724302 -80.382803 -90.284136 -95.270815 -75.417340 -75.992046 -73.936720 -81.296777 -91.229712 -72.825155 -79.516832 -72.076600 -82.630774 -80.463531 -82.755111 -79.671433 -83.062424 -84.381887 -91.605963 -79.228733 -78.933192 -74.376915 -84.117864 -96.532207 -82.216839 -73.490207 
-74.765473 -70.043693 -73.747024 -89.926627 -89.717328 
-83.366982 -69.634753 -75.357477 -93.403981 -71.208268 -78.032802 -96.651068 -78.334169 -79.349234 -71.302715 -76.667021 -81.952111 -68.868221 -89.605600 -91.953232 -74.497146 -77.219442 -70.024147 
-68.903801 -68.972395 -78.142776 -80.750854 -79.945876 -91.097312 -79.277641 -96.845514 -81.292836 -80.629069 -76.247599 -68.497543 -97.454061 -94.120565 -79.864364 -80.421641 -78.354278 -97.139970 -88.654153 -86.118360 
-94.476025 -90.942514 -78.362223 -93.226809 -69.087361 -85.691324 -95.661500 -79.131105 -78.173481 -80.582088 -76.984112 -92.006645 -77.079061 -90.349733 -77.084570 -84.270871 -83.637864 -76.707976 -78.547363 
-95.663091 -74.543734 -88.104439 -90.355956 -97.310856 -90.036765 -82.467013 -70.380819 -75.493140 -83.578351 -70.603316 -91.735421 -83.190987 -84.700921 -76.798832 -88.543605 -95.689873 -84.156152 
-94.301751 -90.079065 -76.746513 -71.009837 -94.972791 -83.283564 -95.454091 -79.596611 -77.389738 -76.908841 -76.552784 -82.949322 -80.557213 
-80.301910 -82.828963 -93.596672 -81.275257 -75.865450 -87.304222 -79.334828 -73.943116 -93.669706 -88.967553 -93.031429 -91.432793 -75.971853 -68.291341 -88.452269 -70.966633 -73.652341 -76.783393 -88.692167 -79.286944 -69.961800 
-70.407914 -90.747327 -92.845136 -94.086690 -68.962258 -92.899561 -91.154586 -80.361383 -91.559395 -76.296329 -97.714624 -97.100549 -85.920300 -76.034578 -83.014773 -89.688122 -77.755678 -96.664087 -92.579756 -68.983859 -97.648281 -97.018672 -91.891650 -74.029888 -68.904829 -95.696680 -78.753948 -73.257414 
-69.820004 -83.352420 -93.424511 -96.327535 -82.788351 -72.218721 -90.643233 -78.095097 -80.998387 -94.131718 -90.746495 -80.535827 -81.134314 -78.288534 -85.845385 -94.041409 -77.798005 -77.646594 -76.017748 -95.709458 
-83.293484 -76.408220 -90.927434 -84.288670 -92.852374 -97.791879 -91.575187 -78.987073 -96.180371 -81.214313 -70.509510 -77.881096 -76.418177 -78.566472 -89.968325 -79.544060 -84.398289 -83.212394 -91.087397 
-68.997655 -68.126667 -74.901310 -89.388570 -95.594650 -85.217828 -69.078341 -86.838369 -69.194634 -80.546626 -74.366822 -93.641831 -91.365686 -76.315894 -86.226768 -82.333337 -70.124560 -81.748399 -78.880888 -78.814721 -89.078910 -82.462389 -86.020205 -77.667642 -92.921933 -78.572258 
-78.626868 -78.953209 -93.189572 -78.731867 -69.526508 -80.732555 -81.245248 -69.865217 -89.312086 -84.215419 -79.261713 
-72.595116 -91.463234 -88.850917 -96.068958 -69.851646 -80.221153 -80.581514 -95.057434 -93.576087 -82.414647 -79.359407 
-75.109829 -90.708922 -78.766147 -82.934262 -74.454248 -83.048542 -80.381006 -92.939256 -70.510019 -96.054505 -93.187649 -96.593214 -69.724600 -87.968940 -86.807164 -75.254772 -93.933666 -72.200369 -78.381597 -72.608177 
-69.943208 -70.410181 -69.162005 -97.352221 -75.096324 -83.270857 -93.324664 -90.263584 -93.265525 -97.026286 -72.558985 -79.142586 -92.567533 
-82.683628 -70.043571 -80.102745 -86.680315 -70.843239 -82.495320 -75.096305 -84.560591 
-93.836812 -96.161405 -95.324876 -79.586125 -76.844758 -89.796961 -87.210287 -94.593909 -80.692548 -80.908743 -83.077845 -79.151081 -70.643515 -84.185532 -88.754390 -88.588758 
-70.592795 -88.925337 -89.116240 -75.153480 -80.433095 -95.538087 -69.943767 -83.467545 -94.351103 -76.749722 -79.612954 -86.444566 -70.550969 -83.980023 -79.642084 -78.021273 -75.082570 -72.395927 -79.849029 -97.246588 -82.408688 -75.599666 -78.221005 -84.548739 -74.588328 
-69.069032 -94.787282 -70.751376 -87.642994 -92.302679 -84.126564 -79.042059 -78.860082 -75.155759 -79.402759 -79.902510 -78.501446 -78.270083 -92.503291 -81.380658 -88.921849 -79.150314 -96.014793 
-77.732494 -82.978361 -93.368577 -91.068504 -83.739346 -71.921729 -79.309877 -71.380413 -95.832142 -79.039496 -69.712257 -79.999023 -80.065759 -79.294552 -72.308562 -82.831256 -78.957729 -83.641719 -88.170367 -95.733349 -79.440925 -77.432267 -85.708521 -90.400145 -78.906749 -82.915005 -96.496050 -79.316289 
-97.514539 -90.186504 -95.433956 -75.475518 -76.639424 -73.187226 -92.685104 -86.420796 -91.799651 -69.142025 -79.274805 -80.524385 -79.411662 -95.849085 -87.098913 -87.491657 -91.900247 -95.929586 -92.731189 -87.168111 -95.338803 -70.521565 -84.043514 -91.967125 -74.305012 -74.025743 -79.633129 -79.657173 -82.174400 -81.362512 -73.410418 -79.595077 
-76.576433 -84.080101 -80.890655 -71.583974 -93.281424 -68.802675 -97.820890 -82.606049 -74.990415 -77.071794 -79.144074 -81.455228 -80.071755 -91.015584 -95.578735 -88.303338 -95.189596 -75.485662 -75.708130 -95.353759 
-75.873586 -79.410504 -93.333206 -91.300185 -83.726481 -87.467638 -72.554393 -69.422308 -91.331242 -96.621594 -75.604200 -92.333949 -70.058528 -83.624921 -69.997096 -97.666743 -83.162072 -80.484846 -69.432780 
-82.284603 -70.012570 -94.060225 -68.943600 -87.200330 -79.501873 -93.852548 -79.964476 -94.869631 -83.208626 -88.053427 -68.104481 -92.248855 -74.241061 -87.848261 -96.292950 -74.335979 -81.292406 -72.403722 -87.421974 -84.794631 -80.639195 -68.627334 -71.831821 
-83.708111 -90.918916 -89.890592 -97.485227 -69.129988 -80.552381 -80.961571 -74.889869 -69.760426 -95.112776 -95.779460 -95.807302 -83.637802 -73.951093 -80.692537 -84.164358 -74.553574 
-69.201578 -97.345870 -75.715572 -82.807477 -69.988604 -69.688867 -78.773238 -69.078186 -83.093608 -76.482563 -79.246585 -80.387688 -75.850550 -79.669152 -78.762113 
-84.426693 -79.405635 -78.980011 -80.333111 -96.319294 -74.163532 -88.694742 -86.582720 -77.607927 -93.767021 -92.646220 -88.103912 -74.091730 -80.332465 
-84.414084 -88.009510 -90.978277 -69.036240 -97.682706 -82.003326 -69.114629 -79.807690 -68.982486 -78.720972 -89.430465 -71.995806 -84.231277 -80.226860 
-96.551372 -80.044215 -77.129211 -92.395720 -68.402355 -86.159774 -76.546461 -68.193078 -91.778238 -81.833100 -90.128829 -85.775976 -78.193176 -93.829538 -76.487762 -79.264484 -85.927443 -68.459485 -85.123855 -71.309188 -91.525772 -78.346869 -75.723514 -89.275480 
-74.200215 -93.098271 -90.892891 -78.180283 -69.896001 -68.934466 -96.786239 -94.517920 -83.661947 -75.501519 -75.006369 -70.124714 -69.646309 -80.104000 -69.451035 -91.612024 -79.509700 -86.422529 -69.748294 -80.135811 -79.317713 -79.673190 -76.027547 -87.074425 
-85.817005 -82.706041 -80.633447 -95.935838 -83.708261 -76.251284 -86.623382 -90.659212 -78.932792 -71.760299 -91.365105 -79.404927 -69.296690 -74.137233 -89.644872 -83.773693 -82.971739 -69.650653 -93.791095 -73.844672 
-88.420272 -87.587422 -95.208405 -70.546720 -80.390786 -88.425146 -68.388949 -90.582673 -78.770540 -85.792751 -84.824166 -80.130444 
-94.587151 -94.105086 -85.359256 -74.220955 -71.354425 -93.484365 -90.544215 -87.062443 -72.242616 -79.274477 -82.509216 -84.432640 -68.934602 -88.011313 -71.845120 -70.172942 
-80.881256 -96.661862 -95.429650 -73.291506 -71.249634 -79.488371 -78.143535 -89.788478 -90.290476 -93.583031 -71.206791 -76.980458 -78.714882 -82.499754 -96.091608 
-82.186891 -91.616445 -92.004658 -80.955261 -76.024773 -93.267370 -75.641357 -79.751468 -90.482032 -71.542185 -71.910934 -95.103024 -92.886443 -88.646943 -80.171320 -72.219850 -79.167828 
-93.740458 -69.745649 -93.309249 -71.842389 -79.031403 -71.302653 -83.905470 -84.023706 -70.074272 -78.769539 -93.241662 
-82.868391 -89.952159 -69.454787 -75.744588 -96.263819 -71.326791 -83.165359 -97.179616 -79.576582 -81.653808 
-94.719248 -90.706256 -79.530437 -74.122670 -72.634760 -94.515149 -75.539281 -88.690532 -76.889565 -76.810813 -77.423475 -72.754642 -88.891005 -82.298276 -78.866456 -73.110606 
-80.340935 -92.233937 -76.017971 -72.113614 -97.000892 -78.223846 -73.231393 -68.597955 -97.209926 -89.974678 -80.165120 -76.882230 -77.755219 -72.378747 -79.349033 -73.842651 -75.767253 
-93.946439 -75.618553 -69.165475 -92.193313 -85.408057 -93.565541 -95.732017 -75.070059 -71.831688 -80.218641 -89.956197 -96.352568 -78.835191 -76.332902 -77.886657 -92.809962 -70.411293 -76.687472 -78.941063 -73.160709 -76.302629 -85.486035 -79.311172 -75.273558 -73.265998 -79.708771 -95.396905 -88.543592 -76.853595 -91.968250 -91.614610 -75.857389 -89.648501 
-80.054659 -93.450964 -90.005252 -78.613114 -68.998048 -94.738605 -92.231885 -70.227087 -87.700450 -68.989701 -73.389946 -88.536084 -69.678301 -84.000442 -79.035304 -94.184041 -71.372905 -78.822804 -68.594599 -87.229928 
-79.390380 -69.185916 -91.812266 -95.975646 -79.190436 -79.213928 -92.968711 -75.027264 -83.762163 -79.607613 -78.550168 -78.118226 -68.118880 -74.579629 -70.973673 -82.526052 -76.729536 -77.734806 -80.630239 
-70.102930 -88.286934 -79.316176 -91.843874 -89.553222 -74.615953 -93.436697 -81.397611 -85.092483 -83.642015 -70.842556 -70.494573 -85.664221 -88.260764 -77.994368 -73.945102 -80.229958 -79.239392 -79.028184 -84.125782 -82.600506 
-79.202851 -79.052021 -82.955448 -71.908944 -94.064146 -68.597530 -95.763224 -72.882312 -92.436453 -76.496760 -91.045007 -70.822586 -79.128752 -77.169526 -76.625900 -70.767154 -80.477990 -91.686050 -80.147128 -79.684960 -84.654333 -69.934923 -80.753848 -87.410536 -70.255105 -78.728635 -79.201844 -70.758479 -79.251151 -69.753313 -70.189302 -81.476900 -92.229583 -88.737122 
-87.360586 -75.016540 -96.848762 -73.044009 -92.652371 -69.076978 -73.946532 -85.643699 -88.240319 -82.777241 -94.600090 -78.917375 -87.523509 -92.652126 -90.648069 -79.885854 -68.828978 -70.437618 -83.728263 
-90.669221 -76.763009 -77.042707 -93.457897 -92.003120 -80.283787 -77.172283 -79.297157 -79.884677 -74.245647 -81.435545 -71.314305 -91.658340 -76.682724 -75.232412 -84.385226 
-96.308408 -74.224833 -74.517630 -95.880738 -79.358691 -81.668390 -78.141029 -79.737511 -79.516838 -92.549435 -84.521743 -89.446366 -95.940122 -77.204331 -94.599200 -73.585584 -76.987821 -71.324921 
-74.029046 -84.737415 -87.063016 -73.053320 -76.482319 -78.627641 -91.499899 -84.684359 -79.432362 -91.205227 -78.908857 -89.756275 -89.385809 -87.212758 -72.671176 -82.704707 -78.681933 
-75.620496 -91.083872 -87.820991 -78.299881 -79.312784 -79.852148 -87.757401 -79.481127 -78.650793 -94.671637 -95.689599 -76.907647 -97.556599 -84.532958 -80.621362 -82.097644 -68.429654 -90.486524 -89.317771 -97.461165 -77.015769 -90.205423 -80.249416 -79.135152 -83.574412 -76.662950 -91.281921 -89.583197 -78.685284 -81.867354 -84.930682 -79.295375 -69.363906 -82.699804 -76.480197 -80.109564 -89.400421 -95.753151 -79.706718 -82.857875 -89.280694 -80.052033 
-68.428166 -75.977298 -83.701059 -96.966305 -92.102555 -81.188597 -92.779981 -76.546949 -88.924296 -84.003823 -83.945278 -71.505024 -80.363127 -78.555251 -68.335890 
-70.360934 -79.757638 -85.555233 -96.282616 -91.265907 -78.973439 -89.813464 -77.922423 -82.983639 -78.897721 -72.234640 -69.123522 -81.424940 -76.689319 
-91.292350 -78.791462 -73.870313 -77.365901 -91.791535 -89.542965 -79.007377 
-89.411697 -69.842192 -93.768602 -76.631665 -79.296141 -94.687969 -75.647367 -75.551305 -86.935352 -77.186384 -90.467522 -71.441805 
-79.582703 -86.949854 -69.866256 -80.692868 -78.685718 -74.204787 -78.864147 -95.070915 -74.420613 -80.025404 
-78.471037 -79.727229 -69.317595 -80.808163 -91.633970 -81.546497 -90.705035 -95.764832 -73.399365 -88.751924 -75.692004 -90.550869 -79.215756 -80.175964 -81.558171 -83.245342 
-83.741249 -73.637890 -80.587947 -68.609627 -75.097362 -92.076462 -97.298853 -80.979464 -90.506026 -75.695427 -92.546309 -90.644933 -84.880526 -81.412376 -80.338397 -76.277514 -94.333831 -86.924692 -86.522951 
-91.901726 -73.939100 -70.233325 -76.828363 -73.356146 -74.773154 -72.431047 
-87.305020 -75.224125 -69.221381 -80.156197 -74.353382 -76.533413 -82.131997 -71.592397 
-97.339623 -76.489785 -70.161239 -73.405732 -75.440969 -70.372926 -74.568602 -83.005984 -94.360146 -83.076595 -84.142066 -80.072729 -89.476715 -80.976816 -95.994962 -96.386253 -73.287031 -83.779389 -80.390415 -79.175104 -78.417400 -97.786661 -95.967843 
-74.141911 -91.603035 -82.761761 -91.256726 -75.359242 -82.538808 -88.479193 -76.839684 -80.393020 -95.103157 -78.229182 -81.799588 -83.182297 -79.600159 -78.162154 -84.051960 
-73.709458 -80.502772 -80.056057 -79.927410 -93.627474 -69.901246 -82.676234 -79.446736 -86.652301 -85.481172 -80.769670 -80.476902 
-79.492595 -83.587881 -88.098147 -88.603390 -72.177705 -79.066109 -80.916185 -93.995111 -85.516810 -88.957042 -79.193551 -91.673060 -93.795130 -83.458043 -70.557216 -97.400281 -93.690159 -93.362398 -94.483012 -97.721118 -76.234079 -84.665912 -96.004315 -82.367647 -75.556986 -81.953803 -89.997996 -93.064105 -76.221270 -73.359702 -80.336286 -93.703856 -69.517177 -71.641776 -68.228072 -68.472237 
-79.949890 -78.426546 -91.004184 -92.013546 -94.863921 -75.626107 -74.169476 -82.648302 -71.315279 -69.139543 -82.430287 -76.043730 -78.541266 -88.589802 -87.211774 -69.043912 -78.441541 -89.525094 -91.932369 -88.716077 -91.936379 -80.289478 
-76.126160 -95.034304 -79.706194 -82.454833 -89.034595 -79.389116 -95.830207 -80.158444 -82.832322 -76.839591 -68.799636 -91.232718 -96.622191 -72.927794 -71.668447 -75.810960 -90.296765 -79.477073 -77.372450 -95.303440 
-76.973128 -81.180953 -86.316957 -75.030960 -83.302322 -79.389014 -73.018232 -94.046400 -79.565182 -77.483588 -94.835061 -75.770926 -76.349974 -70.259692 -76.648116 -94.447095 -84.861310 -90.624284 -83.142180 -79.160233 -73.654388 -94.301883 -81.376543 -76.984427 -76.690290 -83.348235 
-80.417335 -74.788916 -79.578000 -75.220116 -76.476589 -77.196477 -83.044624 -82.383600 -76.401259 -90.753676 -77.235007 -94.505785 -80.100036 -90.186707 -93.108760 -68.802408 -78.236918 -91.866313 -78.713417 -88.318031 -68.052501 -93.076036 
-69.706797 -93.589794 -76.121339 -89.650795 -93.540646 -68.741420 -82.588744 -74.290917 -96.317419 -78.433001 -90.065273 -76.538729 -79.284407 -78.007094 -87.309078 -93.023149 -70.003264 -80.271526 -90.196872 -72.350200 -69.890729 -78.874870 -96.143638 -74.254210 -79.152788 -82.293595 -75.787097 -79.131657 -85.436502 -81.204124 
-90.612544 -75.966181 -79.944905 -96.418709 -80.372423 -97.352047 -74.160277 -68.496788 -84.081301 -77.878716 -79.538244 
-82.536669 -97.242460 -75.731295 -80.911845 -80.804012 -82.269841 -78.353564 -84.150498 -96.706364 -83.452651 -88.958592 -74.932762 -91.108408 -92.718647 -76.440644 -76.859651 -80.362938 -96.855505 -93.520243 -90.130567 -86.115138 -96.540803 -78.998191 -94.651707 -75.010537 -96.655679 -95.155516 
-68.567811 -94.638143 -75.914639 -84.606011 -96.665582 -79.408038 -69.600405 -69.426338 -71.646197 -79.670196 -77.879827 -82.673962 -86.235825 -85.540096 -78.743582 -75.582418 -71.184235 -78.086957 -79.836126 
-68.215040 -81.693639 -81.539683 -79.591797 -90.333259 -92.220641 -94.292110 -79.588664 -84.200684 -73.506844 -81.470889 -75.564201 -79.477554 -91.352054 -74.810820 -76.612438 -78.259505 -74.618364 -74.600868 -78.008296 -73.565526 -68.856901 -83.194516 -70.174356 -79.913046 -95.924923 -69.153748 -77.204459 -79.971691 -79.439764 -73.980068 -92.092283 
-78.306655 -91.318059 -88.771362 -82.364805 -72.702491 -96.954408 -72.290911 -69.002214 -73.120841 -81.705981 -91.342477 -92.289579 -79.132298 -83.821043 -95.516895 -71.656784 -93.923958 -87.174137 -91.432701 
-93.186288 -73.352199 -69.619969 -78.151424 -93.024104 -90.278585 -96.360303 -72.132672 -80.745810 -87.521649 -69.816368 -81.133841 -82.723637 
-77.254182 -69.952521 -69.060351 -74.249356 -79.490752 -83.175197 -97.772298 -72.890478 -91.337717 -96.510746 -96.477294 -76.163876 -95.408858 -79.880166 -72.921990 -96.167522 -68.339619 -69.129189 -79.160405 -79.400050 -76.628598 -94.273397 -72.682565 -75.547473 
-84.720751 -83.206374 -79.155739 -82.961078 -68.861653 -81.871591 -81.276806 -88.907286 -97.986344 -81.259398 -68.817091 -78.798850 -90.759743 -73.789101 -83.112323 -92.659645 -76.732371 -77.373728 -87.441893 -83.195238 -93.202106 -80.241498 -80.196793 -80.075374 -92.096196 -78.600534 
-80.980981 -87.580940 -78.105351 -88.744190 -93.587827 -78.133382 -78.965999 -97.081135 -75.516486 -72.916142 -75.558461 -82.269484 -74.855937 -95.289453 -80.609814 -74.330447 -75.820888 -82.679349 -78.954105 -83.677407 -75.896482 -88.848673 -79.776107 -78.521202 -79.799448 
-81.120888 -79.619370 -93.618776 -83.855843 -89.662837 -70.641929 -71.686235 -94.719484 -69.419562 -76.536306 -83.001284 -77.931404 
-96.994224 -90.433756 -76.403556 -96.979832 -90.602988 -93.018596 -69.609224 -81.655287 -95.829187 -91.969896 -93.990482 
-77.853534 -84.832664 -71.187919 -87.398228 -93.683059 -97.454421 -68.354795 -90.692782 -68.620982 -68.703330 -86.023950 -69.116228 -92.379278 -76.833652 -92.950987 -82.256429 -70.698190 -80.230356 -80.893021 -86.576914 -70.412228 -83.582070 -94.582945 -79.395543 -77.924583 -82.324288 -97.229125 -73.099938 -79.448205 -95.506089 -91.283433 
-94.342088 -83.514371 -69.065026 -96.398938 -84.126038 -94.566408 -79.163366 -95.666072 -75.365351 -79.630394 -79.150425 -86.301719 -69.564311 -93.764335 -84.140438 -84.967546 -78.837334 -82.343000 -69.536380 -77.346910 
-69.337598 -92.395192 -82.797598 -82.276583 -94.338922 -83.073920 -75.615499 -97.153193 -75.998677 -95.244703 -80.541561 -91.546560 -79.714658 -82.162965 -95.820278 -69.907497 -84.650711 -75.191447 -97.864490 -76.592054 -86.987342 -90.209439 -79.673569 -89.159478 -69.708885 -86.952782 -78.775556 -79.136094 -80.244472 -81.865762 -77.189769 -75.809509 -95.304934 -93.148649 -71.168033 -79.552616 
-74.687604 -95.668094 -77.413506 -79.276727 -96.366017 -79.830639 -69.486865 -80.051756 -78.569817 -73.179716 -78.440794 -80.057436 -76.894350 -97.546879 -79.952185 -79.340337 -79.835068 
-93.381568 -76.367397 -87.154369 -74.182672 -96.815087 -88.676381 -78.443756 -76.645749 -87.784799 -74.376612 -76.635275 -82.967204 -69.648395 -71.752766 -69.440611 -79.420510 
-74.661405 -72.910071 -74.035838 -91.370791 -70.061536 -82.633660 -79.025803 -79.943443 -79.355009 -83.982345 -94.359693 -72.330148 -97.203990 -73.062166 -81.909384 -87.377726 -69.326332 -80.406650 
-92.898825 -79.516368 -69.223936 -71.633177 -88.534944 -84.097213 -87.887259 -89.638299 -71.008261 -79.499323 -96.112619 -78.774363 -72.305053 -69.784512 -94.589271 -81.637733 -84.133296 -79.578858 -68.519370 -74.510476 -76.376699 -92.842188 -91.196739 -83.707312 -82.746560 -71.067464 
-92.262174 -68.895394 -80.700290 -75.472092 -69.427421 -92.326832 -85.971546 -76.102179 -78.491513 -80.517287 -81.042518 -75.663553 -95.717562 -79.608216 -82.950226 
-83.763766 -91.993023 -73.559190 -94.094966 -79.196351 -76.013591 -90.447711 -79.625936 -88.909307 -75.879693 -71.402228 -69.212505 -75.567234 -75.846799 -95.218560 -92.851021 
-83.591884 -88.659307 -81.885285 -93.591665 -69.447322 -87.137333 -75.610711 -82.851664 -95.247373 -74.023910 -75.721048 -69.031169 -70.489974 -92.846326 -73.321198 -76.565191 -79.613772 -78.254962 
-97.508839 -78.921533 -86.078498 -91.133608 -93.552842 -79.099208 -75.488001 -73.806080 -95.380439 -70.123316 -97.916280 -69.154875 
