-68.7981 44.3714
-67.8962 42.0367
-68.4016 39.863
-73.0818 38.2594
-74.6419 33.7103
-79.6296 30.5098
-77.6301 27.181
-78.6848 23.4477
-83.2771 23.9708
-85.1448 28.3475
-88.199 28.0571
-92.176 28.0958
-94.8347 27.2396
-95.8674 25.2294
-97.054 25.0106
-98.1306 25.8242
-98.0427 27.6686
-95.8674 28.8876
-93.846 31.0384
-90.8137 30.9066
-88.3967 30.7367
-87.1003 30.6045
-86.0676 30.3772
-84.8811 29.9022
-84.0901 30.2445
-82.552 29.1758
-82.7498 27.8824
-81.3875 26.0218
-81.1677 25.2095
-80.3767 25.2493
-80.0911 26.6913
-81.6731 30.4909
-81.1677 32.0124
-78.4651 33.9567
-76.8281 34.9531
-76.6853 35.9198
-77.1566 37.1862
-77.1126 38.38
-76.6732 39.2446
-75.5608 39.882
-75.1418 39.8793
-75.2367 39.6275
-74.825 39.403
-74.8891 39.141
-74.9662 38.9131
-74.7646 39.0607
-74.4203 39.5016
-73.965 40.3294
-74.2726 40.4591
-73.954 40.8467
-73.2125 41.2361
-71.4766 41.3764
-71.4986 41.5658
-71.3777 41.8078
-71.2294 41.7095
-71.1141 41.4959
-70.7955 41.6889
-70.6032 41.7218
-70.7131 41.5411
-70.5098 41.5822
-69.9385 41.6766
-69.955 42.0163
-70.1583 42.1019
-70.3176 42.0693
-70.2462 42.0326
-70.1418 42.0448
-70.0264 41.9428
-70.0209 41.7955
-70.1912 41.7259
-70.5373 41.7996
-70.7076 41.9755
-70.6362 42.0612
-70.8065 42.2241
-71.0372 42.3054
-70.8284 42.6699
-70.7625 43.1247
-70.2352 43.592
-70.2462 43.8183
-70.0725 44.4499
-69.3255 44.6065
-68.7981 44.3714
