-82.817109  24.261535
-82.031800  24.261535
-81.246492  24.261535
-80.461183  24.261535
-79.675875  24.261535
-78.890566  24.261535
-83.209763  25.075334
-82.424454  25.075334
-81.639146  25.075334
-80.853837  25.075334
-80.068529  25.075334
-79.283221  25.075334
-78.497912  25.075334
-97.737969  25.889133
-96.952661  25.889133
-96.167352  25.889133
-83.602417  25.889133
-82.817109  25.889133
-82.031800  25.889133
-79.675875  25.889133
-78.890566  25.889133
-78.105258  25.889133
-97.345315  26.702932
-96.560006  26.702932
-95.774698  26.702932
-83.995071  26.702932
-83.209763  26.702932
-82.424454  26.702932
-80.068529  26.702932
-79.283221  26.702932
-78.497912  26.702932
-97.737969  27.516731
-96.952661  27.516731
-96.167352  27.516731
-95.382044  27.516731
-94.596735  27.516731
-84.387725  27.516731
-83.602417  27.516731
-82.817109  27.516731
-79.675875  27.516731
-78.890566  27.516731
-78.105258  27.516731
-96.560006  28.330530
-95.774698  28.330530
-94.989389  28.330530
-94.204081  28.330530
-93.418773  28.330530
-92.633464  28.330530
-91.848156  28.330530
-91.062847  28.330530
-90.277539  28.330530
-89.492230  28.330530
-88.706922  28.330530
-87.921613  28.330530
-87.136305  28.330530
-86.350997  28.330530
-85.565688  28.330530
-84.780380  28.330530
-83.995071  28.330530
-83.209763  28.330530
-80.068529  28.330530
-79.283221  28.330530
-78.497912  28.330530
-95.382044  29.144329
-94.596735  29.144329
-93.811427  29.144329
-93.026118  29.144329
-92.240810  29.144329
-91.455501  29.144329
-90.670193  29.144329
-89.884885  29.144329
-89.099576  29.144329
-88.314268  29.144329
-87.528959  29.144329
-86.743651  29.144329
-85.958342  29.144329
-85.173034  29.144329
-84.387725  29.144329
-83.602417  29.144329
-82.817109  29.144329
-80.461183  29.144329
-79.675875  29.144329
-78.890566  29.144329
-94.204081  29.958128
-93.418773  29.958128
-92.633464  29.958128
-91.848156  29.958128
-91.062847  29.958128
-90.277539  29.958128
-89.492230  29.958128
-88.706922  29.958128
-87.921613  29.958128
-87.136305  29.958128
-86.350997  29.958128
-85.565688  29.958128
-83.995071  29.958128
-80.853837  29.958128
-80.068529  29.958128
-93.811427  30.771927
-93.026118  30.771927
-92.240810  30.771927
-91.455501  30.771927
-90.670193  30.771927
-89.884885  30.771927
-89.099576  30.771927
-81.246492  30.771927
-80.461183  30.771927
-79.675875  30.771927
-80.853837  31.585726
-80.068529  31.585726
-79.283221  31.585726
-78.497912  31.585726
-80.461183  32.399525
-79.675875  32.399525
-78.890566  32.399525
-78.105258  32.399525
-77.319949  32.399525
-79.283221  33.213325
-78.497912  33.213325
-77.712604  33.213325
-76.927295  33.213325
-76.141987  33.213325
-78.105258  34.027124
-77.319949  34.027124
-76.534641  34.027124
-75.749333  34.027124
-74.964024  34.027124
-76.927295  34.840923
-76.141987  34.840923
-75.356678  34.840923
-74.571370  34.840923
-76.534641  35.654722
-75.749333  35.654722
-74.964024  35.654722
-74.178716  35.654722
-76.141987  36.468521
-75.356678  36.468521
-74.571370  36.468521
-73.786062  36.468521
-76.534641  37.282320
-75.749333  37.282320
-74.964024  37.282320
-74.178716  37.282320
-76.927295  38.096119
-76.141987  38.096119
-75.356678  38.096119
-74.571370  38.096119
-73.786062  38.096119
-76.534641  38.909918
-75.749333  38.909918
-74.964024  38.909918
-74.178716  38.909918
-73.393407  38.909918
-72.608099  38.909918
-71.822790  38.909918
-75.356678  39.723717
-73.786062  39.723717
-73.000753  39.723717
-72.215445  39.723717
-71.430136  39.723717
-70.644828  39.723717
-69.859519  39.723717
-69.074211  39.723717
-74.178716  40.537516
-73.393407  40.537516
-72.608099  40.537516
-71.822790  40.537516
-71.037482  40.537516
-70.252174  40.537516
-69.466865  40.537516
-68.681557  40.537516
-71.430136  41.351315
-70.644828  41.351315
-69.859519  41.351315
-69.074211  41.351315
-68.288902  41.351315
-70.252174  42.165114
-69.466865  42.165114
-68.681557  42.165114
-70.644828  42.978914
-69.859519  42.978914
-69.074211  42.978914
-68.288902  42.978914
-69.466865  43.792713
-68.681557  43.792713
