0.951606 0.949622 1.080369 1.078807 1.005025 1.025812 1.079143 0.875766 0.926698 1.067571 0.977669 0.856907 
1.069659 1.118415 0.976417 0.989039 0.996596 1.067232 0.823758 1.093378 0.802485 1.032455 0.916172 1.201619 1.217817 1.130084 1.228107 1.011787 0.940813 1.038183 1.025810 1.027644 0.922637 0.829072 1.175342 0.947622 1.185273 0.975828 0.847374 1.255926 0.961561 1.062136 1.036810 0.883370 1.065593 0.849299 0.938535 0.897674 
0.954848 1.203719 1.038094 1.084918 0.926357 1.107155 0.945005 0.802316 1.215319 1.060575 0.814846 1.188687 0.811712 0.892779 1.032026 
1.037436 0.866715 1.022030 0.972616 1.234132 0.916003 0.832075 1.179863 1.060767 1.028304 0.843270 0.811861 0.867297 
1.109097 1.132618 1.175047 1.193024 0.972019 1.123394 1.062240 1.060716 0.913857 1.019916 1.042358 1.081903 1.154779 0.826993 0.941762 1.135077 0.961997 1.230615 1.210332 1.037691 1.093699 1.172966 
1.069338 1.244859 0.882449 1.143141 1.109965 1.086639 0.838503 0.940039 1.092652 1.051825 1.163749 0.941425 1.150574 
0.938633 1.134310 1.054124 0.866289 0.965583 1.037412 0.946324 0.816124 0.878337 0.844637 1.083113 1.089393 0.872823 0.862360 0.798483 0.954589 1.140988 0.881712 1.015940 0.821764 
1.063767 0.860804 1.027030 0.954594 0.864755 0.845574 1.080682 1.099023 0.940241 0.973631 1.055409 0.874100 1.075453 1.253796 0.996696 1.232920 0.951445 1.194522 1.159851 0.795688 0.881657 0.910960 1.021462 0.818964 
0.927459 1.029008 0.927817 1.028809 0.954946 0.935527 1.120987 1.023147 1.064160 0.917510 0.942086 0.826392 0.929029 1.116552 0.839988 1.042224 0.954833 
0.958857 1.032368 0.981147 0.964519 1.227603 0.864927 0.914935 0.834762 0.853600 0.928159 1.024414 1.119225 1.110107 
1.053208 1.194711 0.981144 0.884113 0.907180 0.801912 1.252613 1.023260 0.998440 0.858599 1.202760 0.911738 1.068618 1.077607 0.948017 
1.076087 0.894901 0.994201 0.933788 0.913175 0.910488 0.998440 0.885814 0.798758 0.804554 
0.990540 1.025207 0.919750 1.081712 0.837439 1.002446 0.798127 1.074856 0.973853 0.865371 1.102150 1.006536 0.822443 
0.865476 0.969828 0.801304 0.981153 0.852412 0.935093 0.982521 1.069164 1.014015 0.863472 0.804009 
0.915474 0.968233 1.023581 1.022956 1.097490 1.013854 1.032012 1.114607 1.133502 0.835572 1.120397 1.085124 0.804685 0.870426 1.066846 1.067693 
0.960976 0.910458 1.041863 0.960360 1.140087 0.991558 1.196838 
0.965116 1.103364 0.936438 0.880898 1.007679 0.860859 0.851768 1.114739 0.937471 1.077795 0.800134 1.028991 
1.066973 0.878055 1.151465 1.161481 0.903334 0.899058 0.854383 0.964187 1.048611 0.839185 1.134834 0.971148 0.803342 
1.142145 0.868478 0.897117 0.884737 0.963994 0.910724 0.988657 0.874257 1.033038 0.901119 0.998786 0.973439 1.194715 1.040830 0.927696 0.837131 0.926995 1.059432 0.917884 1.093275 0.851616 0.814542 1.252812 1.092365 0.815282 1.006240 0.818391 1.017868 0.950247 0.895411 0.882527 1.160760 1.237935 1.025174 
0.857276 1.118682 0.986063 0.833838 1.178725 0.923738 0.885355 0.994785 1.211055 
0.856215 1.141500 0.847214 1.248597 1.205564 1.002988 0.945651 0.796621 1.187621 0.798603 0.917747 1.181561 1.153157 0.866698 1.135444 1.012599 1.085912 0.870588 0.864634 
0.983626 0.949849 0.939226 0.969658 0.801952 0.952712 0.964797 0.964188 1.201821 0.850453 0.883667 0.980879 0.904722 1.069601 0.970832 1.068476 1.028937 0.884758 0.919405 1.118716 0.934097 0.940713 1.074730 1.018297 
1.017019 1.096005 0.925769 1.038319 1.187363 1.018399 1.014147 1.009840 0.842521 1.016208 1.004128 1.035672 1.116655 
0.943132 0.940662 1.119483 0.986636 0.972940 1.015086 0.890239 1.245265 1.052975 0.836252 0.897669 1.020026 1.095326 0.878027 1.095058 0.911986 1.055566 0.840613 1.038792 1.108274 1.067824 1.113837 1.017059 
0.901490 0.996046 1.016199 0.866487 0.990210 0.924300 0.942360 1.211313 
0.847555 0.937121 1.019363 0.878233 0.830448 1.195210 0.864769 0.808840 0.888424 1.185113 0.794855 0.961553 0.934365 0.833457 1.081468 1.135435 1.036506 1.249053 1.003958 0.891383 1.079802 1.221825 1.131817 
1.027926 0.814365 1.111061 0.951601 0.846114 0.856304 1.027742 0.894522 0.802076 0.940646 0.935227 0.803844 0.947599 1.253081 1.082029 1.221864 0.883841 0.814868 0.968650 1.136720 
0.809776 1.069584 0.867062 0.973685 0.858956 0.798605 0.967768 0.878495 0.820206 1.110703 1.150510 0.798931 0.960471 0.872515 1.123504 1.212758 0.888212 0.929626 1.234127 
0.809776 1.208086 0.891825 0.948093 0.967842 0.809200 0.896425 0.925170 1.127654 0.974733 0.850385 1.125907 1.132747 1.183846 1.011343 0.878300 1.034952 0.900717 0.947072 0.842200 0.818251 0.878187 0.955276 1.079953 
1.183393 1.115460 1.235248 0.929399 0.839748 0.848513 0.800145 0.905580 0.912347 0.929635 0.800282 0.880757 1.222532 0.881855 0.826588 1.206892 0.920168 1.182083 0.971294 1.046527 
0.987972 0.841818 0.876220 1.075454 0.929755 1.083338 0.997973 0.891040 1.057719 0.859896 1.014239 1.025757 0.928920 1.116310 0.958473 0.857145 0.842786 1.222062 0.895988 1.166906 0.955616 
0.835849 0.889882 0.896895 1.237273 0.924212 0.847414 1.227006 0.945502 1.257407 1.193656 1.167992 1.057180 1.003003 0.959480 0.952952 0.947654 0.834985 1.258485 1.056465 0.867039 1.040272 1.179738 1.083484 1.044687 1.169398 1.068630 0.955878 1.048377 1.008799 1.182830 0.896491 0.994839 
0.979966 1.015186 0.987771 0.822426 0.913355 0.943835 1.207322 0.888309 0.858362 0.822296 0.918155 1.000900 1.044487 1.208320 1.099434 1.225217 0.906634 0.910311 0.818405 0.884210 1.017192 0.940623 1.141640 0.801112 1.235567 
0.890515 0.927960 1.252441 0.862579 0.978161 0.806809 1.165377 0.900772 1.036450 0.913116 1.190773 0.886711 1.238352 0.859778 1.213813 0.957567 1.019277 1.087199 0.957658 0.893728 1.169957 1.015200 0.975259 
0.982598 0.804824 0.907145 0.812108 0.847429 0.809762 0.864142 0.937685 1.163271 0.935720 0.794338 0.843531 1.249774 0.845157 1.189646 1.011752 0.840038 0.903195 
1.040619 0.949024 0.919948 1.230858 0.868786 0.877376 0.822749 1.198266 1.174870 0.955597 0.863045 1.224297 0.964342 0.913076 0.948808 1.064928 0.971346 1.045568 0.901790 1.028599 0.850758 1.199551 0.952805 0.840611 1.207503 0.996569 0.894123 1.102664 1.012175 1.064146 0.893950 0.964103 0.816512 
0.971812 0.913383 0.962408 0.867470 0.847325 1.096722 0.940965 0.940287 1.135549 0.980857 1.028502 0.949994 0.964123 0.807239 0.894808 0.874265 1.125961 0.834685 1.119028 0.858439 1.079251 1.001372 0.833810 
1.199990 1.172587 0.975846 1.051334 0.936267 0.950215 1.032111 0.865509 1.015627 1.013963 0.968510 0.897152 
0.808142 1.145762 1.053700 1.227886 0.899777 0.937143 1.013366 1.078954 1.022028 1.234203 0.959917 0.846494 0.919409 0.820775 0.920632 1.211170 1.097223 1.158843 0.961085 1.251611 1.052365 1.062632 0.842871 0.957886 1.009851 1.231925 0.993786 0.857627 1.102663 1.004775 1.022747 0.846764 
0.876669 1.253649 1.090336 0.947695 1.037542 1.018250 
1.206775 0.944107 1.030883 0.947695 1.075125 1.141985 0.813425 1.011042 0.925944 0.997179 0.867183 1.210827 1.089255 1.238729 0.846776 0.994297 
0.994671 0.922769 0.952168 0.860497 1.015009 0.947995 1.070010 0.882364 0.888469 1.040931 1.042046 1.143095 1.194605 1.136704 1.038076 0.992880 0.995756 1.071827 1.094251 
0.918200 1.037297 1.060038 1.217975 0.913677 1.017681 1.051170 1.203658 1.147604 1.016979 1.123689 0.886476 0.925078 0.879614 1.062960 0.930303 1.002376 1.139126 0.998589 
0.919965 1.042389 0.846478 0.879397 0.968043 1.064144 1.003177 1.021265 1.175506 
0.930199 1.079729 0.852070 0.944003 1.075057 1.127371 0.807176 0.983707 0.837805 1.021795 0.930636 1.088362 0.985617 0.975808 1.194229 0.874106 1.104554 
1.045864 1.011235 1.099339 0.938358 0.904361 0.996790 0.890712 0.934264 0.905767 0.860200 0.996708 0.845848 1.051724 1.021695 1.181249 
1.038244 1.052492 1.185610 0.961023 1.103641 0.908235 0.989942 0.959359 0.887795 1.174633 0.873700 0.947316 0.917776 0.986280 0.959024 0.988194 0.818116 1.213600 1.136469 1.172904 0.906926 1.120027 1.104013 0.961698 1.064107 1.092406 1.016336 
0.999628 1.047270 0.851043 0.933332 0.916174 1.136826 0.992846 0.866003 0.818906 1.208749 0.901164 1.009921 1.195891 0.813265 0.854563 1.023071 0.836287 1.002243 0.937058 1.038482 0.951878 0.887071 
1.121023 1.040476 1.166259 1.247034 1.074208 0.884969 0.938070 0.867272 0.897278 0.815054 1.035455 0.862368 0.827184 0.943164 0.940485 0.972438 1.031125 1.055108 0.854747 1.252805 1.094089 0.957793 0.920952 1.191005 0.950149 0.958102 0.908093 
1.038603 0.875227 0.977766 1.222679 0.945276 0.971160 0.908472 1.013209 0.805583 0.801436 0.974466 1.154141 0.900126 0.902274 0.957180 0.886332 1.234861 0.932764 
0.942674 1.076752 0.921255 0.931788 0.844092 0.957708 0.810380 0.900704 0.942288 
0.924994 1.063512 0.851802 0.956619 1.161040 0.934435 1.074930 0.968318 1.172565 1.180243 
0.939763 0.844982 0.998534 1.018418 0.991101 0.945900 0.833712 1.013431 1.160695 0.900787 1.161440 1.076331 1.175786 0.948743 0.874999 
1.101043 0.853164 0.935371 1.030199 0.923784 1.162123 1.108693 1.128499 0.872665 0.950274 1.024509 1.097713 1.108259 0.862380 0.810156 1.111992 1.041926 0.958426 1.206949 0.999344 1.148804 1.018544 1.145321 
1.175462 1.003632 0.921500 1.076080 1.039632 0.909941 0.837040 0.854467 0.810597 0.855625 1.010678 0.807853 0.813816 0.948056 1.128130 0.892738 0.839186 0.957342 
0.804703 1.161759 0.805873 0.877648 0.852851 0.943791 0.903003 0.879996 0.900795 1.127777 0.898710 0.800106 0.858937 
0.823691 0.924930 0.975686 0.911066 0.978472 0.871699 0.853729 0.899499 0.997498 0.838425 0.836635 
0.986238 1.147792 1.118835 0.968239 0.965135 1.051897 0.836380 0.876656 1.009149 0.849919 0.960760 1.058227 0.901594 0.998771 0.884532 1.172375 1.130844 1.082359 1.182570 
1.034227 0.892311 0.933052 1.017337 0.959649 1.196476 1.148667 0.962932 0.893794 0.905376 1.248579 0.897768 1.192394 1.021974 0.794861 0.975007 
0.884195 0.937808 0.875767 1.022599 0.905812 0.956641 0.857294 1.137545 1.174973 0.835370 0.909749 0.874093 1.240733 0.918695 0.961615 0.911952 0.846817 0.822716 1.089077 1.059642 
0.803297 1.169785 0.822540 1.006147 0.929727 0.951058 0.797777 1.021909 1.018017 0.950660 0.928277 0.990652 0.992126 0.839179 0.884044 0.811547 0.969581 1.120990 0.937991 1.197030 1.212623 
1.004036 1.206128 0.867561 0.880506 0.914330 1.086429 0.876632 0.942667 0.951118 0.978617 0.943961 
0.884481 0.903525 1.201844 0.842229 0.998008 0.883972 1.083284 0.797042 1.040287 0.887700 0.858275 0.909867 0.877238 0.923920 0.935585 0.816385 0.850770 1.196056 1.119255 0.902582 
0.889531 0.837253 0.851484 0.946750 1.181539 1.165955 1.099761 0.878162 0.867786 0.823969 1.096257 
1.183885 0.819218 0.912291 0.828515 0.895771 0.892003 0.910622 0.901930 1.040727 0.875294 0.895579 1.147983 0.945132 1.053961 1.153824 0.954025 0.809277 1.132131 1.134162 0.946001 0.840828 0.947713 
0.807402 0.849883 1.141449 0.833105 0.905248 0.947553 0.891420 0.944700 0.862948 1.193825 0.973147 1.182531 0.929238 0.881996 1.126708 0.884769 0.873285 1.047697 1.114983 0.891484 
0.829256 1.174426 1.152720 0.902507 1.013255 0.808407 0.865329 1.222291 0.888199 0.833966 1.186867 0.962137 1.028580 0.869267 0.920448 1.113961 1.229246 1.205514 
0.939051 1.234892 0.815203 0.966736 0.858129 0.948479 0.840163 0.862295 0.814357 1.245552 0.981843 0.827285 0.806785 0.999531 0.810661 1.041955 1.128624 0.795910 
0.855663 0.960767 0.892168 1.076093 0.883119 0.912358 1.111153 1.071561 1.249999 0.985910 1.172331 0.812605 
1.011856 0.799188 0.854463 0.909953 0.887867 1.116691 0.944485 1.079369 1.122848 0.823559 1.045911 0.824602 0.816091 0.952820 0.848939 
1.014031 0.819113 0.929093 0.921361 0.844175 1.105758 0.851379 1.021851 0.941387 0.883066 0.964143 0.888263 0.930706 
1.054429 0.903211 1.087956 0.930372 1.022864 1.000988 0.879597 0.974372 0.976537 0.963148 1.146656 0.821656 1.133932 1.193883 0.973299 1.136047 
1.175100 0.970370 1.180777 1.014233 0.879069 1.179181 0.984859 0.936314 1.164800 1.059103 0.857696 0.921476 1.089618 0.939307 1.031844 1.188860 1.034979 1.094163 0.940062 0.873964 1.033860 
0.894527 0.951608 0.941401 0.865350 0.927715 1.073268 1.114022 0.945122 0.832546 1.135014 0.851724 0.992198 
1.021067 0.967012 0.950049 0.966621 1.082313 0.871904 0.825898 0.868239 1.084585 0.979883 0.883198 
0.973019 0.917473 0.917104 1.068315 1.013088 1.201485 1.240990 0.877576 0.801490 
0.984180 0.945379 1.074982 1.142695 0.921583 1.034257 1.133856 
1.118864 0.997940 1.097755 0.971256 0.867852 1.016310 0.832968 0.948561 0.812847 0.865896 
1.251325 1.185618 0.809354 0.962311 0.924692 1.061003 1.226424 0.990797 0.799288 1.077241 1.207578 1.017985 0.970155 0.852421 1.115544 1.236549 0.985447 1.221469 
1.081117 1.030707 0.907159 1.063924 1.173277 1.092861 0.947833 1.058659 1.040240 1.000897 0.975423 1.169741 1.146318 0.958378 1.194661 0.860495 1.228717 0.977057 0.899318 1.027627 1.110780 1.238707 1.124503 0.963289 0.923258 1.213200 1.227883 
0.852339 1.164540 1.148436 0.989866 1.161798 1.097208 1.146318 0.982061 0.816290 0.882738 0.983906 1.058032 0.943729 0.935163 0.865686 0.803006 1.175295 1.090491 1.248020 
0.968009 1.096530 1.058032 0.847801 1.181287 
0.988857 0.951137 1.081360 1.147277 1.051067 1.140503 1.076148 0.876985 0.931536 1.174343 0.885667 1.168515 1.023627 0.839279 1.072708 
1.014022 1.096139 0.958425 1.042487 1.033034 1.137100 1.086548 1.085158 1.005307 1.109342 0.824647 1.088463 1.249354 0.812815 
1.109367 1.047592 0.800832 1.093064 1.131846 0.801739 1.012757 1.028349 0.969736 1.104385 1.181456 1.077851 0.996051 1.163985 0.968933 0.800522 1.077923 1.117854 0.923685 1.103392 1.134904 0.998147 
0.981782 0.797092 1.108260 1.201420 1.056428 1.014947 0.874729 0.959911 0.868696 0.903501 1.035006 1.161147 1.020691 1.011779 0.940930 1.144357 0.980497 1.126233 1.001460 0.873137 1.035784 
1.040331 1.064941 1.153047 1.068460 1.150852 0.937736 0.862369 
0.904273 0.980822 1.131765 0.998242 1.100374 0.898452 1.120777 0.987394 0.962801 1.011377 1.088696 0.963734 0.891397 0.953197 0.967474 1.026401 0.926007 0.808009 
1.092750 1.130593 1.172674 0.966767 0.968776 1.104200 1.137713 0.878372 0.834453 0.998598 0.805619 0.800338 0.924433 1.159799 1.249906 0.877601 1.007515 1.068391 
1.241575 1.085879 0.826879 0.851192 1.052465 1.181738 1.107978 0.813747 1.081362 1.106250 1.156689 0.870378 
1.141750 0.963181 0.971829 0.960717 0.798061 0.866397 1.187604 1.057104 1.156238 1.232472 1.156070 1.004623 1.028141 0.803700 0.801394 1.219914 0.826131 1.129551 1.114882 1.006207 1.104977 0.972475 0.890344 1.207621 1.252007 0.975300 1.080299 1.216050 1.252231 0.897759 0.966124 0.832225 
1.100588 1.010256 0.924109 1.103312 0.890164 1.165574 1.185783 0.914299 1.243143 0.865429 0.822605 1.027751 1.151535 0.919350 1.010371 1.130579 0.933434 1.233957 1.195633 1.194657 1.073231 1.124988 0.929963 1.001426 
0.866200 1.188981 1.059763 1.183417 1.110267 1.183229 1.229471 0.842218 0.840989 
1.244612 1.008307 1.209353 1.116167 1.129744 0.905227 1.123343 0.810236 0.994597 1.055394 1.038915 1.217919 0.915766 0.827738 1.055218 1.127341 1.219071 0.862083 1.043307 1.099063 0.796192 
1.051480 1.065203 0.801753 0.915398 1.161127 0.820411 0.795556 0.840487 0.852791 0.823278 0.869799 0.960686 0.832875 1.226987 1.013889 1.125737 1.069925 1.197138 1.094670 1.224518 1.099118 1.005298 1.175640 1.035939 1.154939 1.068528 0.898433 0.833505 0.875254 0.843006 1.204288 0.952141 
1.201360 1.102553 1.225579 0.901520 1.045623 1.095174 1.037494 1.235959 1.244169 0.963090 0.978053 0.876498 0.802652 0.912283 1.105694 0.885370 1.257406 1.086627 0.963632 1.061866 
0.850892 1.049251 1.034336 1.039224 1.012930 1.216747 1.163191 1.233053 1.139067 1.134555 0.897314 1.029432 1.045555 1.163959 0.849938 1.112514 0.947550 0.883340 1.049996 0.834432 
1.150105 1.082742 1.083457 1.113736 0.955000 1.040942 0.999836 0.820425 1.007717 1.187410 0.950743 1.077604 0.878356 
1.111873 1.214287 0.971441 0.802035 1.091487 1.100707 1.180190 1.106313 1.207226 1.228991 1.088299 1.214140 0.870240 1.068403 1.248658 0.863357 1.073964 1.086862 0.966808 0.826551 
1.177556 0.797388 1.000984 0.827560 1.131084 1.186777 0.961554 1.083130 0.980916 0.998695 1.079281 0.852926 1.127059 0.949335 1.046916 1.231573 1.163646 0.813551 
