0.000000 0.182274
0.000000 0.026715
0.000000 0.056687
0.000000 0.071708
0.000000 0.032505
0.000000 0.064285
0.000000 0.042368
0.000000 0.032809
0.000000 0.037161
0.000000 0.057907
0.000000 0.051692
0.000000 0.057678
0.000000 0.048567
0.000000 0.044573
0.000000 0.047886
0.000000 0.186059
0.000000 0.041384
0.000000 0.042217
0.000000 0.015124
0.000000 0.036955
0.000000 0.028884
0.000000 0.024595
0.000000 0.046094
0.000000 0.022182
0.000000 0.062378
0.000000 0.026442
0.000000 0.022396
0.000000 0.019602
0.000000 0.019289
0.000000 0.026782
0.000000 0.032790
0.000000 0.023275
0.000000 0.021637
0.000000 0.045096
0.000000 0.047079
0.000000 0.019917
0.000000 0.024927
0.000000 0.036220
0.000000 0.021201
0.000000 0.163734
0.000000 0.029886
0.000000 0.028819
0.000000 0.047971
0.000000 0.058184
0.000000 0.047699
0.000000 0.034483
0.000000 0.022640
0.000000 0.018204
0.000000 0.017468
0.000000 0.029443
0.000000 0.033397
0.000000 0.059295
0.000000 0.027301
0.000000 0.023137
0.000000 0.021711
0.000000 0.028715
0.000000 0.040148
0.000000 0.039523
0.000000 0.035202
0.000000 0.028639
0.000000 0.023309
0.000000 0.031232
0.000000 0.030625
0.000000 0.038215
0.000000 0.022023
0.000000 0.019354
0.000000 0.047065
0.000000 0.029119
0.000000 0.028331
0.000000 0.033033
0.000000 0.033933
0.000000 0.033144
0.000000 0.051969
0.000000 0.038878
0.000000 0.044489
0.000000 0.047203
0.000000 0.146954
0.000000 0.071474
0.000000 0.033614
0.000000 0.012536
0.000000 0.042794
0.000000 0.058895
0.000000 0.022725
0.000000 0.033010
0.000000 0.028118
0.000000 0.019328
0.000000 0.029579
0.000000 0.017945
0.000000 0.039080
0.000000 0.034671
0.000000 0.033377
0.000000 0.029367
0.000000 0.044950
0.000000 0.032817
0.000000 0.018784
0.000000 0.045991
0.000000 0.034582
0.000000 0.103231
0.000000 0.029822
0.000000 0.038628
