-72.421257 -76.542302 -69.334197 -93.119939 -68.539370 -87.983448 -92.978548 -74.985213 -73.683772 -93.027896 -87.843643 
-88.200894 -75.501829 -87.160011 -76.648462 -93.028651 -93.078419 -93.126356 -88.384845 -71.882035 -73.991176 -76.158517 -74.556372 -78.616085 
-88.813755 -75.455313 -88.359575 -69.882860 -92.828912 -93.162618 -92.813605 -69.204035 -74.017261 -76.201070 -69.433351 -95.961124 -68.132279 -93.600988 -96.347017 -81.176196 
-78.504548 -74.130174 -77.770012 -76.566443 -92.762829 -74.182446 -92.935886 -87.722314 -80.033929 -93.047995 -70.646410 -88.277822 -71.781901 -73.131429 -96.657655 -95.318573 -74.592469 
-75.420809 -75.315877 -73.355713 -69.254278 -92.569414 -74.033934 -92.611509 -87.788565 -89.572967 -92.605211 -84.792695 -82.655526 -87.780707 
-76.526907 -75.811012 -78.599569 -89.325315 -92.603962 -92.589433 -92.590685 -88.363542 -74.897463 
-76.166368 -75.199089 -73.981961 -90.524530 -91.810505 -92.252203 -92.247095 -69.215737 -90.253619 -70.540803 -69.914394 -70.464743 
-76.706971 -78.027967 -73.996659 -90.345891 -91.813360 -92.028396 -92.172963 -73.937828 -89.762596 -78.154513 -90.223435 
-76.535356 -90.179743 -75.222951 -90.738769 -92.097081 -92.481708 -92.510113 -73.915973 -70.068903 -69.062090 -95.326163 -69.227010 -69.348555 -79.065964 -74.912024 -75.942158 -71.973563 -76.570343 -73.480161 -76.001359 -74.899919 -76.642206 -95.597170 -69.627401 -97.224774 
-76.124972 -90.478809 -92.199306 -90.828892 -76.590107 -92.077539 -92.649718 -74.326785 -73.040770 -74.443057 -73.898897 -69.311806 -84.048621 -76.742246 
-75.589425 -90.208177 -91.982614 -90.760402 -75.416874 -92.815175 -92.694035 -68.964197 -76.147497 -72.128983 -71.479308 -76.180871 -70.338419 -86.896447 -94.835428 
-73.577469 -73.503337 -92.415971 -89.025924 -75.921104 -92.598462 -92.399447 -87.908021 -77.021562 -68.778209 -78.472237 
-92.640443 -74.187905 -76.395542 -89.265834 -76.683471 -92.726741 -92.819652 -88.439683 -87.496064 -76.125011 -96.618434 -71.791925 -73.115442 -70.782617 -97.647115 -76.920182 
-92.749844 -72.920442 -75.475046 -89.196394 -74.639256 -92.672620 -92.708928 -88.155053 -78.154039 -86.794268 -68.286258 -76.507256 -78.351348 -77.438917 -75.274078 -69.347460 -86.261931 -83.928620 
-92.855833 -96.660943 -76.440967 -88.734031 -88.414693 -92.862670 -92.820662 -85.619783 -73.672255 -75.741722 -95.783973 -68.712937 -73.661447 -82.900396 
-92.754108 -73.668840 -73.794277 -89.317125 -88.343695 -92.541381 -92.788360 -76.567412 -74.998127 -79.605807 -74.061046 -81.871852 
-92.564080 -74.403668 -87.707312 -89.087113 -74.352284 -92.675699 -92.565039 -75.896483 -77.800858 -76.307634 
-92.343081 -74.293277 -88.692108 -89.396999 -75.266879 -92.436170 -92.376550 -75.864037 -85.362033 -92.390035 -74.176101 
-93.600032 -75.107237 -71.628095 -88.524859 -93.248390 -75.256936 -93.402924 -75.399415 -75.131743 -70.313647 -88.201223 -85.703810 -75.663743 -93.296858 -73.852967 
-93.141961 -73.969943 -87.859942 -88.135679 -92.842120 -95.719742 -93.021994 -76.937373 -75.775066 -79.931231 -96.444680 -73.618825 
-93.070174 -88.057984 -74.208369 -89.100509 -92.984929 -74.594331 -93.171365 -75.688459 -77.439019 -76.457892 -96.736108 
-93.189760 -87.617645 -73.728771 -88.432340 -93.193039 -68.625396 -93.065634 -74.941760 -70.111938 -74.163732 -76.050525 -97.968183 -70.178396 -77.353679 
-92.705584 -88.592391 -76.071837 -88.695135 -93.243488 -73.670363 -92.764366 -79.424596 -73.987923 -69.220081 -75.004191 -94.132491 -97.780827 -82.393455 -83.614644 -84.673476 
-93.019942 -88.423662 -92.682139 -89.176048 -74.004210 -76.552011 -92.772530 -73.788402 -77.030492 -75.355709 -74.395265 -96.428333 
-92.896421 -88.168472 -92.714293 -88.975889 -73.650027 -75.277034 -92.951997 -72.576207 -80.093826 -74.693367 -75.385977 -69.468550 -80.339820 -72.691856 -73.614751 -76.825866 -79.825011 -83.809432 -82.488856 -80.227313 -79.877923 -86.017364 -80.605990 -68.579273 -78.318898 
-79.966270 -89.062992 -92.696802 -74.103146 -73.186331 -76.874554 -92.841751 -89.613340 -92.540806 -70.004966 -81.936860 -74.520598 
-76.277493 -95.870392 -92.437269 -87.832572 -72.634665 -76.870158 -92.397510 -89.351263 -92.410019 -94.973440 -73.729111 
-79.271496 -72.502797 -92.702144 -89.063560 -75.141112 -76.523680 -92.712646 -89.112353 -92.715669 -68.999587 -95.759161 
-87.915287 -74.933943 -92.404538 -72.837184 -85.934820 -76.806494 -92.636686 -88.703035 -92.461597 -87.039663 -68.298913 -74.720271 -87.440211 -86.554160 -84.894471 
-87.875844 -75.683236 -92.431927 -72.597298 -92.359653 -76.140345 -92.522849 -89.432356 -81.622832 -86.264428 -68.368669 -67.990979 
-78.477874 -93.225590 -92.837335 -74.654328 -92.821797 -88.388859 -92.806179 -75.294929 -74.361755 -73.126766 -87.727149 -86.846551 -74.573332 -80.780530 
-73.121876 -75.688694 -92.383296 -88.874920 -93.408237 -89.273122 -92.464941 -75.924261 -93.002892 -96.576249 -94.131077 -72.565660 -98.003975 -96.753046 -81.371441 -70.586478 -70.523861 -94.321216 -69.808869 -92.979609 -72.558897 -82.204103 
-73.801481 -88.105799 -92.243400 -68.735433 -69.053761 -89.717311 -92.610178 -76.187690 -92.636670 -74.805915 -79.020449 
-74.757049 -75.171096 -80.070635 -93.084649 -89.363043 -89.045945 -92.512477 -74.906173 -92.449701 -92.586936 -86.617735 -92.757422 
-91.779434 -89.807687 -89.385664 -75.660763 -79.442214 -73.860014 -92.081129 -77.067652 -91.079279 -91.682864 -91.524296 -89.207570 -74.837913 
-92.565590 -90.251169 -92.055515 -77.303615 -89.745227 -74.643027 -92.340228 -75.221733 -75.474237 -97.275881 -83.388209 -95.861601 
-92.160866 -89.385538 -92.543102 -69.040115 -74.421827 -78.241895 -92.402323 -88.133471 -75.199292 -75.665015 -76.550403 -76.978226 -76.404484 -74.240835 
-92.502947 -88.821233 -75.290069 -73.737810 -96.992350 -76.863108 -92.614696 -87.234877 -92.760791 -73.407118 
-92.730675 -92.616944 -75.434867 -89.191136 -73.194180 -76.901773 -92.800433 -88.933329 -75.408494 -69.150266 -76.393543 -73.672211 
-92.853628 -92.803788 -72.925635 -89.952954 -76.060393 -89.348338 -92.786906 -76.635265 -72.777389 -77.775011 -76.161708 -95.562184 
-92.393860 -87.951519 -92.197795 -89.221882 -72.021276 -71.207663 -92.402891 -75.576907 -73.700295 -89.451675 -73.868122 -75.309177 -74.192417 
-92.369741 -79.736047 -91.730228 -90.329808 -92.405037 -88.805484 -74.004285 -76.454807 -76.018075 -79.665476 -79.010428 -71.673515 -78.504020 -74.492549 -75.761474 -89.062027 -73.405921 -72.583148 -80.353606 -80.820615 -80.645712 -84.136513 -72.948402 -87.720319 
-91.737049 -75.484065 -75.785044 -69.514299 -92.156223 -71.635610 -92.477882 -95.959889 -88.867529 -90.151974 -93.866128 -68.346065 -95.812293 -74.572055 -70.260878 -74.071509 -97.502420 -95.948981 -69.224349 -72.496748 
-81.399298 -73.468766 -76.587073 -88.546330 -92.016496 -92.668981 -92.048246 -78.501405 -76.483974 -75.556814 -92.613715 -82.090911 -88.581685 -76.359124 
-88.812519 -73.698485 -76.679266 -89.735240 -78.956979 -92.344290 -92.463833 -74.798025 -92.305977 -80.448460 -72.696139 -79.198021 
-87.739532 -87.145627 -78.093255 -87.953286 -92.684226 -92.617106 -92.672350 -73.759426 -72.680856 -73.540385 -85.848646 -71.247555 -76.758601 -70.041481 -80.374476 -80.448767 -75.740470 
-88.626182 -75.408893 -88.917615 -93.061176 -92.775721 -75.805004 -92.726491 -73.346794 -81.524715 -83.155536 -72.111498 -80.677358 -71.737121 -87.758392 -74.002124 -78.317609 -69.465310 -82.627168 -80.783895 
-86.832888 -83.378514 -87.453724 -92.685884 -92.743682 -76.233231 -92.708067 -73.892175 -73.898037 -73.037137 -82.430287 -69.072118 -78.702458 -76.335996 -87.359342 -78.745220 -88.315000 -73.502180 -87.676795 -85.918341 -79.215377 -69.599678 -80.597378 -80.572173 -69.507941 -75.138674 -80.562555 -72.177722 -82.216811 -73.306041 -75.720004 -70.063036 -85.724490 
-69.981192 -92.786946 -73.332393 -92.583901 -92.796282 -88.205345 -92.721631 -89.183839 -75.842704 -75.783633 -73.833566 -78.651617 -96.180014 -75.441967 -70.688080 -95.921255 
-76.543673 -68.666355 -74.038741 -93.099529 -92.976157 -74.178024 -92.911923 -88.577635 -73.895824 -80.879639 -69.802611 -88.046460 
-77.054847 -75.488432 -73.476058 -93.200145 -93.073425 -87.963774 -92.973847 -88.607105 
-87.698326 -76.137575 -74.347092 -92.900100 -92.855976 -75.157650 -92.754634 -88.662202 
-87.999048 -76.286199 -74.105146 -93.583514 -93.229160 -76.550907 -93.243423 -88.341096 -73.604335 -69.904070 -83.663728 -87.754465 -77.439742 -75.063321 
-76.651027 -77.243172 -73.787302 -93.304546 -93.314541 -68.882260 -93.487794 -87.826015 -74.237651 -87.579181 -69.873101 -82.931196 
-76.623067 -88.079112 -74.031684 -93.139803 -93.085074 -84.140533 -93.305562 -88.106883 -94.217056 -73.993731 -76.020520 -86.570802 
-69.854101 -76.005582 -68.804613 -92.631753 -92.942053 -75.592397 -93.282549 -89.206678 -88.385177 -76.209917 -77.813955 -76.168316 -84.771059 -68.874443 -68.548743 -82.028064 
-68.435606 -75.063823 -75.681616 -92.641057 -92.654664 -97.347360 -92.653907 -89.070046 -75.336233 -73.746325 -88.097383 -70.224948 -77.066874 -68.656745 -76.109462 -79.800904 -97.867658 -76.473223 
-89.226876 -73.727578 -69.504030 -92.570019 -92.676868 -87.543113 -92.664989 -75.952271 -70.195471 -76.900069 -74.232791 -95.965514 -79.837895 -69.551319 
-88.974828 -73.962961 -88.321969 -92.938659 -92.951058 -76.779880 -92.838969 -75.225551 -68.832990 -74.644933 -79.459853 -97.613367 -95.522200 -96.429618 
-89.570864 -74.028112 -88.154196 -92.635762 -92.771955 -75.724405 -92.737323 -71.462931 -72.844862 -73.565915 -73.941890 -76.269455 -80.464704 -97.950232 
-89.400026 -77.086771 -72.508848 -92.210403 -92.337774 -76.846610 -92.151984 -70.406187 -88.616676 -73.635316 -70.839416 
-88.701467 -76.430240 -76.428308 -92.429501 -92.429915 -90.286864 -92.153353 -68.872080 -74.613766 -71.438900 -78.181736 
-90.929261 -76.558489 -88.029293 -91.128760 -91.494988 -76.076715 -91.550110 -72.741065 -74.005296 -68.963950 
-90.371356 -76.740947 -68.529102 -91.120632 -91.345819 -88.048740 -91.184574 -72.969984 -75.500202 -73.170987 -70.966008 
-89.454191 -76.500974 -73.948121 -91.801284 -91.818638 -89.308650 -91.785628 -73.999509 -70.441979 -72.019863 -79.235777 
-89.235888 -76.836998 -68.130721 -92.087716 -92.153317 -90.075878 -92.100510 -73.977234 -73.796471 -75.460054 
-71.149089 -88.764571 -73.082362 -73.826597 -91.866615 -89.750517 -91.758629 -76.094516 -72.975553 -91.720234 -73.044931 -91.377740 -75.488339 -80.735950 
-76.758561 -90.765670 -92.374307 -73.347139 -93.267705 -75.216088 -91.376632 -79.205759 -91.287150 -94.960964 -70.560446 
-76.136301 -88.908321 -89.331374 -73.738828 -92.510542 -74.023850 -73.635240 -79.095427 -91.737818 -92.356651 -91.492803 -69.219974 -70.318204 -75.872311 -85.530000 -98.035516 -68.742336 -84.802077 
-76.924536 -73.719186 -72.987546 -92.094241 -91.986479 -73.363262 -87.975929 -76.040156 -90.078564 -91.794437 -81.856759 -79.087628 -74.652356 -71.097810 -70.667670 -70.355756 -68.728895 -76.308059 -79.660506 
-78.491858 -77.010001 -69.032006 -76.941320 -92.380909 -74.042499 -69.235100 -92.342810 -91.244551 -91.864722 -76.476202 -69.274869 -72.879777 -74.626259 -87.992730 -73.559637 -75.935698 -79.094771 
-75.440820 -91.561170 -91.464219 -87.996835 -92.017565 -74.812457 -73.651633 -92.125834 -74.512287 -82.902953 -73.775599 -83.482008 -69.695330 -70.004124 
-76.887379 -91.671008 -91.583032 -74.063157 -92.122012 -74.262207 -77.970401 -92.057126 -87.317694 -70.350430 -69.611103 -70.279465 -76.739322 -77.484654 -68.945161 
-86.460352 -91.400119 -91.223790 -74.314558 -91.886642 -75.041952 -75.852086 -91.777883 -97.511136 -83.758442 
-81.670537 -91.879580 -89.477445 -74.151670 -91.864280 -70.003710 -82.384504 -91.862968 -87.711965 -79.990648 -72.780566 -74.345333 -75.832999 -70.394344 -74.178469 -88.220009 -75.065326 
-76.040329 -92.381831 -73.684265 -75.436904 -92.592231 -73.324567 -91.885634 -91.997478 -87.439991 -74.344776 -68.401057 -73.428755 -73.966729 -76.079053 -89.168336 -91.586098 -76.841244 
-73.126964 -91.964029 -92.093092 -80.333584 -92.120565 -87.866800 -91.652484 -74.424104 -69.990463 -76.703126 -87.433268 -96.179860 -84.829852 -68.053170 -85.587452 -79.253268 -80.326661 -68.501537 
-91.749754 -91.749328 -88.256693 -72.733879 -92.110534 -76.909376 -91.162553 -76.298619 
-91.904038 -91.976677 -89.668904 -73.730144 -90.308098 -76.767753 -69.698483 -75.905972 -92.219980 -88.358505 -72.537483 -69.142978 
-92.023775 -91.784721 -73.164759 -74.147389 -90.981835 -69.965975 -72.119581 -76.376091 -92.045526 -86.545167 -90.935100 -72.183911 -69.365936 -75.693000 -73.279879 -70.452150 -73.306863 -73.823555 -72.815310 -96.774524 
-91.863988 -91.520223 -88.190461 -76.365503 -69.446255 -76.470830 -92.186111 -76.018518 -90.622588 -95.424298 -96.115959 
-92.078789 -92.067467 -74.168930 -74.761946 -91.204486 -76.124029 -92.475491 -71.291559 -78.957008 -70.928300 -88.150554 -79.699530 
-92.512656 -92.626524 -71.023586 -70.659607 -90.305896 -87.578232 -92.502772 -72.959645 -90.065117 -76.533110 -89.569530 -75.133838 -73.208745 -82.473822 
-92.198477 -85.577694 -92.507548 -76.500408 -90.122723 -76.001466 -92.438013 -73.521030 -89.375837 -69.894490 -74.305874 -70.010613 
-92.659560 -79.411748 -71.438647 -76.590523 -89.905152 -92.625320 -92.563810 -73.960576 -89.386062 -73.423173 -75.856347 -70.207582 -70.936384 -75.949803 
-92.768212 -89.477880 -74.325800 -76.247413 -89.821989 -75.196161 -92.722591 -92.735442 -95.708950 -72.508809 -96.562228 
-92.551945 -86.938791 -78.904496 -76.771336 -93.251781 -73.746393 -92.269896 -92.683400 -73.165729 -77.009519 
-86.160259 -74.037090 -92.169669 -75.658471 -93.277654 -68.695859 -92.210688 -92.609278 -75.062623 -75.807370 -69.967301 -69.419701 
-70.969403 -68.631147 -92.231918 -75.829664 -93.168271 -85.803738 -92.030679 -92.433992 -80.673788 -68.900165 -74.430677 -72.197229 
-96.037839 -77.031929 -92.066931 -91.929573 -92.503418 -73.545984 -77.051144 -92.331778 -86.357196 
-73.955705 -95.432121 -92.641513 -92.304235 -92.730605 -74.450580 -75.785422 -92.414341 -96.187646 -74.809617 -80.867095 -76.230603 -80.224978 -87.162968 -75.904267 
-75.475641 -70.897691 -92.455507 -92.252590 -92.799098 -73.954612 -85.552171 -92.462799 -74.802495 -92.651677 -75.138262 -73.542662 -70.685404 -69.082984 -71.463196 -73.334980 -73.211202 -74.703316 -76.109598 -70.209107 
-92.311705 -75.504895 -74.946415 -92.266870 -75.155417 -74.698191 -74.027879 -92.421557 -96.083359 -75.786502 -86.415464 -80.905910 
-92.278218 -75.697287 -83.758139 -92.287293 -76.976357 -92.433551 -73.612645 -75.935495 -73.552711 -73.936970 -84.434442 
-92.292868 -74.211550 -86.281461 -92.287293 -76.477469 -92.425395 -74.528505 -78.735398 -74.975370 -78.376870 
-92.167989 -76.789117 -92.649425 -91.897951 -73.895821 -92.482727 -68.443680 -76.466891 -73.212429 -86.384020 -72.730431 -69.438535 
-92.069094 -75.539428 -93.633204 -91.949218 -84.039203 -92.384771 -95.870836 -72.893009 -74.124111 -69.335992 -76.828052 -74.051222 -69.333879 -69.510813 -78.367023 -76.605276 -69.947705 -83.472000 -74.453415 -76.109730 -75.580527 -95.094471 -74.684604 
-92.420408 -75.996676 -76.573975 -92.114736 -74.427929 -92.329140 -92.663909 -86.096178 -73.240216 -81.524437 -80.071854 
-92.569170 -70.010425 -75.840687 -92.145318 -72.928051 -92.266142 -92.594505 -78.590532 -74.648498 -86.328609 -71.107801 -71.453872 
-80.535119 -89.177197 -83.392436 -74.542916 -92.078064 -92.094116 -87.897023 -75.033012 -76.349709 -74.041784 -92.174784 -81.917012 -69.163158 -79.696303 
