  56.990554 3053.425095
 107.041687 3053.085961
  60.001901 3055.493178
  55.926917 3055.609561
  77.313331 3044.916001
  58.700811 3055.413661
  74.018818 3060.121274
  82.077201 3054.163825
  57.270458 3054.134277
  55.225198 3050.569736
  59.886658 3057.704283
  47.427218 3058.716391
  52.683669 3057.582517
  46.162840 3053.840138
  62.779806 3059.446186
  41.197579 3055.901671
  54.201309 3056.121616
  55.776139 3053.785463
  97.103626 3056.843780
  43.130676 3052.902536
  69.214140 3055.339432
  78.946384 3052.470470
  53.043473 3062.244390
  75.943253 3059.144159
  35.493212 3054.810413
  77.885129 3061.316000
  68.412891 3060.374233
  64.817090 3056.212647
  75.409890 3063.506478
  69.736501 3061.506526
  72.696736 3057.606052
  91.787014 3055.483758
  79.645416 3062.778046
  79.555369 3061.237797
  68.844470 3052.193187
  99.784339 3056.046066
  76.173209 3055.309636
  53.182378 3056.212818
  97.837298 3059.842289
  37.945894 3060.306393
  61.274836 3056.252422
  62.186956 3059.331873
  67.309075 3065.260485
  43.657954 3059.172772
  66.758052 3049.899922
  57.679328 3058.033379
  83.326678 3053.109772
  61.140782 3053.417619
  81.950050 3054.878699
  66.170637 3058.911928
  45.366068 3059.583824
  50.387193 3062.561368
  57.796755 3051.022693
  74.939550 3059.460883
  63.289923 3057.646308
  51.540596 3055.972713
  46.633517 3055.740847
  71.147822 3059.053039
  60.923001 3057.524161
  70.406953 3053.978458
  73.409394 3055.245222
  49.497899 3054.306554
  71.996658 3060.732799
  50.656330 3052.703185
  75.084857 3055.465298
  68.383431 3058.904397
  68.070120 3054.650143
  65.731803 3062.627760
  46.382217 3061.447721
  53.912847 3055.673894
  51.993568 3054.342216
  61.267587 3059.103512
  74.466609 3060.703668
  50.510733 3054.249986
  49.187530 3057.989832
  43.791757 3061.294785
  39.027207 3056.685020
  51.427278 3050.631203
  67.769567 3060.410267
  74.428683 3058.238080
  71.597370 3063.447953
  34.946314 3051.829755
  53.221793 3063.564642
  57.888451 3059.982860
  75.098273 3058.279900
  70.518964 3061.339545
  37.728879 3051.355272
  62.990955 3058.536479
  68.275844 3040.493965
  52.956057 3049.850715
  97.024668 3058.789905
  77.737956 3054.573303
  45.026620 3055.941723
  74.503196 3048.064780
  96.503467 3055.750521
  74.647749 3055.564307
  66.347898 3051.079376
  58.472822 3062.685221
  71.488214 3058.796914
  67.096963 3052.312492
