-97.296178 -72.576800 -96.533297 -69.382647 -75.753293 -76.095307 -76.486684 -72.943383 -84.340814 -83.838463 -88.161564 -78.484788 
-79.067807 -70.990010 -70.586941 -81.262585 -80.342901 -85.969940 -84.112158 -69.753537 -76.138253 -81.348752 -97.279942 -81.293383 -75.635429 -96.071444 -72.059394 -78.970458 -82.335371 -75.594839 -96.095565 -83.013781 -72.660321 -80.421561 -78.561531 -88.447835 -69.178460 -74.018269 -82.228704 -88.372673 -76.475254 -71.211859 -78.540495 -74.226570 -82.037736 -79.981989 -84.507100 -83.278986 
-79.757762 -88.732027 -74.826727 -95.900212 -96.843757 -75.209620 -89.615766 -73.851899 -75.002620 -73.248831 -76.044861 -78.297278 -75.151844 -81.490449 -96.908223 
-69.363825 -79.381995 -74.544184 -97.917553 -80.654207 -83.921044 -80.677008 -68.759138 -81.204789 -76.826964 -76.365302 -73.019516 -80.523271 
-70.809605 -68.325436 -83.162138 -80.023198 -92.232944 -68.827378 -75.042388 -73.918634 -83.759934 -74.517414 -80.735507 -84.703685 -79.098308 -88.482687 -84.225864 -77.564129 -69.855031 -83.981183 -79.233472 -83.767829 -79.656233 -78.307957 
-92.269311 -69.523659 -84.096289 -70.121966 -78.904225 -70.580504 -87.289643 -69.498264 -86.724238 -94.469656 -80.648245 -85.468350 -77.429393 
-77.654017 -79.908261 -70.371597 -86.759220 -73.030148 -76.307387 -72.629029 -78.242092 -79.367205 -82.418779 -80.089955 -77.595938 -87.882799 -77.586103 -82.333919 -94.952819 -79.548364 -89.411111 -76.981361 -79.528849 
-76.007726 -82.536267 -76.769636 -96.402313 -95.410176 -77.268654 -69.382355 -69.738570 -97.129700 -94.599358 -76.545803 -94.112793 -68.529436 -94.206481 -75.384603 -72.666914 -87.939491 -96.222366 -78.849508 -83.114321 -83.214796 -73.867715 -73.772256 -82.442367 
-70.011456 -72.485112 -87.956226 -93.661567 -90.656707 -70.263018 -76.592074 -76.438971 -69.665241 -97.909479 -95.990247 -70.116024 -76.820368 -79.719436 -84.314348 -74.724224 -83.243574 
-93.414534 -71.607592 -68.403344 -76.266966 -75.100916 -88.371142 -94.061565 -77.846554 -84.537828 -74.838603 -81.095085 -77.347275 -79.808758 
-80.344608 -70.067499 -77.558311 -90.364337 -95.484045 -74.482647 -83.484356 -69.366864 -75.547142 -74.964868 -79.167580 -86.882714 -79.017736 -77.425801 -74.601531 
-68.706788 -80.336515 -82.394357 -91.683372 -89.320343 -86.974344 -75.498806 -97.005704 -68.576011 -77.785576 
-82.839309 -87.155469 -90.637175 -72.467132 -87.827349 -76.032797 -89.378876 -68.399456 -85.420347 -78.588966 -69.814477 -88.172628 -77.776290 
-81.112058 -72.218131 -94.780781 -92.726712 -95.396616 -92.475000 -82.898523 -80.430530 -68.458131 -78.337738 -79.742445 
-88.360478 -74.590637 -70.188264 -78.926280 -79.809255 -79.248352 -69.680160 -70.422326 -83.948825 -75.916154 -79.594932 -72.578334 -72.142677 -78.842369 -76.259990 -80.935291 
-75.422511 -88.432265 -70.464689 -88.438609 -80.855770 -80.116077 -77.352360 
-76.337912 -71.606860 -79.320419 -80.108492 -70.025215 -68.283106 -84.243409 -80.447524 -86.450292 -80.520648 -78.197386 -81.397613 
-95.405871 -73.225948 -70.705542 -81.133785 -96.982560 -93.308027 -79.481846 -75.728482 -78.978913 -91.050301 -79.051563 -68.402981 -75.900263 
-97.320277 -92.565584 -71.518003 -79.508997 -87.618580 -79.812393 -75.509057 -86.051296 -79.537529 -75.265969 -69.284062 -69.431921 -79.644404 -72.544010 -92.793105 -92.341471 -74.678744 -80.418297 -94.014824 -95.918293 -75.947596 -97.058428 -84.196959 -82.591875 -84.652923 -76.875028 -83.243978 -75.471988 -81.542753 -83.436942 -83.155796 -74.721123 -83.607765 -80.542552 
-91.611711 -76.578033 -68.652199 -80.227399 -79.818444 -74.591228 -78.631065 -79.670585 -77.566055 
-71.199630 -83.684982 -91.881043 -82.409964 -81.886313 -83.335323 -68.540122 -80.423044 -80.246967 -86.046012 -74.187922 -83.271194 -87.428812 -94.217722 -80.088696 -89.064935 -78.343562 -82.734991 -96.919424 
-84.775658 -97.172929 -94.196015 -68.870827 -81.576447 -74.296242 -90.049566 -91.250867 -81.374091 -90.170169 -91.713761 -89.028075 -79.587563 -78.015815 -70.402834 -73.627596 -94.240544 -90.222918 -82.375211 -78.118538 -79.917199 -85.173149 -94.553181 -85.537291 
-82.970370 -80.397638 -91.999758 -71.584159 -77.127773 -88.958998 -75.327418 -92.517505 -82.468537 -89.020690 -86.979068 -72.713481 -87.822356 
-90.861151 -82.942566 -94.682797 -93.748652 -75.674216 -75.371279 -96.671581 -74.237759 -92.352105 -92.629940 -78.671933 -79.461819 -76.192122 -68.518066 -89.231890 -79.534054 -70.475703 -77.763573 -74.542160 -95.944823 -79.752958 -76.880938 -84.556275 
-92.030277 -71.040077 -82.085029 -96.030794 -83.116259 -75.453793 -75.770135 -80.000954 
-90.454120 -83.345934 -76.316629 -79.245483 -80.448170 -72.611654 -84.885268 -82.224842 -74.396051 -77.120317 -83.238390 -80.190295 -69.708138 -95.302800 -80.766898 -86.219504 -91.715502 -70.701446 -80.352793 -91.778561 -90.453997 -71.069337 -70.610957 
-86.522110 -78.491576 -73.986993 -75.352713 -95.300499 -76.201681 -86.164952 -76.633584 -79.825419 -79.681735 -68.959925 -89.886536 -79.921089 -82.751472 -90.034486 -73.495071 -79.187769 -84.340652 -78.437251 -70.714700 
-96.747613 -79.376330 -80.532911 -85.448997 -92.785072 -87.964030 -79.309086 -76.308682 -90.373930 -76.894501 -79.966344 -80.115074 -96.164677 -82.626809 -96.055379 -74.285061 -89.098990 -71.327007 -78.812492 
-96.472059 -94.906226 -75.377237 -76.303887 -81.303167 -89.446426 -92.875313 -69.819020 -79.344633 -92.910383 -78.836454 -87.651103 -81.733447 -71.246532 -79.174142 -78.268342 -75.195426 -92.914383 -92.568694 -74.000657 -79.860589 -93.561864 -79.489208 -95.286472 
-70.500468 -84.047904 -97.418079 -75.869808 -80.829844 -69.266303 -90.948399 -68.796051 -76.034550 -79.318342 -96.793746 -72.648529 -76.504784 -93.646229 -79.963782 -81.148304 -72.260727 -70.899985 -94.702679 -71.256059 
-69.342643 -85.710179 -94.557162 -84.453900 -76.641012 -69.096529 -79.604497 -97.237753 -78.931257 -79.585463 -80.687937 -82.242590 -68.784994 -68.595299 -94.796261 -69.022888 -79.107834 -80.291452 -76.704931 -95.533741 -77.180060 
-74.268646 -78.597028 -92.713856 -89.634336 -75.555717 -97.097739 -82.476663 -68.362269 -80.297979 -84.611181 -78.689113 -78.004959 -94.733765 -80.690395 -84.017533 -74.474444 -91.346463 -94.568521 -79.076492 -84.169428 -84.802494 -91.339712 -82.276245 -80.505309 -75.618159 -96.362064 -81.767606 -79.995100 -68.533878 -95.193665 -69.957469 -78.867343 
-76.307816 -80.630880 -70.742804 -86.860688 -81.332153 -94.232231 -68.451808 -85.901904 -90.356761 -97.741471 -76.743498 -96.003500 -80.189838 -83.635883 -76.970731 -77.488374 -78.703971 -72.439751 -77.862849 -78.690032 -85.092518 -86.670095 -88.172086 -82.698182 -74.700817 
-93.986048 -68.895800 -85.632079 -95.653687 -68.880697 -92.121101 -75.342996 -81.903599 -79.101078 -77.062175 -80.150032 -79.867806 -77.596450 -83.359154 -80.047763 -75.408821 -76.209768 -79.334018 -72.795439 -75.127064 -89.234401 -79.853031 -79.736272 
-69.828307 -76.935753 -90.695849 -79.934820 -97.252560 -69.132366 -69.457702 -75.006600 -75.055214 -83.474043 -81.426874 -79.005789 -75.348157 -90.871437 -83.238678 -89.304487 -79.869568 -82.324832 
-79.775256 -97.006694 -82.716914 -90.528408 -89.937482 -90.306302 -91.055989 -71.606280 -74.052929 -81.293231 -96.874355 -91.831318 -93.142762 -68.667199 -74.566012 -72.555890 -69.290596 -83.618811 -82.949944 -96.901122 -68.590122 -78.915432 -80.660388 -79.149589 -83.268102 -88.118901 -77.534382 -85.578805 -71.577225 -86.834080 -70.703899 -71.845310 -85.292770 
-91.999660 -94.630991 -69.482859 -96.945278 -87.345548 -90.656719 -74.046757 -82.032860 -78.332119 -69.219283 -79.514184 -75.773479 -79.918277 -83.762679 -89.185906 -90.541085 -90.480755 -89.426459 -87.441180 -80.812209 -96.196388 -72.814746 -83.657299 
-94.683991 -84.416631 -74.639508 -80.254415 -93.708310 -95.800396 -74.017874 -96.213952 -83.099101 -83.090097 -78.872568 -92.441292 
-74.973689 -88.758863 -77.848236 -71.335499 -84.470778 -90.717445 -93.257301 -69.953383 -76.012889 -74.217385 -94.105227 -72.319506 -78.862336 -93.338105 -74.503870 -78.072531 -76.042123 -80.770484 -86.839225 -81.519999 -82.404115 -93.640088 -79.083405 -79.057272 -83.696996 -70.873968 -73.072779 -68.897778 -81.791525 -81.681421 -72.836415 -84.496234 
-79.464410 -78.179535 -71.034532 -90.604430 -90.935045 -71.084942 
-80.109682 -96.816603 -92.976809 -91.012623 -69.105888 -79.618666 -91.134575 -73.931114 -95.611754 -76.666441 -92.265378 -76.946868 -75.406069 -95.948629 -85.211045 -87.479220 
-75.305383 -97.595822 -91.811537 -82.473487 -73.075296 -79.575444 -68.985214 -79.117354 -79.657774 -88.059948 -82.568348 -94.976640 -85.442570 -81.517773 -75.695497 -93.270997 -68.770325 -78.570517 -85.085823 
-78.369821 -79.112872 -81.143140 -73.329371 -74.372572 -95.746175 -69.877812 -87.509186 -72.255491 -86.898225 -79.136305 -92.517300 -96.091853 -74.434019 -79.758151 -89.270679 -75.730224 -73.582447 -93.082614 
-97.805981 -83.699731 -83.476619 -90.399045 -93.474018 -71.253204 -75.529901 -77.125619 -79.406418 
-91.036213 -92.904888 -82.721844 -77.105678 -83.461401 -69.664956 -83.204081 -69.631609 -78.929111 -75.280206 -77.634210 -69.425473 -96.826804 -97.498087 -87.649920 -81.064769 -69.152183 
-69.405015 -78.825945 -87.059691 -91.933228 -76.302803 -74.598995 -76.944948 -80.081400 -79.603426 -73.042766 -73.848069 -74.320487 -77.787554 -80.612773 -87.139182 
-91.636866 -68.791965 -74.878346 -95.376703 -84.347347 -70.124778 -75.391411 -77.856457 -91.393105 -82.679424 -78.889236 -94.386035 -79.581840 -75.384751 -86.052134 -80.207957 -78.426013 -74.076333 -88.635754 -80.349502 -70.187478 -88.555097 -79.621712 -69.324406 -92.968791 -84.240490 -89.731912 
-75.577985 -69.311261 -83.722255 -94.884588 -89.435888 -80.210790 -92.291083 -78.634800 -69.364757 -71.591707 -79.690215 -75.809278 -73.786421 -69.005852 -95.050814 -79.758350 -81.369900 -72.281861 -80.583206 -75.415277 -73.343769 -74.292442 
-78.975830 -70.158919 -82.338194 -79.960543 -82.590699 -74.952991 -92.570503 -90.803698 -68.886075 -97.964170 -85.350123 -94.795819 -81.050575 -84.623678 -80.007899 -89.546237 -76.631730 -80.563524 -75.790673 -89.561810 -78.458321 -76.711535 -70.968677 -70.575782 -88.892490 -80.741050 -87.126043 
-70.009604 -82.381383 -94.155738 -70.342010 -78.946511 -74.625222 -87.861947 -75.186630 -71.817469 -84.430202 -82.218005 -77.518964 -78.802386 -97.569811 -87.191074 -80.535291 -70.118596 -83.300082 
-69.330710 -72.595850 -75.941524 -82.274425 -87.572291 -83.246226 -77.147529 -82.671976 -79.013312 
-75.872507 -74.454989 -88.708946 -72.138774 -77.339472 -88.611298 -75.213751 -70.243214 -80.814498 -72.701293 
-74.269422 -93.587386 -68.600093 -82.312749 -77.507784 -92.847719 -91.090812 -76.031246 -84.228766 -83.416423 -70.929310 -78.262354 -93.412378 -76.952495 -89.398474 
-91.744195 -90.339455 -94.228978 -86.833732 -92.430135 -94.645019 -85.495078 -70.197685 -96.265379 -75.363979 -69.532708 -76.276099 -83.139794 -81.249008 -78.971850 -83.001507 -95.925560 -73.212293 -69.136420 -70.338875 -87.380387 -80.155623 -88.173952 
-79.733198 -70.736965 -92.483515 -88.316660 -68.857505 -72.866570 -70.050840 -97.103869 -92.235440 -83.410287 -94.057412 -94.677658 -91.273187 -81.950819 -81.250260 -79.095432 -79.873899 -94.259867 
-90.556021 -84.080942 -97.172893 -80.874222 -70.316959 -78.793488 -80.420217 -73.762832 -94.880499 -89.305464 -70.842033 -84.386941 -79.516409 
-88.860128 -77.609007 -75.910676 -83.433694 -74.985351 -77.862873 -97.775971 -92.982096 -79.858370 -83.251895 -80.712422 
-69.930197 -77.268589 -83.592779 -88.943545 -75.657372 -81.288133 -79.892103 -85.642557 -68.695763 -91.026804 -73.038518 -73.738743 -91.341418 -75.025304 -79.461223 -85.852279 -85.559866 -84.101382 -85.363514 
-81.353734 -67.982038 -81.684167 -70.039896 -75.294037 -70.712889 -74.683260 -93.017229 -76.597912 -91.583662 -79.498687 -92.501247 -79.716249 -81.439657 -81.121094 -72.358402 
-91.255451 -76.695367 -95.987633 -74.616278 -78.166043 -68.292578 -96.093704 -75.288378 -82.404656 -82.433024 -93.867916 -78.368792 -85.008521 -78.309098 -78.244695 -91.219242 -96.314042 -70.498488 -81.359198 -88.166570 
-74.952527 -94.189149 -92.194277 -72.886855 -74.332408 -95.077964 -79.817654 -84.734116 -69.852487 -75.210964 -93.246420 -93.280664 -93.789398 -97.322530 -81.235812 -82.684548 -94.558882 -86.886499 -84.851186 -94.695500 -84.180284 
-89.598387 -74.828485 -97.465877 -72.988159 -74.353280 -92.998011 -91.227315 -68.737428 -93.491054 -83.121356 -78.007516 
-81.801801 -69.404417 -69.988080 -77.002838 -78.744309 -78.921278 -68.260628 -78.703073 -78.653078 -78.565892 -80.459801 -68.184213 -77.750822 -78.363424 -69.611848 -93.373381 -79.170579 -75.922564 -85.215321 -86.727317 
-72.998356 -94.714230 -92.150568 -69.242886 -86.532701 -83.979466 -80.757071 -71.764782 -83.186214 -79.456711 -95.130096 
-80.828791 -96.797577 -75.303219 -70.842361 -74.961543 -83.957835 -70.269582 -76.189855 -76.531485 -94.427967 -85.303252 -73.266790 -86.737182 -69.973995 -95.810016 -79.985871 -87.816679 -79.780135 -69.165413 -79.029391 -84.732604 -76.868668 
-95.908290 -90.212545 -86.417341 -84.629422 -73.398156 -83.909045 -93.215534 -72.154897 -71.676228 -91.971150 -92.306266 -86.835178 -78.937656 -76.945132 -82.604277 -95.920306 -95.025572 -92.459554 -92.534889 -85.982953 
-89.947507 -78.981958 -78.341641 -69.542044 -73.094567 -96.927790 -76.005589 -89.536575 -76.277746 -92.447310 -82.719308 -74.608290 -85.856266 -81.326248 -83.491001 -95.319466 -82.292306 -86.398659 
-68.486047 -89.360016 -90.287382 -96.537858 -93.521716 -76.721475 -94.910511 -75.648711 -82.667640 -77.518532 -75.032775 -96.852059 -78.264377 -81.009528 -81.433206 -71.578615 -74.015858 -95.779289 
-89.296454 -68.576184 -79.704669 -77.855438 -93.887932 -73.494343 -83.787602 -70.943792 -81.475326 -88.444593 -79.226832 -77.255093 
-77.974802 -78.758816 -95.419784 -73.851433 -79.361301 -82.286307 -68.192616 -81.685919 -68.811232 -88.531472 -78.218022 -76.311662 -87.975920 -81.831064 -83.117641 
-84.642739 -91.277054 -92.173457 -73.202002 -83.612766 -69.835746 -97.612736 -77.381442 -74.520713 -86.997082 -68.164523 -79.143212 -75.916319 
-81.857854 -74.406635 -80.267442 -96.599894 -73.119883 -84.137194 -90.233916 -95.796556 -75.897889 -73.294809 -80.687044 -77.218020 -79.328032 -80.432181 -78.100593 -84.413312 
-84.375617 -90.805484 -78.988881 -68.801237 -91.162374 -76.852419 -75.147670 -78.181015 -69.913435 -83.714933 -80.093473 -75.159798 -75.042126 -82.450456 -79.200376 -85.568347 -79.145580 -68.952550 -77.363425 -77.186173 -84.771469 
-94.985570 -74.110549 -94.125917 -73.903593 -78.151985 -78.610283 -83.591072 -76.187483 -82.696598 -76.792379 -88.415050 -71.986170 
-68.679914 -73.271469 -75.598728 -72.780940 -75.676136 -96.382602 -81.523467 -91.159714 -77.603967 -93.256183 -97.837703 
-74.829930 -77.774671 -90.803927 -81.589115 -69.700190 -84.586246 -84.018759 -85.754283 -83.287574 
-88.780878 -93.944763 -69.270939 -79.840508 -69.585184 -75.658678 -82.295595 
-80.856054 -96.000535 -69.834871 -86.606988 -79.880611 -75.911211 -80.978170 -79.679998 -70.130807 -82.164398 
-75.396156 -84.580933 -72.109503 -96.006657 -83.631501 -94.711604 -81.226540 -88.025295 -82.403276 -76.497923 -78.154027 -76.573225 -81.697677 -83.489615 -68.704806 -80.641906 -80.635551 -80.018844 
-82.385332 -78.442884 -68.962933 -87.570680 -86.899305 -92.604170 -82.084337 -75.104187 -79.388105 -96.012525 -94.496394 -78.579565 -69.357101 -95.827170 -78.779611 -93.884185 -83.445103 -89.448165 -69.121136 -72.062392 -76.776148 -89.011924 -81.396695 -74.270563 -92.302950 -80.205310 -93.642898 
-75.312128 -94.193328 -84.715650 -96.687850 -76.887052 -76.852320 -68.502999 -91.870482 -89.424540 -78.864892 -89.867913 -93.829990 -68.203300 -72.348895 -88.633277 -75.843461 -90.373133 -89.095259 -81.581118 
-90.889301 -75.826340 -94.748294 -90.010456 -69.624760 
-91.086358 -98.075793 -75.180250 -76.337242 -70.130574 -69.930458 -94.110325 -86.353458 -87.211256 -84.220120 -82.997335 -83.701247 -77.839144 -86.500035 -84.337811 
-95.997020 -70.250685 -75.040253 -86.356272 -94.454922 -70.108572 -85.548617 -83.527046 -76.710162 -76.559759 -82.835980 -78.260577 -79.612760 -81.370180 
-83.585491 -90.599246 -83.155351 -82.470856 -77.775213 -68.297459 -90.240057 -97.382099 -82.268541 -74.287162 -84.571200 -71.345085 -82.807149 -69.318691 -81.499492 -70.483867 -68.059352 -90.199770 -78.953010 -91.516127 -94.719238 -71.734770 
-89.909607 -86.481386 -68.555324 -73.768317 -94.179407 -74.010650 -77.780793 -92.826615 -76.399767 -86.235119 -84.278469 -70.960677 -74.018741 -80.969556 -90.878806 -80.254841 -87.419529 -75.500860 -83.179655 -86.992944 -75.654456 
-78.318649 -88.770707 -71.331712 -76.191897 -86.845026 -97.083594 -79.076004 
-78.878957 -88.660722 -70.403198 -96.800724 -75.732495 -83.164601 -94.902815 -79.211850 -78.761556 -73.793568 -74.312468 -68.546333 -79.619743 -74.657077 -76.378107 -71.723320 -75.161527 -76.264802 
-93.909618 -74.472277 -68.594101 -80.554759 -92.091483 -73.481618 -80.712130 -76.790127 -85.201754 -95.543659 -92.366506 -79.856001 -80.434775 -83.160148 -79.952381 -72.518432 -89.742544 -83.736569 
-69.779997 -95.969944 -86.073443 -82.297156 -91.843509 -72.795433 -93.473924 -79.933596 -83.909675 -97.909906 -80.191330 -77.135117 
-80.629164 -77.585973 -69.816155 -79.486418 -85.646305 -68.060674 -69.326611 -91.427919 -74.232232 -81.426068 -92.373627 -72.881685 -80.395696 -79.945356 -79.433932 -69.350190 -78.996040 -79.774418 -78.898341 -97.346107 -73.874760 -70.119048 -85.557665 -81.853895 -79.894439 -69.743885 -85.953089 -81.263748 -83.376197 -79.977586 -94.749478 -80.859329 
-96.282944 -90.118692 -76.330735 -75.041916 -68.204338 -74.677290 -70.174653 -94.752039 -80.565377 -88.528361 -89.805234 -90.465139 -93.435114 -88.438787 -96.427375 -75.475559 -80.291764 -96.611034 -96.110325 -76.009698 -96.359800 -80.492344 -87.196296 -68.534385 
-73.860803 -68.326974 -88.352511 -75.106108 -92.419557 -74.203673 -76.076039 -76.758157 -82.130746 
-70.064983 -78.636954 -96.687815 -74.992181 -80.628993 -75.346794 -90.663248 -83.422795 -77.766152 -97.878881 -68.482236 -70.425516 -75.850242 -95.704737 -77.193248 -71.129749 -76.294882 -97.768666 -78.538231 -80.271281 -84.879261 
-94.365090 -79.855486 -91.903821 -72.685789 -93.520949 -89.933916 -78.011391 -94.339006 -69.370030 -72.424951 -91.412729 -76.505113 -79.194698 -75.067108 -80.983201 -90.251358 -74.152136 -91.826822 -90.459727 -71.163419 -80.363551 -73.002896 -75.599170 -82.821262 -76.735759 -83.230678 -77.614056 -86.428024 -84.078977 -73.056892 -71.593090 -79.947340 
-75.510334 -90.546293 -69.841555 -84.850185 -95.258205 -86.644272 -74.914236 -93.343115 -70.421764 -73.562503 -71.628732 -78.461517 -86.116262 -68.703650 -77.156518 -78.660697 -79.599387 -95.670086 -79.259962 -70.518362 
-70.181507 -84.647041 -96.613783 -85.253688 -91.492557 -71.008135 -75.253765 -78.719336 -94.574916 -92.249790 -78.347559 -93.398511 -83.074367 -79.943914 -72.454193 -92.592614 -86.106156 -80.081646 -75.560030 -73.872998 
-80.103359 -79.207792 -94.181237 -71.943488 -83.113056 -70.116526 -92.679653 -76.919090 -97.069060 -70.136895 -84.605487 -80.284685 -78.811730 
-95.273270 -69.500761 -74.416667 -69.522923 -79.506835 -80.282015 -75.466241 -97.742218 -93.623905 -87.334832 -91.789934 -77.121424 -70.184040 -94.089143 -96.156311 -81.251981 -94.510557 -95.611474 -76.605088 -83.166223 
-78.708451 -93.172514 -69.337148 -83.646327 -73.813266 -68.776657 -96.708867 -72.351280 -89.549874 -96.556037 -91.303264 -81.075848 -89.437946 -81.075229 -71.057112 -80.117442 -92.756307 -88.871215 
