40.106801 38.278662 41.783289 28.297505 41.134393 28.483689 29.469097 36.674074 38.049038 30.889294 28.665685 
28.204198 37.623734 29.961173 37.454841 30.970702 28.227259 29.238229 28.630925 39.943160 36.239050 37.694072 34.935849 25.916214 
28.874652 39.862467 30.204164 42.584462 30.934486 27.925777 29.630165 39.988800 37.010538 38.536789 44.273773 26.706767 42.641672 30.132200 28.198736 31.516578 
32.233443 39.489841 34.164553 38.238075 30.966069 37.204577 29.490700 30.227776 31.121988 28.284995 41.703487 29.188941 40.944896 41.134977 27.359548 27.223143 34.089910 
38.511215 39.285740 40.110886 41.638756 30.767008 37.563858 29.618127 30.533237 28.937899 28.112600 28.638412 26.945412 30.576651 
38.811080 39.732529 25.806824 28.280824 30.791741 28.519029 29.188999 29.289859 36.077782 
38.993460 39.464714 36.594684 30.153830 30.920610 28.321749 29.526781 43.442702 30.550486 43.244826 40.871592 41.493966 
38.601384 32.680579 37.529225 29.704565 30.729856 28.149658 29.487761 40.201039 30.079404 26.068189 30.345192 
37.443828 30.469305 36.259521 30.175933 30.889686 28.236599 29.754942 40.702169 41.088796 40.624174 26.292420 40.847882 43.938027 23.938848 36.705950 35.887484 38.888459 32.801394 40.585071 35.680903 34.436831 35.473203 28.300133 39.703942 26.696686 
38.374923 30.596743 30.940771 29.767745 37.969570 28.147170 29.547807 39.624084 40.228884 37.650737 37.748878 43.698460 30.110834 34.639990 
37.017606 30.777700 30.871831 30.307617 39.791687 28.205019 29.621810 40.015615 38.813881 41.153257 40.514279 33.124183 42.840337 30.011262 27.962640 
37.095830 38.090645 30.774173 28.561798 34.433863 28.075047 29.265582 29.629788 37.320463 43.970644 33.280473 
30.842580 38.823913 37.000247 28.665844 37.955154 28.131900 29.753529 29.501539 29.781731 34.036742 27.156044 40.751997 40.769639 42.420330 27.581033 36.614015 
30.599234 38.717985 36.518685 28.215941 36.636566 28.116109 29.470131 29.769492 26.224206 29.035805 42.475266 34.457380 28.322242 31.950142 34.508011 43.993212 30.029134 26.365650 
30.625553 26.760499 37.991402 29.019581 30.148754 28.326161 29.646882 29.662276 39.769388 36.689883 25.893494 43.003988 40.264183 24.355920 
30.986345 37.994923 39.383837 28.302106 29.366548 28.329388 29.058922 38.051287 35.244074 28.513609 37.362674 25.903168 
30.479944 39.282006 29.229537 28.352311 37.450382 28.085488 29.881095 38.479807 32.998218 37.641161 
30.798453 39.306877 29.968250 28.758940 37.397461 28.098964 29.296394 37.810686 28.471062 29.462070 37.545651 
31.002670 39.094476 39.457163 29.162171 27.856393 33.327986 29.989737 38.596389 38.571334 39.548891 30.350842 29.421755 35.831192 29.162267 40.455752 
30.999831 38.955135 30.493719 29.244497 28.131533 27.354345 29.134351 37.982101 35.027853 24.745220 26.317637 37.005044 
30.928196 29.498334 39.354710 28.263966 28.217423 37.670570 29.471176 37.781204 32.685863 33.698399 25.498281 
30.615112 28.897606 36.911316 28.069589 27.944945 41.276626 29.752775 37.584476 41.453071 37.988400 35.163119 27.317207 41.509821 33.895473 
30.916521 28.581186 37.993576 28.492583 27.753688 39.488044 30.435918 26.784128 37.772102 42.324374 36.696203 30.071429 27.467616 27.311226 27.802695 29.633930 
30.866801 29.079448 28.018292 28.242118 39.845862 38.418763 29.850075 36.910577 34.455945 36.068772 34.875038 25.695520 
30.750986 30.263708 27.973441 28.615871 38.597537 36.980304 29.803480 39.624122 29.759188 37.181742 35.322765 40.557811 30.113759 40.492577 40.264737 34.259094 27.520640 27.011786 24.966845 29.741006 29.950409 30.247268 29.439519 40.436152 27.321666 
32.814265 30.553497 28.112067 35.869313 40.580495 37.112751 29.736144 29.534710 30.921926 43.785331 25.661855 34.363711 
36.741638 28.869433 28.514185 30.495839 39.423498 37.838763 29.661674 28.532000 30.441432 27.396024 40.315979 
32.003462 39.339068 28.355224 29.776829 36.435358 37.049371 29.355738 29.608123 30.667704 42.666715 26.155842 
28.965375 35.898228 28.123299 39.697799 28.881043 37.208954 29.383344 28.339880 30.909304 29.346076 41.885245 35.014900 29.088038 29.232667 29.881291 
30.127142 36.440910 28.140804 39.658091 30.633306 36.611861 29.989163 28.328441 30.526798 28.356551 40.509419 42.092071 
31.460094 29.452785 28.463842 38.645451 30.356085 28.293010 29.808185 38.359223 37.628230 38.592514 29.819728 29.285754 38.949119 28.572984 
39.889745 36.553138 28.124235 29.861291 30.247580 29.074006 29.848493 36.690277 30.296159 26.155288 28.090564 39.196723 26.591698 27.285658 30.399735 42.601530 41.127878 29.542902 42.433883 30.147091 39.590067 24.625006 
40.190552 30.319421 28.075836 42.765355 40.542278 28.617575 29.414082 37.463104 30.839384 36.860332 31.313751 
38.423545 38.225590 30.740222 29.935256 29.359466 30.486504 29.745625 38.071322 30.964037 28.036286 28.226693 30.768343 
28.115228 29.769213 30.198368 35.676898 31.571611 39.630162 29.395446 37.412258 30.544800 30.790921 29.911297 30.780443 33.747773 
28.077203 29.913574 30.863634 33.754122 30.428507 38.788006 29.540626 38.395086 36.381694 26.409597 25.933465 26.753389 
28.307026 28.940900 30.812833 44.056802 39.242402 32.531850 29.679198 30.453790 37.454101 37.623045 34.723205 36.866085 34.670255 35.870437 
28.029453 28.102605 34.683528 36.975031 27.175236 37.425433 29.221528 29.723363 30.960267 39.420081 
28.434983 30.921588 36.760612 28.284443 39.056057 37.336458 29.603365 28.372417 36.098464 44.210766 36.682429 37.465897 
28.402521 30.546672 39.209748 29.939695 35.872616 30.206391 29.501183 37.116488 38.670730 32.691787 36.184762 26.371496 
28.127642 30.259536 30.942819 29.909263 39.271059 41.614602 30.151798 37.726799 40.938757 30.776963 38.496921 37.524067 39.865786 
28.405296 24.426367 30.694026 29.506473 29.622904 30.004946 38.404699 38.159117 36.237018 28.376678 28.103180 40.077254 25.040460 36.425571 36.577708 30.210420 40.778621 38.473916 30.752094 30.037592 29.800481 26.380437 38.329260 29.154222 
28.114820 39.376864 38.703821 43.863671 29.592441 39.383121 30.576727 25.817705 28.699691 28.308522 30.784602 40.645689 27.117376 36.962313 41.581439 37.789802 25.740139 27.942792 43.935885 40.181227 
24.940361 39.092287 37.067073 28.434087 29.682803 28.198074 30.924143 26.858064 35.639306 36.116788 29.448415 26.075615 30.636636 34.595600 
28.995466 40.065402 37.961191 28.538726 32.837211 28.128377 30.791852 36.316943 29.867431 30.426174 38.916393 28.523673 
30.039764 30.587698 32.322171 29.378245 29.833003 28.229853 30.959250 37.787637 41.086909 38.599673 28.813384 40.124346 37.664520 41.899122 29.772188 29.067174 33.418773 
29.268697 37.093769 29.199539 27.816927 30.004793 37.350317 30.938657 38.706903 24.005945 25.937934 39.499146 24.740509 40.916065 29.013319 35.940328 32.042018 43.344359 24.599106 30.853487 
28.434808 29.429080 29.894148 28.091916 29.706523 38.195498 30.501329 38.596465 36.161335 39.702172 24.683693 42.278403 24.687663 33.380857 30.524122 27.915104 28.078265 38.206952 29.267940 29.119492 24.962080 39.520768 31.525340 24.989283 39.546823 33.765235 24.271746 39.021030 24.898314 38.117471 35.747137 39.469403 28.882145 
42.528504 30.708773 38.569876 28.086705 29.743976 29.645125 30.836873 28.855532 37.070784 36.322315 37.506567 32.891916 26.384709 33.564412 42.736666 26.931219 
38.868826 43.032970 39.610763 28.103356 29.289222 39.927792 30.793887 28.806533 37.404756 30.027945 39.785518 29.489842 
37.779001 36.214803 40.267952 27.894466 29.863116 29.108681 30.929782 28.177632 
29.334557 38.247722 39.601468 27.956684 30.064086 37.019988 30.671326 28.375889 
29.784100 36.793863 39.204797 27.919113 29.784267 38.186959 30.602308 29.291651 40.925232 40.810252 27.234637 29.610401 32.022125 34.675950 
38.188093 32.446251 39.731003 28.317293 29.840504 42.581024 30.582309 28.990838 37.124033 29.730304 42.345915 25.037264 
38.877629 30.536382 39.648069 28.173572 29.424820 28.304853 30.710636 29.324910 30.230039 36.736049 34.751442 30.041793 
42.010224 39.520882 43.799571 27.964829 29.787279 37.103539 30.896269 28.498894 30.139883 38.757450 32.149520 37.816967 29.142691 40.476045 40.605699 25.940117 
41.791734 39.261902 38.300778 28.305816 29.761907 25.450322 30.294920 28.517375 34.193741 37.720832 29.721238 39.742167 37.588381 43.751540 37.106784 30.530703 26.977632 37.502739 
28.104548 40.457198 40.870192 28.262367 29.431940 30.011633 30.821576 36.365352 41.928480 37.436502 35.819598 25.872218 29.419935 41.987969 
29.011666 40.304203 29.884142 27.912441 30.316945 37.967558 30.942354 35.160443 40.121099 36.062754 32.079685 26.128501 27.063264 27.857128 
28.989891 37.639460 30.175539 27.991094 30.043538 37.814078 30.934210 41.024186 40.034447 37.951408 38.950866 35.597498 27.954034 27.481719 
29.221531 37.466676 38.869804 28.146929 29.983779 36.562511 30.643475 42.738561 30.144791 39.508703 39.429807 
30.668096 35.384507 35.081172 28.089307 30.057308 29.572986 30.915290 39.702316 35.240671 39.467569 26.520442 
28.485899 36.074916 28.814372 28.225311 30.019785 35.310537 30.919147 40.413718 35.926246 43.992583 
29.028723 37.506364 43.554213 28.315258 29.516194 30.168573 30.583320 39.174530 35.661191 40.853550 39.741526 
29.489676 37.611269 37.355097 28.165740 29.746255 29.582362 30.381177 40.063649 43.327737 41.214313 33.385198 
30.005418 38.368954 41.205192 28.266724 29.827114 29.048878 30.363547 39.358532 38.776665 34.840965 
40.119943 30.586046 40.201808 38.252352 29.769189 28.395432 30.942960 37.751288 39.479458 28.631041 40.718724 29.674782 36.253730 24.766811 
37.435587 30.890634 28.098844 40.538704 29.035346 36.319046 30.471930 26.544316 29.852424 27.701300 43.163969 
37.175611 30.287419 29.029653 36.701763 29.195597 36.772136 39.618068 24.847261 29.685246 28.302388 30.743906 44.332561 42.106286 35.050668 29.831888 26.984005 43.811763 29.050844 
38.044326 36.843551 39.011917 30.895140 29.430267 37.810704 28.868732 34.306051 28.554767 28.333975 26.442834 25.731660 33.767757 40.456264 39.718364 42.336072 43.221771 35.222496 28.652255 
33.172066 37.966535 39.840667 36.997224 29.510485 38.592629 40.314683 30.775360 29.172097 28.478433 38.680211 41.270917 40.985962 35.055941 30.021227 39.249131 35.747893 24.323778 
37.078470 28.116832 28.850506 30.211369 30.070228 34.020337 39.884150 30.821768 37.145233 28.767926 36.581353 28.745955 42.847849 44.015448 
38.299735 28.534947 28.806754 39.325282 30.036484 36.909381 33.967556 30.927760 30.011444 41.266074 40.500159 43.066849 34.732373 34.008792 41.877038 
29.020461 28.400905 28.687754 38.533875 29.762788 37.105066 37.701280 30.688923 26.057613 29.732794 
25.502761 28.420287 28.981706 38.950340 29.269269 41.622875 24.080039 30.747048 30.623567 29.273367 41.214895 35.319407 38.093284 42.950123 38.123216 28.996122 34.924632 
38.633696 28.559189 39.611533 39.705005 29.387363 37.713936 29.646599 30.270962 30.213309 38.138720 41.424964 37.802042 40.247954 34.443141 28.862778 30.831717 38.263942 
40.076427 28.504565 30.584750 29.023592 29.792844 28.658693 29.220615 36.022973 42.593496 37.359079 29.441207 26.632242 29.394421 41.630249 30.176729 33.157213 27.824064 42.066367 
30.788215 28.155588 30.288301 39.740180 29.802639 37.292391 29.113744 36.604143 
30.823597 28.289421 30.591214 40.852706 29.216639 36.818833 43.980396 35.841350 29.217058 28.973947 38.830080 40.991037 
30.477594 28.182336 38.815198 39.783176 29.366034 43.839430 41.090160 38.226821 29.788848 29.814918 30.621749 39.801870 41.473164 34.541120 39.250224 40.507318 39.831710 36.225635 39.886611 27.115457 
30.859405 28.116883 30.322518 39.399855 41.276988 38.942528 29.945076 36.612210 29.158910 27.656092 25.312340 
30.896650 28.262165 39.447206 36.968372 29.541523 38.135355 29.876970 41.294087 25.148373 41.399541 30.423691 25.200317 
30.923755 28.358797 40.720396 42.108715 29.987971 28.878369 29.436211 40.114022 30.489928 37.115104 29.549472 36.027240 41.055304 25.850632 
30.858671 28.467693 28.269390 36.920738 29.467517 36.521839 29.318115 40.043465 30.565698 42.419719 35.469177 43.889944 
30.767545 28.864939 40.265229 36.849994 29.473666 28.198488 29.659269 36.668645 30.160808 39.298695 35.250515 43.507245 41.413675 35.300648 
30.328782 30.138869 39.216550 38.299906 29.685125 35.669875 29.901023 28.116052 26.638171 39.054808 27.700332 
30.667879 30.063410 27.645952 37.700284 29.273008 37.184620 29.497448 28.444888 39.936659 34.083426 
30.162096 38.236441 30.815321 38.606272 29.774138 43.730916 29.559065 28.526838 38.808952 34.210120 40.405470 42.899218 
40.768393 40.594866 30.621026 34.347530 29.880809 28.474993 29.539903 28.129228 30.143272 43.185065 39.197501 40.821547 
27.095038 36.854582 30.762243 29.527344 29.277529 39.234598 38.469729 28.590257 28.994956 
37.124157 27.306355 30.664838 29.001226 29.889998 39.198013 38.637904 28.587670 26.161552 36.597108 28.976012 37.419173 28.182689 30.092816 37.211531 
36.264951 41.536356 30.897831 29.102931 30.033095 39.609128 28.643095 28.322401 36.194767 28.310802 37.194539 37.841795 39.994872 42.290949 41.276668 38.864483 39.866491 36.559189 36.368163 43.811957 
30.936318 36.863471 36.799615 29.074677 37.417829 37.253198 39.349884 28.019961 25.981105 35.770941 29.602929 24.963144 
30.872782 35.502360 28.083505 29.080896 38.553893 28.092176 40.269524 35.822614 37.119059 36.245078 29.780266 
30.917204 37.021417 29.853206 29.080896 38.260263 28.111612 39.238569 27.662249 33.967816 33.266833 
30.625060 37.746373 29.461924 29.510410 36.175487 28.465639 40.250796 35.726484 39.686908 29.781202 39.308312 42.698597 
30.832368 37.494653 29.513236 29.442089 29.003276 28.123098 27.028938 40.593947 38.617171 42.536804 36.583993 37.882814 39.710892 42.655079 32.421698 34.755771 44.352193 28.111114 36.272058 33.713890 35.969025 28.212725 35.505158 
30.577562 33.503664 36.383088 29.049610 35.806587 28.234572 30.022695 29.437247 41.007779 25.476321 26.125550 
30.844032 43.725839 37.005811 28.958137 40.547325 28.116021 29.425587 32.560869 36.649657 29.546248 39.304215 40.614560 
30.765314 28.157709 24.723166 36.234296 30.756738 28.394944 29.142228 35.305607 38.866865 38.078324 29.611505 25.668029 42.620903 29.825896 
