1.008875 2.119207
1.085157 1.588700
1.174978 2.333749
1.208809 4.284727
1.418118 2.905736
1.291293 6.050492
0.853075 5.683146
0.844020 1.649533
0.605946 1.670775
0.744422 2.600710
0.952766 2.053433
1.038790 1.552991
1.005179 1.189595
1.290368 1.657573
1.313376 1.674110
1.245408 1.940050
1.240896 4.312212
1.015075 2.756202
0.980468 2.745920
1.287013 1.749179
1.167511 5.819676
1.082269 1.162677
0.921693 2.551652
0.853238 1.982796
1.247584 1.526659
1.206677 4.706998
1.047894 1.760124
1.119826 1.712915
1.290565 2.829797
1.184566 2.047240
1.150365 1.801942
1.036328 1.880419
1.105434 1.531860
1.114944 1.701876
1.092650 2.960376
1.200102 3.164495
1.056085 1.088589
0.869757 2.037972
0.993318 5.011080
0.885104 2.054059
1.373235 2.142674
1.416043 2.129982
1.190318 1.436465
1.239586 2.459282
1.093506 2.141640
1.307489 3.709908
1.256498 1.832166
1.307740 1.888245
1.171448 2.901058
0.781126 2.028978
0.837470 4.781168
0.971480 2.362127
1.016554 2.124005
1.204733 0.866327
1.201559 2.922866
1.083570 1.812406
1.232814 1.274522
1.134980 2.167452
1.401380 2.002337
1.239716 2.947135
1.125561 2.688430
1.218890 3.754284
1.303783 2.145200
1.055758 3.380522
1.108860 2.918112
1.229470 3.666012
1.171865 2.107041
1.219090 2.111768
1.315387 2.261585
1.248322 0.851150
1.355902 2.656920
1.234118 3.590079
1.275512 1.084065
1.113629 1.268371
1.086301 4.066883
1.195865 3.375536
1.181081 2.376047
1.177415 1.999735
1.258169 4.346261
1.055172 1.254705
1.035208 3.779653
1.040710 2.764847
0.847700 1.535201
1.057919 4.788704
1.318377 1.617737
1.219421 2.158249
1.093042 3.145863
1.270163 3.508986
1.087177 1.974859
1.144193 4.731779
1.273439 1.344466
1.280260 2.487225
1.331491 3.329689
1.094190 2.678730
1.233305 3.398910
1.151061 2.883308
1.213533 1.555514
1.108038 5.225776
1.021285 2.030740
1.113256 2.530657
