  0.287040 631.904195
  0.285285 609.870611
  0.291224 626.308570
  0.291131 653.114066
  0.283359 655.610918
  0.268775 674.298205
  0.289031 643.333687
  0.283016 655.736273
  0.285513 597.269035
  0.313562 669.759301
  0.297807 640.638474
  0.297899 624.005711
  0.295667 625.920226
  0.303852 583.554375
  0.302994 623.068161
  0.305887 634.752268
  0.298690 646.607772
  0.315492 658.028268
  0.322119 623.114967
  0.318852 659.077684
  0.322122 623.391170
  0.307782 640.196638
  0.291316 617.798631
  0.297733 644.438340
  0.312381 622.422829
  0.328882 641.400629
  0.338254 662.625324
  0.337934 639.091658
  0.334604 664.213397
  0.332738 622.496322
  0.312734 668.889900
  0.323195 613.068551
  0.319271 633.058025
  0.316252 633.634215
  0.316649 673.403271
  0.314795 646.736188
  0.315811 638.753659
  0.306244 622.787849
  0.289744 634.972596
  0.284740 670.209140
  0.288671 643.572134
  0.291700 650.466079
  0.291831 645.640639
  0.296656 649.198212
  0.286001 667.834419
  0.294280 620.129364
  0.299907 661.030331
  0.291910 641.475215
  0.310575 565.196947
  0.301038 660.362337
  0.321031 641.594237
  0.317308 690.121985
  0.317856 655.232129
  0.306383 632.064154
  0.320816 633.641321
  0.340143 637.916853
  0.314855 656.730600
  0.307667 654.865623
  0.303363 639.670921
  0.321523 598.129117
  0.312875 630.787815
  0.321007 630.303207
  0.344781 643.547081
  0.329754 675.699135
  0.332255 662.497254
  0.322579 676.982918
  0.337685 598.227905
  0.338831 660.667639
  0.323315 618.499557
  0.328564 630.124621
  0.323821 604.097759
  0.304935 638.265141
  0.301201 646.555292
  0.308285 661.595468
  0.305290 639.926856
  0.304303 612.896270
  0.285852 654.307340
  0.289868 669.148401
  0.273394 645.260014
  0.277092 603.752607
  0.271423 645.971192
  0.270686 678.109062
  0.272238 598.156423
  0.269303 627.125967
  0.264826 625.341587
  0.284880 646.066695
  0.270456 651.928821
  0.273202 625.814077
  0.269856 598.819031
  0.253172 646.093579
  0.258609 627.991567
  0.262053 633.799169
  0.251626 664.042928
  0.259839 684.975370
  0.253600 621.725782
  0.246115 670.816089
  0.258189 685.925978
  0.264916 632.760039
  0.250098 617.522997
  0.256901 659.798732
