22.221352 0.473804 8.500478 751.610892 42.455880 0.643194 0.154615 843.432233 30.791835 119.901119 789.467732 
22.762151 20.551070 1066.098807 0.160600 448.804322 937.956303 0.298081 0.218693 26.414913 292.939555 1.153981 394.253653 1072.600033 
0.194348 17.994524 1117.998133 102.359340 190.922295 314.277548 0.319073 1.839516 1488.331141 0.261062 16.855919 364.040237 1.432182 0.329521 1.330776 507.055324 
747.687978 14.580502 102.539086 2.044438 68.027137 107.420767 0.214042 1385.450732 1113.170802 673.636313 916.838852 0.527958 5.012916 107.907493 870.434604 563.468449 160.982105 
0.443101 11.056768 240.625097 9.057691 285.458633 2428.017263 0.310324 767.305114 0.319260 1137.162863 359.939468 124.555025 22.500711 
0.577516 17.200320 1784.697001 0.326123 118.592313 426.208515 0.197446 195.122516 279.094773 
0.093310 20.337433 588.752463 0.614822 57.613854 584.520689 0.072628 1.880180 608.250034 26.952570 584.795427 1.343548 
1.275856 360.111240 153.106357 0.534751 116.790388 228.935998 0.084236 19.763100 177.561679 631.336579 16.893925 
0.049963 276.334606 216.909055 0.552243 60.168361 266.399936 0.097771 22.713543 149.375179 18.674203 19.582183 0.538604 228.299889 250.639882 99.435094 10.973789 16.708749 326.430318 0.170738 1.505053 104.147327 1.803407 61.736614 0.927002 138.146979 
0.251001 385.542750 284.601948 0.494612 314.085928 424.608916 0.074031 13.045373 109.125566 360.755631 1.454438 19.180218 429.746292 464.556307 
521.299266 320.606542 95.800936 0.507265 20.565442 474.971628 0.145493 79.839615 0.296163 211.108065 1.864721 812.037223 18.563822 567.018277 252.737541 
294.012697 17.762272 80.401216 1.100669 1063.909267 448.260625 0.112027 1034.115727 0.296305 20.953034 998.655916 
54.905174 28.284033 430.124083 0.576615 1.300434 764.949458 0.110313 862.136036 909.667463 1000.704107 114.247571 23.254340 107.868683 16.888329 13.000168 60.943575 
728.036114 21.005138 0.265758 0.366265 202.430447 538.329027 0.196724 746.699797 207.435122 190.396581 41.668508 46.805030 173.689676 1421.813140 617.794290 6.470722 1330.828921 1394.388470 
56.334473 358.996560 1.282067 0.385081 445.922202 897.184961 0.216318 550.725876 16.175588 1236.643357 1.455787 89.812517 4.689356 1719.670745 
952.707547 1088.347179 17.828720 0.363682 267.001367 1176.404025 0.210817 1.920527 185.029840 777.032611 235.544299 729.515961 
140.600169 16.728476 1113.627293 0.608994 494.768630 257.963146 0.181541 0.205912 797.897770 3.619039 
57.732265 20.780689 998.158964 0.620036 585.133134 100.287562 0.114311 0.279322 771.677848 0.154716 179.190714 
681.008144 15.322804 96.477623 0.909828 125.434209 558.794517 0.146535 0.556726 231.259959 10.628315 779.158056 520.981497 144.946226 0.106606 27.228405 
132.907816 28.622024 1798.216108 0.745487 252.400753 998.027160 0.225706 0.838487 370.646322 648.558489 274.084270 968.651263 
359.648539 1081.512112 20.953743 0.686369 638.806364 429.594137 0.180135 0.469007 1128.322691 99.563061 254.066391 
72.158928 788.869996 437.475439 1.018787 259.690716 48.126036 0.142007 1.762971 93.137298 17.216928 155.263386 665.573736 2.731603 470.810266 
105.470999 691.046265 0.208622 0.479237 280.260000 19.704312 0.105638 608.359593 587.115704 14.831586 597.944254 0.332420 310.004352 386.474659 216.181575 575.118875 
184.138604 445.653052 281.509977 0.673164 16.043905 0.165403 0.111499 299.275570 627.356275 47.865516 22.366604 638.014262 
152.276513 1068.723018 495.137813 0.357223 18.462178 0.179900 0.201647 297.142730 485.561047 839.124941 99.760134 12.676136 614.410123 4.274079 26.127098 125.273466 1046.469254 183.788630 506.663379 11.531209 1.046525 174.292068 153.454860 0.353471 201.463375 
1047.727763 1142.199341 933.216490 1562.824799 18.578097 0.435730 0.313769 0.319730 48.172710 14.666296 1432.245374 206.148138 
512.288008 1.029892 735.785595 840.128115 24.067415 0.555082 0.156094 0.571678 106.713112 906.417868 16.821941 
878.631467 66.665878 224.571713 909.164814 263.640267 1.143642 0.271987 0.314239 375.918887 10.245938 132.653214 
1176.273195 817.986455 1927.677629 17.568440 267.867298 0.287456 0.200944 0.811711 126.270237 858.013071 26.406618 840.102355 3.479093 628.342780 1766.847740 
1110.486104 843.014263 400.043058 18.161844 79.184501 0.796807 0.239085 0.507230 1513.598957 725.946729 4.477788 249.702428 
1011.621421 0.161966 766.290919 30.928360 111.308970 0.756585 0.216537 0.181375 439.435520 24.847770 179.931867 487.028811 17.371521 1008.114632 
32.478596 736.493709 1016.480861 230.904494 0.133961 0.409827 0.298777 0.156445 1052.529429 26.795179 457.118213 7.304685 84.162215 304.619624 263.077551 15.733743 16.002958 0.183175 1020.096251 5.693463 3.228663 418.188727 
16.376582 1061.127968 705.919342 8.743927 672.504234 0.646095 0.164468 0.394818 87.294452 894.641402 393.788491 
22.171393 0.275338 664.524767 0.131004 0.329248 824.490655 0.363361 321.638399 135.592257 546.171007 901.950125 21.066229 
226.371445 0.356691 986.162437 710.503650 321.859273 27.214887 0.176841 3.046182 429.412441 62.112016 0.911695 686.394531 5.626945 
455.928478 0.570480 138.393250 1419.938706 597.673294 24.429908 0.160997 2.232175 406.294557 24.888404 1514.451100 393.459356 
381.346869 0.466603 478.021687 19.196818 28.625723 810.483548 0.240231 494.084413 121.653775 0.446018 100.483584 21.766800 28.933538 163.325978 
263.254850 0.725372 312.661863 109.656444 164.737341 0.123378 0.149674 443.892103 62.014364 20.081259 
400.170667 965.511927 0.847565 0.332127 17.949415 0.175248 0.180201 860.284958 538.139595 20.770622 115.151792 438.485297 
520.492562 233.855640 11.405605 0.236787 741.156771 269.287322 0.231672 0.496288 561.823304 498.684162 30.073772 232.888770 
786.766406 273.677989 309.131894 0.271852 707.776540 11.856020 0.343388 0.260488 4.450278 551.134819 20.964320 824.498837 7.720898 
995.899490 355.366557 217.326356 0.265941 0.275297 259.496507 20.536087 0.310271 2194.971813 861.598448 5.064560 15.853574 67.091650 1720.237758 12.083672 956.832434 18.746935 1362.417326 1181.749790 545.874332 362.371390 1097.778560 316.743981 191.312758 
657.567335 21.096207 0.326682 175.349494 0.166158 60.982256 81.215232 1.906500 1090.414481 0.377225 0.200428 13.138229 389.853693 891.925821 3.739188 66.375919 109.105410 244.133238 45.482720 0.710615 
1290.924973 22.052997 0.249482 0.447372 0.274212 414.387300 53.022203 1438.269812 194.517365 275.254985 0.221984 1579.316845 903.791935 1628.718291 
963.764852 16.934272 0.398460 0.244366 276.111484 422.139580 192.836143 106.065418 0.322165 487.742479 35.211915 277.022159 
975.793356 0.447730 470.237735 0.247566 0.239569 654.619903 121.409975 1080.548766 1.443988 15.014734 425.057344 1865.905756 0.212322 8.179451 124.704286 342.872379 1028.236181 
1041.353639 514.191391 0.613413 870.696813 0.209837 0.479844 115.839419 16.026466 157.738573 1210.667547 0.469448 600.781540 34.831560 64.170382 7.675964 858.144418 120.439603 7.780918 319.684402 
47.409583 0.419922 25.471434 682.549919 0.246728 0.211860 543.970172 38.539216 263.631407 31.621897 38.985697 56.854315 75.241378 210.626718 2.416088 987.254748 0.218791 171.521707 638.776096 389.543008 5.436169 2.154085 189.916606 884.879986 8.434627 15.551730 82.684442 0.628436 710.967739 1.861533 306.435818 18.242614 678.671184 
18.289225 23.955938 15.360823 1176.039188 0.172857 1293.071016 1377.795108 0.647781 0.157314 740.428729 860.267059 1153.961819 9.793035 82.659035 33.747881 35.887176 
0.276474 7.261340 46.076141 495.779097 0.071840 0.846831 138.483110 0.760166 202.914478 343.544309 79.589619 376.905514 
0.619310 486.557569 19.345216 488.995105 0.075534 479.372565 49.635390 0.778030 
880.373497 0.437841 19.389152 611.160391 0.123229 283.718195 84.886577 0.874071 
108.946617 255.821653 25.856829 165.390785 0.133271 0.871796 308.588527 0.742738 8.129736 28.041060 549.690335 618.435105 299.860509 622.216534 
1.349620 841.079789 16.035593 556.051969 0.173464 112.042749 175.574310 0.707285 166.268074 309.160636 12.391543 785.369092 
0.387763 1021.405675 16.732096 415.349041 0.254066 891.480434 137.824549 0.449854 0.276805 327.344409 407.350274 714.833425 
37.535233 26.485325 3.843445 639.153593 0.158669 104.856311 126.031573 0.666163 263.299472 0.579499 580.771956 2.035325 239.105298 4.990204 0.240159 1037.413763 
1.576460 16.624368 0.915938 274.309315 0.178004 80.232928 67.092098 0.470478 946.703621 738.685900 872.999795 67.046285 569.872900 15.668174 14.922899 855.263676 91.018706 0.810254 
0.656232 24.134029 12.212534 391.002569 0.142431 555.422629 76.451894 484.006797 7.851325 0.315262 202.540482 56.858891 866.284325 36.069379 
0.443651 31.439726 280.201450 1448.815288 0.260150 0.722337 213.110313 286.701631 13.831385 1196.029658 2068.192277 643.136520 1968.859276 4.935416 
0.380854 1179.705580 1342.494007 1035.353919 0.233891 0.264835 93.594438 133.554025 3.283236 16.425840 15.541756 948.170635 1231.908555 196.854046 
0.742688 1.078619 162.055321 341.028985 0.164950 573.885695 117.358279 9.014818 396.414482 22.512066 210.260608 
970.651186 1.232290 249.858699 839.799710 0.252829 0.428985 1093.391195 16.905076 1412.725597 20.103522 314.939298 
0.375049 0.260763 1896.119511 771.842384 0.255757 880.839675 77.728276 15.103373 398.860411 42.311198 
0.932552 4.477071 8.369654 550.187526 0.115021 859.100752 159.719967 26.225030 448.285100 1032.289079 177.672623 
0.482130 1.142803 317.655186 403.355588 0.177555 369.837772 415.256789 18.489694 18.383457 15.270639 958.202384 
1291.942235 1.438511 12.286968 1068.224894 0.175414 0.397980 116.905435 13.581078 859.110056 1090.471480 
112.428529 652.017352 289.180817 40.757534 0.151825 0.295789 110.648234 0.408190 1.777165 745.313643 11.467837 0.451671 359.170203 588.252006 
0.513127 446.389468 289.303311 14.792636 0.185897 1299.344715 88.014680 1124.991896 0.422749 1085.417397 32.931472 
0.345578 1148.041352 0.561479 0.802041 0.224259 555.961996 15.613090 745.013968 0.256753 219.341017 78.487968 0.950572 57.851892 1286.825284 9.019000 1276.781642 0.356429 853.202813 
0.379622 338.176442 7.110526 175.452815 0.201491 46.625682 782.213085 1162.246328 0.487586 589.966579 610.954848 102.617620 45.021955 60.106407 22.268059 15.337932 291.694060 61.500175 307.618823 
854.983777 451.360382 208.425442 368.800853 0.249341 73.531746 3.194148 246.870196 0.294561 759.916532 0.377020 782.931122 3.301354 768.978499 623.007903 35.472895 2.231733 1373.898276 
0.188969 852.596289 0.281596 1277.328456 0.245492 1235.491474 17.631399 98.717775 1518.227729 1639.539272 0.299102 34.417069 24.960142 2.925824 
0.261346 145.940868 0.353462 15.599343 0.206110 236.226050 924.967155 88.569248 1462.349673 2.300092 83.307016 701.558496 174.978864 40.882203 10.339388 
372.101550 578.308340 0.291340 21.044058 0.199997 800.172593 2.074176 282.414251 1108.420069 831.643055 
425.479613 699.095680 0.221243 16.911920 0.324136 13.566623 0.645606 351.717516 433.467744 989.882029 117.659574 174.106612 0.464346 12.925275 93.256796 328.830447 553.337474 
1.899506 390.112132 14.142347 18.500408 0.170651 0.432786 0.265822 56.445498 1234.001451 106.269172 41.228287 792.667787 0.906948 1374.335685 0.756198 372.637477 1.589255 
16.683240 145.096366 61.614470 879.930207 0.154216 4.001115 0.169747 427.899943 51.963880 0.259616 383.611959 293.712771 540.120312 1.083945 56.736122 1232.284185 1194.446439 2.480668 
222.597409 249.270080 398.474527 20.980535 0.222221 1.104255 0.325117 189.972058 
70.259425 355.477495 1626.859054 26.831998 0.304150 0.389896 16.531960 590.371618 0.204390 694.022808 103.593707 5.961560 
43.535467 874.918109 700.601509 14.212285 0.415407 463.143513 73.716547 0.157055 0.124757 401.951307 117.263623 10.952725 3.349565 302.045199 23.301580 7.562384 23.340534 463.707102 8.227854 51.716346 
70.164351 936.930978 1009.957870 13.214313 17.755790 0.253223 0.154923 380.314299 0.410767 213.427840 0.146831 
138.603412 434.030732 19.191841 223.712440 0.261808 0.544857 0.158583 48.116564 0.203916 11.862754 332.969552 460.811014 
78.481208 229.339389 158.556034 8.842668 0.095017 531.498731 0.080465 13.928676 260.112551 0.142864 1.194023 428.824416 149.890441 698.584044 
67.964370 757.098957 418.558344 0.145468 0.409092 245.474382 0.148081 19.379672 270.730633 17.748441 1.589758 19.862892 
224.532910 1411.083637 1577.643191 1.512773 0.270876 739.641340 0.236100 278.623818 213.326981 17.528094 379.897274 8.142720 22.656318 146.834610 
93.657684 1137.452490 22.418876 0.325993 0.301077 1459.839785 0.221266 248.539316 210.435322 21.740240 0.417079 
57.555995 1107.043533 241.309873 0.901880 0.197836 806.940475 0.273476 1118.987955 14.756254 328.208423 
575.605823 1534.053708 332.332591 0.548524 0.269822 39.043111 0.266023 672.806181 18.512951 380.730371 8.877616 4.991362 
41.507210 0.568349 984.067248 630.877919 0.364992 164.371337 0.220819 321.670305 427.925763 16.080682 38.526584 0.768660 
477.764338 822.582154 199.898480 0.163655 0.198073 17.017717 0.363060 105.072023 749.600674 
478.846618 326.279782 133.639074 0.202021 0.242834 16.043085 0.299912 556.388369 137.576663 402.777711 390.170342 0.599219 1124.555870 568.602220 2.295538 
1451.255375 615.985549 92.980823 0.281122 0.234662 13.052575 1286.472708 621.333588 10.356972 1071.581469 1.298862 145.295908 80.387763 4.133830 16.331913 74.847535 279.955503 838.720062 1612.801329 4.063679 
62.060106 8.686020 0.370120 0.235512 0.364283 740.957187 15.767344 138.401658 105.011374 1575.455857 1691.465849 1755.697100 
952.566671 327.245623 754.652178 0.227698 0.342574 539.948786 14.279772 0.786432 973.069607 5.200777 258.900213 
1234.263404 137.943478 727.403508 0.230968 0.343940 658.564258 13.127197 1172.719815 47.859685 167.372911 
177.949784 0.647250 0.151285 0.259023 648.542130 325.656034 201.404603 79.226518 9.963228 602.709484 8.043022 73.917747 
522.969755 1.587589 0.316444 0.247461 1162.945530 613.700515 85.488575 456.817810 17.641856 21.562717 106.876360 1517.302441 109.220974 0.413139 790.334376 92.717709 0.897004 179.207989 179.713750 171.088530 36.633430 103.230554 167.294499 
111.351652 918.796730 0.364211 0.279607 383.830739 1089.896899 0.147996 486.886036 14.675240 1138.586904 1213.991334 
217.028414 11.398253 0.442801 0.269456 51.889323 352.062746 0.141003 576.730956 243.448724 646.983930 5.879130 16.205368 
117.444798 0.303753 1.705921 330.719128 127.261238 145.479856 1223.867367 334.225775 0.304368 35.327337 0.213443 765.330685 17.689458 885.147306 
