25.810759 39.503749 26.130712 39.613043 39.063063 35.231336 37.377741 39.467579 27.545034 29.733373 29.087400 24.397406 
29.425588 39.412535 39.914880 30.700210 24.095216 30.249842 28.746248 43.185926 33.087699 30.636850 26.646616 30.037739 35.884003 28.031775 40.005184 32.816472 25.832978 38.552177 28.523344 26.675057 40.832902 29.532133 32.068678 28.461665 41.293643 37.098732 26.637578 28.782952 38.713370 41.473260 26.264668 35.879384 25.159236 27.312697 29.479366 24.412782 
30.971280 28.413336 38.442032 26.816456 26.851107 34.547617 29.496259 36.217778 34.405584 39.279528 33.126532 33.301705 34.994310 25.826926 26.409330 
42.197331 26.719477 38.153198 25.965603 31.819376 25.609478 24.974768 40.698255 31.089511 36.556598 34.531145 39.722652 30.157346 
40.983929 42.821496 26.664778 27.850072 28.615063 41.517130 34.870724 36.838474 27.798802 38.149548 28.616213 29.369385 32.906846 28.402171 27.207519 33.762897 42.081129 26.142923 26.440054 28.969917 27.799325 31.500944 
28.982810 39.584796 26.871355 43.051533 25.291442 40.062307 30.252146 42.542731 30.453285 28.054338 24.117493 29.745407 32.750054 
34.418086 25.798089 39.959205 28.225844 41.050005 39.138151 39.396350 31.918381 24.908868 25.797977 23.831091 33.666691 28.703658 32.628087 26.811956 27.967067 29.779803 28.484180 36.859203 29.331068 
36.458560 26.675149 33.119777 26.014409 28.889720 34.161136 43.989651 44.397072 27.288788 29.705417 32.980493 27.577485 42.844750 28.514839 33.629963 40.464864 29.857023 27.722570 24.446643 26.192767 29.423766 37.541166 38.948321 27.363185 
44.110439 39.888163 29.865502 27.911014 30.320034 42.040271 36.520674 37.330777 44.355558 25.981260 28.733718 39.688520 37.353014 27.274118 28.934662 36.635892 25.349094 
30.926664 41.122458 42.270935 36.435218 33.623345 28.968880 28.981803 31.993857 29.496597 35.116975 25.133479 33.216741 27.387135 
28.397674 40.376796 31.874756 28.530648 27.756114 35.518851 26.125635 41.616408 36.812421 33.509394 31.272699 29.477164 24.668083 32.645544 36.015338 
40.711629 27.707113 27.187785 28.353512 29.122404 28.688543 35.722626 27.526980 39.931849 33.906983 
26.707074 28.399785 30.346909 40.238342 29.862083 37.366390 30.104291 41.753360 28.995654 32.323192 39.551330 28.165828 32.387241 
29.303547 39.850361 27.439185 30.404051 27.416594 29.539933 27.908664 24.164123 41.080892 32.589277 27.512433 
28.334866 37.076554 43.242105 28.280288 28.712112 28.121555 41.299069 42.482101 25.784252 34.190341 32.080681 40.258575 40.128683 33.315533 35.366179 24.762251 
36.891534 28.268053 40.905911 30.719983 24.752898 25.289254 31.979319 
38.418884 39.131613 29.791221 31.129245 43.748476 42.334224 29.169095 27.998514 29.034554 31.909920 26.978258 23.774237 
29.088172 39.149745 40.109370 25.097524 27.280280 29.654352 26.819809 39.589290 23.564507 29.928016 33.093960 42.953250 34.885010 
25.289144 29.134278 40.734927 26.726480 30.551563 27.730797 35.478208 29.901808 28.173459 38.987719 40.948242 42.002568 30.233229 39.781260 30.201190 28.555745 36.552917 30.870260 30.044435 25.292592 33.294125 26.707251 27.516029 24.793697 29.087193 32.650005 28.814430 35.723634 24.569064 29.417645 26.472312 35.368365 26.500224 29.909428 
29.638135 35.533950 42.237695 32.279742 25.759814 37.017482 32.549017 32.280458 31.908056 
39.615028 29.289734 30.815662 24.436849 25.946600 28.564985 41.717602 25.125443 28.720128 29.548045 38.656652 28.415730 29.793935 30.469720 29.048409 30.576802 33.090438 24.540958 26.114941 
28.440010 27.255885 30.088166 40.462939 26.217723 38.308255 30.627510 30.555673 23.964520 29.609695 30.166524 30.159086 32.244393 34.083384 39.953822 39.098806 29.330790 28.704865 25.580182 32.067513 32.175136 29.574427 28.054467 29.878371 
26.306971 28.348578 28.430442 38.877982 32.180772 30.254381 38.690582 29.760581 25.183412 28.193706 29.754432 40.624384 28.583393 
29.689182 26.355156 27.721573 29.931140 39.513425 35.550205 25.977319 38.958618 28.822130 29.492490 26.160039 32.374409 32.852206 39.987475 28.971031 32.080966 42.869760 33.359017 38.672214 26.729016 32.033710 32.904798 27.161047 
29.498556 39.106164 25.900045 28.262586 27.160267 33.663304 39.641661 32.249967 
29.304117 29.086164 34.225959 32.103263 29.468619 38.653360 28.539078 24.049148 37.878988 33.740105 26.117764 23.877293 42.926759 28.843095 28.781753 29.791826 30.934822 42.648237 29.340200 30.161291 30.114067 40.894971 42.913489 
29.020291 26.087781 37.763972 34.280382 27.082266 38.606248 28.937638 36.402849 24.035600 23.824948 40.391556 28.752691 27.285415 27.390281 30.841486 38.974807 31.756356 29.286189 24.429554 40.405370 
28.041884 28.661284 28.658752 29.232363 28.690355 28.891573 23.829721 38.037798 29.799984 37.482245 26.631189 25.467706 25.825978 26.894799 28.112745 35.893499 29.571379 39.969006 24.738365 
25.315303 28.138969 38.012605 33.728226 24.791779 30.188008 29.429185 43.793396 33.171876 28.975818 33.108598 29.044463 26.287643 40.629082 27.827119 32.178242 34.929204 28.618169 28.575002 36.005380 25.459526 29.178067 28.174475 29.175244 
39.706160 29.382911 27.625360 35.037959 30.651113 40.082854 30.263075 42.144364 33.647840 29.697533 26.064269 38.640546 34.397908 29.655611 28.364780 24.771266 39.811075 39.743199 29.534920 39.220593 
44.305414 28.709911 29.910946 27.298867 38.704989 41.569422 26.405040 25.234625 32.531374 29.393728 30.168358 26.054062 41.917378 40.403753 28.147396 40.010473 33.484060 24.404649 34.086746 29.193347 33.337147 
36.187980 26.135576 30.381129 30.213386 36.484028 27.530023 25.788738 42.935444 25.391315 29.375976 27.215302 33.290067 29.324217 32.079077 25.925020 34.833811 29.526239 30.179046 28.736780 27.176919 29.599538 29.561630 24.455758 28.190798 33.281105 25.380794 25.398796 26.766108 42.667026 28.953879 42.337430 24.836377 
32.868955 31.668707 42.939301 28.608225 30.552262 28.102952 41.624613 29.429502 29.103623 26.285615 37.826828 25.864268 25.448898 26.622287 34.546888 32.884414 28.092116 39.960968 33.876578 28.844802 28.413380 29.416056 30.456776 28.264958 35.828074 
29.222564 40.674159 28.574875 27.812920 42.968896 28.869071 34.168370 24.452665 32.789869 38.407048 24.848182 29.103152 31.845616 26.205739 32.578677 36.124998 34.251277 29.372876 39.798777 34.161472 29.880235 27.643540 29.188085 
42.624238 33.329568 30.352021 24.446489 26.840902 40.569135 40.224416 38.808368 34.595846 27.216271 24.632819 23.753208 33.280937 28.194567 26.032450 28.437855 29.238303 24.345073 
28.010697 27.972586 28.749953 28.635204 28.460665 29.124790 30.179197 40.472059 36.466546 30.003521 26.385989 28.181244 27.799283 42.996700 38.131590 38.996705 43.004719 27.249522 26.186479 25.865273 41.971834 29.085804 23.922388 29.051817 24.022525 30.300875 33.110421 29.157214 39.313573 29.322071 39.803096 39.450746 28.819377 
30.761409 30.070839 41.104229 26.830010 28.692906 30.694061 36.487253 25.600154 26.506118 42.538981 32.219685 37.458771 23.892092 29.179876 30.456274 30.650760 30.588862 28.640646 30.353930 24.589162 28.351451 40.533922 27.605687 
27.790130 27.112093 37.583359 32.492482 28.686497 27.980134 37.121265 25.705913 25.344518 27.497830 23.962396 28.053518 
33.536199 29.949036 31.882977 40.286912 28.710359 28.630280 29.881667 41.086200 36.388101 36.698130 29.608705 40.822786 32.265647 30.601121 35.500015 31.783404 35.758453 30.749591 29.678177 25.424732 25.339546 30.749817 29.117103 33.369652 28.840476 39.300318 40.189914 40.171634 24.272665 25.563481 39.154771 29.530995 
31.544028 26.177819 41.254499 29.682881 30.632910 40.606469 
26.873946 27.039611 29.061682 29.690755 43.284901 27.024171 28.532887 39.471405 27.806199 37.544599 30.509748 32.399954 34.341412 26.764382 29.610414 29.005582 
35.559604 27.097055 28.361166 24.171812 38.526499 31.932718 43.224641 24.028392 26.228272 28.652900 27.237478 27.564162 29.099771 25.797862 35.714256 27.974728 40.960606 28.328703 29.469747 
32.200648 23.846251 24.884072 38.863492 35.982640 28.391338 40.150456 29.679018 38.754267 30.202492 27.865724 29.496490 27.885979 36.598779 27.821950 29.513471 38.722377 39.643145 30.744011 
27.598169 26.077156 28.050383 28.912535 28.222474 39.017028 35.812190 33.747678 26.124865 
30.153385 29.956527 27.216123 32.824917 26.074956 42.438948 27.145324 40.456570 26.512375 37.008831 32.612974 39.770188 26.779712 26.485834 28.945694 30.679610 39.874226 
40.065056 25.553328 29.378115 29.355973 35.366240 37.999266 38.043092 26.475497 26.577246 39.269183 37.861643 36.475770 27.247486 32.205909 28.941418 
30.299381 43.772890 35.980869 27.879080 26.955556 43.076851 38.451373 32.914792 29.883035 27.122987 25.389159 29.967613 26.364776 35.787400 29.563853 24.493626 32.413716 37.576868 28.805945 30.065613 40.995889 28.425614 32.742770 42.706979 28.883466 27.294576 28.687758 
38.614296 42.881417 28.475252 27.550326 29.950084 27.639477 29.328548 27.316035 40.744683 40.906744 30.177361 35.707982 36.766646 42.637174 28.293388 29.559696 23.876942 39.171842 31.057893 35.702389 37.670525 39.289696 
28.490960 42.690143 25.057171 31.455872 24.865251 34.712267 28.665522 28.529318 41.302867 26.668197 29.834928 27.972495 29.925742 28.632666 28.971330 29.966172 34.635912 27.933148 34.127051 28.826118 24.635952 38.799558 39.306337 42.815643 29.077940 30.492072 30.490339 
44.401681 25.314478 29.235490 41.101709 32.451582 38.845635 30.457723 37.700107 39.645982 27.750999 25.256911 32.402753 23.690376 26.223650 28.175231 30.303162 40.890559 26.868074 
41.482935 40.279121 39.257329 25.237927 30.569272 27.109575 33.254978 24.431082 32.635488 
38.189844 36.354962 28.105906 40.338855 33.455210 30.750046 33.347939 42.445778 24.531185 38.639891 
37.728113 27.885056 43.755009 27.034538 33.571430 30.719190 29.973157 33.173872 27.122293 29.114085 40.830864 32.822250 27.794478 38.386699 30.420694 
30.049196 28.639092 30.438536 29.007489 28.106274 28.594347 29.461821 43.018537 27.455485 38.259391 44.132173 34.534526 29.398127 24.799838 24.050951 24.287716 26.643235 38.429938 40.854332 42.605699 30.627681 24.404639 29.782166 
29.189051 40.986508 30.111781 30.049171 39.735347 39.609724 39.373048 26.386991 28.158801 29.544048 27.826525 29.680402 30.913332 26.093770 31.721548 25.001748 24.460232 29.164661 
29.091933 27.248603 25.190562 31.244107 40.289555 32.891835 27.814007 39.478319 28.277280 29.333391 42.460109 30.100523 26.796788 
28.659451 33.106742 33.360170 29.481916 35.062240 26.398154 27.558517 29.577831 24.311686 29.421913 24.671885 
43.018531 32.401017 26.919157 30.402623 38.830103 31.415314 23.894564 28.614879 41.707112 29.444445 39.339050 40.815728 30.733471 36.355471 29.308970 30.227118 29.000340 28.080160 28.865298 
29.998700 41.712529 26.327951 43.699330 36.522809 41.460752 34.879030 30.010652 34.815488 29.836105 32.381433 28.615460 28.584103 25.137828 31.580398 40.284292 
29.549470 36.270066 28.280316 34.116982 28.027754 42.921812 25.777853 33.902868 27.237883 26.097511 28.891174 32.860265 29.731626 26.341867 27.651366 29.697567 28.517370 42.685615 25.136963 29.751619 
37.568202 30.633599 28.482978 39.302480 39.328166 27.196010 32.328535 27.569579 39.667865 37.421926 30.753016 29.131719 30.754079 27.501396 29.529379 26.594644 29.141109 28.692959 28.952823 27.527973 26.798286 
30.739070 34.093337 27.829195 38.980066 37.859675 29.117206 30.742544 42.584976 29.671630 28.564077 26.705643 
26.154475 44.018054 40.256059 37.533194 24.156503 28.079796 42.255825 32.534168 25.062542 28.400572 24.009437 42.014476 27.125769 28.145086 41.438701 29.469150 23.601225 34.196406 28.875737 28.830619 
41.214829 28.298245 28.798358 43.104698 29.733147 25.769187 31.349137 39.494723 27.442173 27.263326 29.402914 
29.161271 25.141930 38.624685 42.243858 36.466886 27.067482 43.115649 34.347858 35.710291 29.921447 28.740445 38.464720 28.435224 41.310309 25.881889 25.012859 28.530561 30.867817 41.262978 23.911020 27.862412 32.366959 
27.861693 28.790055 30.388205 29.831590 38.527003 28.253849 29.961188 40.784236 39.684628 28.824606 30.526449 30.341292 32.589179 33.735466 25.411391 28.577590 29.366073 30.537146 29.490781 28.759387 
30.423290 26.433602 31.371282 43.875382 38.312157 27.857367 38.983552 30.093654 36.263453 29.357962 25.402475 33.916395 28.990831 24.656473 26.180598 27.260068 26.195748 29.489927 
43.305178 29.787353 30.118483 26.779309 29.386316 33.503333 29.446581 36.514767 26.955906 32.809073 36.158216 26.220683 27.841830 29.178450 23.964419 39.482863 36.308009 27.136024 
29.735050 41.695760 29.531623 32.852087 29.551808 40.125978 29.552521 40.175662 30.135609 30.601409 25.849595 32.591737 
33.586309 27.421671 28.792759 37.155037 28.606907 25.668842 42.409668 23.871908 41.355832 28.079534 32.212326 33.648528 29.611364 25.595462 29.342422 
29.204449 30.374819 28.218387 40.689152 27.187094 40.378747 27.734127 33.547915 35.758519 29.631649 41.310199 32.685677 33.266173 
24.062503 36.402976 30.248979 25.157178 40.977485 28.543475 28.953114 28.941133 35.932475 40.855206 31.919245 34.265789 29.841112 28.598555 32.813274 29.258811 
28.116411 30.590918 28.204864 41.047872 28.419295 33.731857 36.986397 33.875702 40.752475 28.072332 26.378359 35.096172 35.146994 26.258027 26.860055 30.074156 33.427403 40.573388 32.047066 33.647259 29.612226 
28.349901 38.708679 29.434600 37.086275 33.694926 33.825418 28.114873 37.779892 25.321309 37.375780 28.727678 38.747055 
40.118638 39.764529 37.434975 39.040184 33.309791 27.092031 25.158002 30.282185 32.323917 30.845930 27.343208 
35.534327 32.406750 29.691434 24.963490 41.788413 29.710933 27.854336 28.629331 25.726821 
29.418231 29.908820 42.752117 24.590970 42.309038 37.112740 26.015534 
30.411440 25.532330 42.978385 30.317155 32.237341 35.979467 30.270500 25.896766 42.662499 25.467578 
35.311474 28.863899 38.963687 25.605456 24.977771 28.413220 31.548832 29.625471 25.039062 38.675861 27.294139 35.568693 26.202967 29.653458 41.540201 30.501075 24.696821 26.131622 
26.884616 28.422375 40.091808 30.168167 29.451470 29.393279 26.304018 36.520466 23.568386 25.389993 27.412049 24.581910 42.243079 28.243315 23.853300 28.810445 27.898131 28.932299 41.117796 41.281294 33.925073 30.650880 30.282611 35.994297 28.903769 29.585403 28.408403 
35.088282 29.415777 29.914279 26.808663 33.442702 37.779398 41.527418 28.181299 28.229588 27.725206 28.253272 29.571592 40.725084 39.957352 28.797034 33.448827 30.580352 29.838529 30.373003 
29.373145 36.411155 29.323713 29.817526 43.882649 
28.803120 26.635168 34.812672 34.481615 40.265206 42.111046 27.941576 29.263850 29.616009 26.686893 25.187681 29.291509 33.425852 28.983905 28.982933 
28.324050 39.531501 34.121476 28.738672 27.512898 42.155262 28.337795 27.407630 33.009486 37.903684 28.297651 25.000733 26.667467 30.937823 
28.325601 30.813550 29.235013 26.065575 27.260992 42.450630 28.891503 25.271521 26.935746 38.880926 28.742499 40.436378 28.264324 44.245196 24.013714 39.594503 41.546166 30.237380 32.978365 29.600501 27.912190 39.909160 
29.892699 29.320366 42.193055 37.347417 30.604829 37.889033 31.807320 28.658587 33.617418 30.362886 29.365353 41.490386 36.964767 31.123880 29.781830 25.059278 29.411652 34.108111 26.026987 30.205809 38.206343 
33.446562 30.608075 40.010329 36.186540 30.417144 25.649601 25.624838 
32.377622 30.174780 42.667531 26.404957 37.411957 28.899088 28.653177 31.729754 28.043409 36.363056 39.045562 40.799549 28.571094 37.810000 34.197067 39.405466 36.374328 36.946192 
29.452309 36.040361 41.418041 30.302996 30.261362 38.956815 32.324809 34.876074 28.711244 26.439105 28.152391 30.933259 29.576913 28.724667 25.839406 41.202217 30.115851 29.578827 
42.897543 26.611622 28.475619 25.550819 29.045183 38.930591 29.205375 28.942274 28.113436 25.716030 32.241734 32.750651 
29.429205 33.759573 42.009704 30.265064 28.312228 41.918905 43.126811 28.694406 36.605978 23.820907 29.896952 40.391480 31.168577 24.540568 26.213751 40.030805 31.062397 29.535555 23.663241 25.540811 40.215525 39.374158 29.281056 24.166577 30.191337 42.816089 30.155753 25.119530 27.112736 30.553833 27.702582 25.061017 
28.486111 29.406555 35.583841 35.499196 41.602869 37.893990 42.655565 27.964519 29.390487 30.231717 29.605065 30.707163 30.863201 29.721665 26.311228 38.379350 25.406948 27.961822 26.029658 38.494577 25.731789 31.348637 29.625025 41.586818 
38.444578 41.214143 29.683780 34.654226 28.877669 38.504684 34.509077 35.361403 24.249403 
42.739524 27.719595 25.306230 35.239348 24.157627 33.935478 28.106420 27.706375 27.043656 27.360238 41.931996 40.048237 35.058559 26.514216 34.511052 41.508495 32.885558 25.938436 28.314345 30.830910 29.338354 
27.393898 28.566448 28.958634 40.439074 29.750967 28.240033 33.586288 30.378102 40.078101 38.790299 30.756540 35.788203 32.633146 37.159018 30.147684 30.083837 37.794778 29.260537 29.220117 40.597855 31.804526 39.728624 37.857669 24.398026 37.936349 27.934959 34.393814 30.409786 27.866563 41.130383 40.271758 29.247895 
38.339816 28.365770 42.586175 29.311175 26.976364 29.123555 35.201489 29.659468 42.487231 38.295458 40.895892 28.551071 28.393732 42.616354 33.850610 26.632673 29.385470 27.966915 25.010133 42.534637 
39.598654 27.698102 26.613397 29.162314 29.615247 40.333155 39.411926 25.018778 28.890283 28.911340 33.699106 27.895047 24.970811 30.954499 40.328207 30.788673 30.134706 24.692213 34.508875 39.808910 
29.051724 29.319830 29.208195 39.304395 29.450787 41.986015 28.840200 32.583823 25.587216 43.836553 27.682747 25.672371 25.074674 
28.100186 43.056887 38.520424 41.656405 26.004510 27.600084 38.942386 27.175624 30.573243 29.590799 30.168792 33.107559 41.741436 30.033475 26.380469 30.648410 27.896590 26.725840 33.785866 27.512713 
24.295955 27.796391 42.607771 27.070720 39.243060 43.842353 27.585157 41.013673 29.505155 27.219563 30.027322 30.916866 28.865364 24.120130 40.453643 25.180015 28.103349 28.154513 
