 -96.541705   19.758775
 -95.435857   19.758775
 -94.330010   19.758775
 -93.224162   19.758775
 -92.118314   19.758775
 -91.012466   19.758775
 -89.906619   19.758775
 -88.800771   19.758775
 -87.694923   19.758775
 -86.589076   19.758775
 -85.483228   19.758775
 -84.377380   19.758775
 -83.271532   19.758775
 -82.165685   19.758775
 -81.059837   19.758775
 -79.953989   19.758775
 -78.848142   19.758775
 -97.094629   20.883997
 -95.988781   20.883997
 -94.882933   20.883997
 -93.777086   20.883997
 -92.671238   20.883997
 -91.565390   20.883997
 -90.459543   20.883997
 -89.353695   20.883997
 -88.247847   20.883997
 -87.141999   20.883997
 -86.036152   20.883997
 -84.930304   20.883997
 -83.824456   20.883997
 -82.718609   20.883997
 -81.612761   20.883997
 -80.506913   20.883997
 -79.401065   20.883997
 -78.295218   20.883997
 -97.647553   22.009219
 -96.541705   22.009219
 -95.435857   22.009219
 -94.330010   22.009219
 -93.224162   22.009219
 -92.118314   22.009219
 -91.012466   22.009219
 -89.906619   22.009219
 -88.800771   22.009219
 -87.694923   22.009219
 -86.589076   22.009219
 -85.483228   22.009219
 -84.377380   22.009219
 -83.271532   22.009219
 -82.165685   22.009219
 -81.059837   22.009219
 -79.953989   22.009219
 -78.848142   22.009219
 -77.742294   22.009219
 -76.636446   22.009219
 -98.200477   23.134441
 -97.094629   23.134441
 -95.988781   23.134441
 -94.882933   23.134441
 -93.777086   23.134441
 -92.671238   23.134441
 -91.565390   23.134441
 -90.459543   23.134441
 -89.353695   23.134441
 -88.247847   23.134441
 -87.141999   23.134441
 -86.036152   23.134441
 -84.930304   23.134441
 -83.824456   23.134441
 -82.718609   23.134441
 -81.612761   23.134441
 -80.506913   23.134441
 -79.401065   23.134441
 -78.295218   23.134441
 -77.189370   23.134441
 -76.083522   23.134441
 -99.859248   24.259663
 -98.753400   24.259663
 -97.647553   24.259663
 -96.541705   24.259663
 -95.435857   24.259663
 -94.330010   24.259663
 -93.224162   24.259663
 -92.118314   24.259663
 -91.012466   24.259663
 -89.906619   24.259663
 -88.800771   24.259663
 -87.694923   24.259663
 -86.589076   24.259663
 -85.483228   24.259663
 -84.377380   24.259663
 -83.271532   24.259663
 -82.165685   24.259663
 -81.059837   24.259663
 -79.953989   24.259663
 -78.848142   24.259663
 -77.742294   24.259663
 -76.636446   24.259663
 -75.530598   24.259663
-100.412172   25.384885
 -99.306324   25.384885
 -98.200477   25.384885
 -97.094629   25.384885
 -95.988781   25.384885
 -94.882933   25.384885
 -93.777086   25.384885
 -92.671238   25.384885
 -91.565390   25.384885
 -90.459543   25.384885
 -89.353695   25.384885
 -88.247847   25.384885
 -87.141999   25.384885
 -86.036152   25.384885
 -84.930304   25.384885
 -83.824456   25.384885
 -82.718609   25.384885
 -81.612761   25.384885
 -80.506913   25.384885
 -79.401065   25.384885
 -78.295218   25.384885
 -77.189370   25.384885
 -76.083522   25.384885
 -74.977675   25.384885
 -73.871827   25.384885
 -99.859248   26.510106
 -98.753400   26.510106
 -97.647553   26.510106
 -96.541705   26.510106
 -95.435857   26.510106
 -94.330010   26.510106
 -93.224162   26.510106
 -92.118314   26.510106
 -91.012466   26.510106
 -89.906619   26.510106
 -88.800771   26.510106
 -87.694923   26.510106
 -86.589076   26.510106
 -85.483228   26.510106
 -84.377380   26.510106
 -83.271532   26.510106
 -82.165685   26.510106
 -81.059837   26.510106
 -79.953989   26.510106
 -78.848142   26.510106
 -77.742294   26.510106
 -76.636446   26.510106
 -75.530598   26.510106
 -74.424751   26.510106
 -73.318903   26.510106
-100.412172   27.635328
 -99.306324   27.635328
 -98.200477   27.635328
 -97.094629   27.635328
 -95.988781   27.635328
 -94.882933   27.635328
 -93.777086   27.635328
 -92.671238   27.635328
 -91.565390   27.635328
 -90.459543   27.635328
 -89.353695   27.635328
 -88.247847   27.635328
 -87.141999   27.635328
 -86.036152   27.635328
 -84.930304   27.635328
 -83.824456   27.635328
 -82.718609   27.635328
 -81.612761   27.635328
 -80.506913   27.635328
 -79.401065   27.635328
 -78.295218   27.635328
 -77.189370   27.635328
 -76.083522   27.635328
 -74.977675   27.635328
 -73.871827   27.635328
 -72.765979   27.635328
 -99.859248   28.760550
 -98.753400   28.760550
 -97.647553   28.760550
 -96.541705   28.760550
 -95.435857   28.760550
 -94.330010   28.760550
 -93.224162   28.760550
 -92.118314   28.760550
 -91.012466   28.760550
 -89.906619   28.760550
 -88.800771   28.760550
 -87.694923   28.760550
 -86.589076   28.760550
 -85.483228   28.760550
 -84.377380   28.760550
 -83.271532   28.760550
 -82.165685   28.760550
 -81.059837   28.760550
 -79.953989   28.760550
 -78.848142   28.760550
 -77.742294   28.760550
 -76.636446   28.760550
 -75.530598   28.760550
 -74.424751   28.760550
 -73.318903   28.760550
 -72.213055   28.760550
 -71.107208   28.760550
 -99.306324   29.885772
 -98.200477   29.885772
 -97.094629   29.885772
 -95.988781   29.885772
 -94.882933   29.885772
 -93.777086   29.885772
 -92.671238   29.885772
 -91.565390   29.885772
 -90.459543   29.885772
 -89.353695   29.885772
 -88.247847   29.885772
 -87.141999   29.885772
 -86.036152   29.885772
 -84.930304   29.885772
 -83.824456   29.885772
 -82.718609   29.885772
 -81.612761   29.885772
 -80.506913   29.885772
 -79.401065   29.885772
 -78.295218   29.885772
 -77.189370   29.885772
 -76.083522   29.885772
 -74.977675   29.885772
 -73.871827   29.885772
 -72.765979   29.885772
 -71.660131   29.885772
 -70.554284   29.885772
 -98.753400   31.010994
 -97.647553   31.010994
 -96.541705   31.010994
 -95.435857   31.010994
 -94.330010   31.010994
 -93.224162   31.010994
 -92.118314   31.010994
 -91.012466   31.010994
 -89.906619   31.010994
 -88.800771   31.010994
 -87.694923   31.010994
 -86.589076   31.010994
 -85.483228   31.010994
 -84.377380   31.010994
 -83.271532   31.010994
 -82.165685   31.010994
 -81.059837   31.010994
 -79.953989   31.010994
 -78.848142   31.010994
 -77.742294   31.010994
 -76.636446   31.010994
 -75.530598   31.010994
 -74.424751   31.010994
 -73.318903   31.010994
 -72.213055   31.010994
 -71.107208   31.010994
 -70.001360   31.010994
 -98.200477   32.136216
 -97.094629   32.136216
 -95.988781   32.136216
 -94.882933   32.136216
 -93.777086   32.136216
 -92.671238   32.136216
 -91.565390   32.136216
 -90.459543   32.136216
 -89.353695   32.136216
 -88.247847   32.136216
 -87.141999   32.136216
 -86.036152   32.136216
 -84.930304   32.136216
 -83.824456   32.136216
 -82.718609   32.136216
 -81.612761   32.136216
 -80.506913   32.136216
 -79.401065   32.136216
 -78.295218   32.136216
 -77.189370   32.136216
 -76.083522   32.136216
 -74.977675   32.136216
 -73.871827   32.136216
 -72.765979   32.136216
 -71.660131   32.136216
 -70.554284   32.136216
 -69.448436   32.136216
 -95.435857   33.261438
 -94.330010   33.261438
 -93.224162   33.261438
 -92.118314   33.261438
 -91.012466   33.261438
 -89.906619   33.261438
 -88.800771   33.261438
 -87.694923   33.261438
 -86.589076   33.261438
 -85.483228   33.261438
 -84.377380   33.261438
 -83.271532   33.261438
 -82.165685   33.261438
 -81.059837   33.261438
 -79.953989   33.261438
 -78.848142   33.261438
 -77.742294   33.261438
 -76.636446   33.261438
 -75.530598   33.261438
 -74.424751   33.261438
 -73.318903   33.261438
 -72.213055   33.261438
 -71.107208   33.261438
 -70.001360   33.261438
 -68.895512   33.261438
 -92.671238   34.386660
 -91.565390   34.386660
 -90.459543   34.386660
 -89.353695   34.386660
 -88.247847   34.386660
 -87.141999   34.386660
 -86.036152   34.386660
 -84.930304   34.386660
 -83.824456   34.386660
 -82.718609   34.386660
 -81.612761   34.386660
 -80.506913   34.386660
 -79.401065   34.386660
 -78.295218   34.386660
 -77.189370   34.386660
 -76.083522   34.386660
 -74.977675   34.386660
 -73.871827   34.386660
 -72.765979   34.386660
 -71.660131   34.386660
 -70.554284   34.386660
 -69.448436   34.386660
 -68.342588   34.386660
 -89.906619   35.511881
 -88.800771   35.511881
 -87.694923   35.511881
 -86.589076   35.511881
 -85.483228   35.511881
 -84.377380   35.511881
 -83.271532   35.511881
 -82.165685   35.511881
 -81.059837   35.511881
 -79.953989   35.511881
 -78.848142   35.511881
 -77.742294   35.511881
 -76.636446   35.511881
 -75.530598   35.511881
 -74.424751   35.511881
 -73.318903   35.511881
 -72.213055   35.511881
 -71.107208   35.511881
 -70.001360   35.511881
 -68.895512   35.511881
 -67.789664   35.511881
 -88.247847   36.637103
 -87.141999   36.637103
 -86.036152   36.637103
 -84.930304   36.637103
 -83.824456   36.637103
 -82.718609   36.637103
 -81.612761   36.637103
 -80.506913   36.637103
 -79.401065   36.637103
 -78.295218   36.637103
 -77.189370   36.637103
 -76.083522   36.637103
 -74.977675   36.637103
 -73.871827   36.637103
 -72.765979   36.637103
 -71.660131   36.637103
 -70.554284   36.637103
 -69.448436   36.637103
 -68.342588   36.637103
 -67.236741   36.637103
 -85.483228   37.762325
 -84.377380   37.762325
 -83.271532   37.762325
 -82.165685   37.762325
 -81.059837   37.762325
 -79.953989   37.762325
 -78.848142   37.762325
 -77.742294   37.762325
 -76.636446   37.762325
 -75.530598   37.762325
 -74.424751   37.762325
 -73.318903   37.762325
 -72.213055   37.762325
 -71.107208   37.762325
 -70.001360   37.762325
 -68.895512   37.762325
 -67.789664   37.762325
 -66.683817   37.762325
 -83.824456   38.887547
 -82.718609   38.887547
 -81.612761   38.887547
 -80.506913   38.887547
 -79.401065   38.887547
 -78.295218   38.887547
 -77.189370   38.887547
 -76.083522   38.887547
 -74.977675   38.887547
 -73.871827   38.887547
 -72.765979   38.887547
 -71.660131   38.887547
 -70.554284   38.887547
 -69.448436   38.887547
 -68.342588   38.887547
 -67.236741   38.887547
 -66.130893   38.887547
 -82.165685   40.012769
 -81.059837   40.012769
 -79.953989   40.012769
 -78.848142   40.012769
 -77.742294   40.012769
 -76.636446   40.012769
 -75.530598   40.012769
 -74.424751   40.012769
 -73.318903   40.012769
 -72.213055   40.012769
 -71.107208   40.012769
 -70.001360   40.012769
 -68.895512   40.012769
 -67.789664   40.012769
 -66.683817   40.012769
 -65.577969   40.012769
 -80.506913   41.137991
 -79.401065   41.137991
 -78.295218   41.137991
 -77.189370   41.137991
 -76.083522   41.137991
 -74.977675   41.137991
 -73.871827   41.137991
 -72.765979   41.137991
 -71.660131   41.137991
 -70.554284   41.137991
 -69.448436   41.137991
 -68.342588   41.137991
 -67.236741   41.137991
 -66.130893   41.137991
 -65.025045   41.137991
 -78.848142   42.263213
 -77.742294   42.263213
 -76.636446   42.263213
 -75.530598   42.263213
 -74.424751   42.263213
 -73.318903   42.263213
 -72.213055   42.263213
 -71.107208   42.263213
 -70.001360   42.263213
 -68.895512   42.263213
 -67.789664   42.263213
 -66.683817   42.263213
 -65.577969   42.263213
 -64.472121   42.263213
 -77.189370   43.388434
 -76.083522   43.388434
 -74.977675   43.388434
 -73.871827   43.388434
 -72.765979   43.388434
 -71.660131   43.388434
 -70.554284   43.388434
 -69.448436   43.388434
 -68.342588   43.388434
 -67.236741   43.388434
 -66.130893   43.388434
 -65.025045   43.388434
 -74.424751   44.513656
 -73.318903   44.513656
 -72.213055   44.513656
 -71.107208   44.513656
 -70.001360   44.513656
 -68.895512   44.513656
 -67.789664   44.513656
 -66.683817   44.513656
