0.210202 1.418348
0.348337 1.997709
0.515851 1.438390
0.411360 2.421911
0.598935 2.870606
0.469978 0.978313
0.354111 2.559712
0.636941 3.186319
0.799307 2.837372
0.699328 2.083928
0.609499 1.876371
0.635163 3.522415
0.477004 2.353975
0.484113 1.431124
0.692894 2.184570
0.642370 3.980755
0.396960 2.426283
0.394597 1.870907
0.614120 1.514226
0.260940 3.132632
0.378701 1.191752
0.606347 2.607765
0.365205 1.564394
0.618540 3.923392
0.587985 2.032119
0.694928 3.533254
0.425304 2.494685
0.731096 1.319815
0.344950 1.540260
0.380219 1.519704
0.372112 2.752481
0.486452 3.424646
0.647903 0.904245
0.642906 1.318971
0.482957 1.756213
0.333478 2.006292
0.457290 1.897473
0.351997 3.254824
0.408846 2.536641
0.639930 1.216115
0.521844 0.985765
0.541432 1.014976
0.573029 2.262880
0.196390 2.361281
0.346860 1.639499
0.401638 2.286649
0.433739 1.805887
0.360596 2.186892
0.130128 1.823316
0.366250 4.034805
0.527639 4.004539
0.496934 3.167364
0.430461 1.750055
0.437432 1.506157
0.559649 1.042308
0.388464 2.027656
0.565873 2.483216
0.526567 2.130455
0.444190 1.190723
0.592440 4.183775
0.241820 3.057807
0.269091 1.658748
0.415635 2.331602
0.534151 1.722834
0.552450 2.082106
0.711676 1.819421
0.404454 2.290344
0.625687 3.151936
0.017612 2.321574
0.191976 1.657588
0.257776 2.173827
0.587851 1.721734
0.678250 2.001426
0.477216 2.682927
0.621107 1.941024
0.343011 1.408792
0.597063 1.905190
0.669856 4.699723
0.675553 1.843010
0.564008 3.301716
0.314513 1.599577
0.457483 1.552239
0.638054 1.686266
0.488449 1.320800
0.483783 2.617661
0.756841 2.321087
0.435439 1.358731
0.526617 1.551402
0.654603 2.404397
0.809354 1.201020
0.454773 2.243140
0.721029 1.666934
0.623554 2.869448
0.577064 2.403278
0.550241 1.523512
0.458600 1.140567
0.555485 3.068327
0.622532 3.861509
0.548102 1.041392
0.600574 1.803703
