-94.236681 -81.008657 -75.306737 -83.474767 -72.585213 -72.317253 -93.587734 -94.184521 -96.733548 -68.377376 -82.821767 -77.429151 -84.378011 -75.181389 -79.989507 
-94.145578 -75.729565 -74.032282 -80.063168 -99.043581 -80.607345 -93.302492 -94.379936 -77.258055 -72.848046 -69.121132 -67.123159 -94.160937 -71.588184 -78.909056 -81.769301 -99.184575 -79.573625 -67.638784 -93.880484 
-94.713282 -77.139153 -74.335579 -81.428304 -79.422090 -81.081907 -80.836078 -94.357591 -76.786544 -71.680109 -94.611958 -67.548590 -72.360542 
-94.745174 -80.696504 -73.763084 -86.982155 -95.557133 -79.287938 -81.983153 -94.880612 -75.741303 -70.732653 -93.832002 -68.536905 -98.586473 -78.674677 -79.994285 -96.113050 -83.225571 -96.839382 -74.462892 
-95.533214 -79.996190 -74.170058 -82.251866 -66.683903 -75.606362 -93.726894 -96.073617 -75.462968 -70.554726 
-94.940718 -83.556465 -74.856065 -84.057093 -87.104899 -92.300801 -67.249877 -95.169297 -77.137260 -70.475486 -82.106534 -79.575833 -93.771189 -68.150011 -88.241033 
-95.069851 -82.298995 -74.973912 -83.377168 -91.993279 -88.137083 -93.224024 -98.212180 -76.992503 -70.344951 -84.759805 -78.912474 -94.758895 -69.068917 -88.962881 -84.571021 
-94.906800 -77.810529 -75.104707 -74.387943 -77.952497 -94.738400 -93.192263 -68.305139 -76.833939 -71.773634 -84.501122 -67.509268 -86.823844 -95.917503 
-95.288657 -76.883542 -75.385411 -81.920660 -78.460647 -94.400459 -95.023962 -69.117599 -75.714323 -73.113110 -83.596143 -86.379331 
-93.895770 -76.406110 -75.110413 -93.225659 -87.256052 -97.498863 -92.539361 -68.781152 -75.714323 -71.723864 -87.108806 -82.996812 -91.174866 -79.755673 -83.097120 -92.778232 -86.378477 
-90.990888 -77.289981 -73.009616 -85.050588 -98.165707 -90.648345 -91.729786 -68.272624 -74.191399 -71.566289 -99.930491 -83.730455 -73.666789 -87.285704 -87.399702 -93.462797 -75.100140 -66.993865 
-88.976624 -81.829927 -73.300966 -92.332815 -93.697986 -82.111955 -93.887822 -81.324311 -74.780910 -71.373074 -67.939224 -89.486407 -77.717668 -65.695789 -88.958365 -66.212964 
-92.659527 -68.619239 -73.486754 -88.855259 -93.236965 -92.212250 -79.852697 -93.158809 -76.935901 -70.645944 -97.079446 -80.100626 -76.977124 -80.931329 -89.943385 -100.330110 -93.407238 
-92.895655 -67.669734 -73.875684 -81.079405 -79.227026 -80.173706 -79.124872 -75.428919 -77.309256 -71.692189 -94.367525 -68.347531 -90.580309 -76.438419 -92.070838 -66.114116 -95.486720 -92.380879 -79.747400 -95.006292 
-92.885114 -67.837617 -73.444750 -91.073865 -91.252417 -82.196809 -82.403587 -79.587693 -75.893374 -70.189990 -84.235440 -76.977984 -87.654023 -87.670440 
-93.417444 -67.787349 -73.419446 -91.114254 -92.199953 -69.501692 -82.857030 -71.771263 -77.061939 -82.527175 -80.735386 -83.055003 -70.376208 -83.936002 
-92.944263 -67.966529 -73.670780 -90.345998 -91.170598 -76.574815 -84.631726 -71.034370 -76.723611 -80.383547 -82.490735 -81.561660 -79.404003 -81.800694 -88.331442 -71.259412 -80.326536 -81.468551 -66.725884 -80.666215 -92.738261 
-72.430220 -69.507002 -74.360952 -90.060291 -90.339559 -80.384992 -91.329515 -70.838762 -76.668657 -76.493394 -85.470643 -80.052570 -78.296681 -78.169387 
-75.038163 -89.702233 -74.819802 -89.944912 -90.350713 -79.642376 -91.129842 -74.333719 -75.457013 -77.543854 -76.096789 -84.252877 -77.814125 -87.191982 -69.770694 -74.615512 -77.103006 
-68.818022 -76.639011 -74.158982 -89.667906 -90.075569 -86.512042 -90.619152 -80.068179 -76.245914 -83.881309 -79.143048 -88.735080 -70.840840 -71.268897 -79.494930 -86.907320 -82.394119 -78.675042 -74.744471 -67.125278 -89.464588 -80.642464 
-76.350282 -83.069374 -72.702992 -88.972715 -89.571772 -67.991917 -73.095238 -81.188875 -76.670503 -82.478157 -71.334545 -89.897107 -82.267347 -77.157312 -76.679473 -78.214554 -77.187236 
-79.193567 -77.628363 -74.237998 -87.711211 -89.261953 -67.678671 -84.934413 -78.584312 -77.159535 -90.215308 -72.324939 -81.038644 -77.887345 -79.401102 
-79.822897 -77.639603 -74.184906 -81.428912 -89.064044 -67.948940 -70.239391 -87.830874 -76.305586 -89.233643 -90.884688 -84.981913 -71.343590 -71.048307 
-83.454855 -87.123029 -74.068247 -82.301076 -88.505704 -68.630655 -70.780421 -78.290567 -77.552587 -89.193867 -87.800069 -71.691828 -67.288428 -85.478760 -86.527137 -66.808285 
-80.395082 -87.493935 -73.534523 -86.443903 -89.097705 -67.591543 -71.225485 -78.352799 -77.135467 -90.365774 -78.019796 -81.400890 -73.265790 -89.098021 -85.142996 -82.742656 -85.116119 -85.955128 
-76.344048 -87.126472 -73.663793 -81.740488 -89.205501 -66.175988 -73.155629 -84.909662 -75.994455 -90.124692 -79.470265 -82.987952 -82.026363 -74.699507 -86.154740 -78.048851 
-72.863410 -87.593855 -74.647855 -82.898168 -88.983570 -67.942146 -87.054474 -77.834696 -76.715481 -90.865450 -75.534092 -70.242963 
-74.043800 -66.678312 -74.497962 -79.267117 -89.003418 -75.499254 -79.987722 -72.729824 -77.728186 -89.047973 -78.422279 -89.532887 -86.161051 
-71.605406 -67.254626 -73.528256 -81.720586 -88.968030 -76.981447 -78.404632 -88.870764 -76.169402 -77.453456 -68.141971 -82.849853 -80.898398 -87.150688 -71.478168 -89.142508 -66.267254 -83.736627 -80.236964 -80.780080 -82.349836 -84.820049 -87.673619 
-70.589088 -80.465547 -73.773896 -69.435114 -89.293308 -88.737890 -85.960975 -80.730772 -89.230306 -76.262689 -84.633203 -87.689338 -83.072949 -85.938591 -85.697539 -79.977872 
-71.704210 -82.327997 -73.347581 -69.226397 -89.485500 -88.608508 -83.323743 -74.956423 -90.701348 -76.858604 -78.079231 -82.758019 -80.726459 -78.656936 -80.024034 -89.526322 
-71.596938 -78.587414 -73.745031 -68.913995 -89.555622 -89.121577 -68.366914 -76.826571 -90.454381 -77.826591 -79.731076 -77.337826 -90.764778 -76.102218 -65.917448 -71.084290 
-72.512695 -81.480635 -74.062506 -69.487601 -88.881966 -88.715251 -82.034572 -80.493527 -90.872514 -76.742573 -84.254998 -72.510296 -81.812161 
-69.963742 -80.210004 -74.860225 -69.111358 -88.607735 -88.531445 -80.381946 -78.829956 -89.875523 -76.986242 -86.353127 -77.823727 -82.022282 -83.457256 -76.172331 -76.311877 -87.095849 
-70.888242 -80.568502 -74.699767 -67.988995 -88.360670 -87.663042 -78.184797 -76.037683 -89.600032 -75.964052 -72.531946 -80.209441 -77.087556 -87.593313 -85.683610 -82.480651 -77.444091 -75.197950 -88.245813 
-73.249628 -76.689383 -74.818682 -67.831500 -87.332042 -87.148275 -81.275377 -86.327037 -88.979482 -75.611405 -76.226222 -74.191329 
-74.107059 -79.331625 -75.048152 -81.638083 -87.747137 -87.070638 -66.093482 -76.333377 -89.446592 -75.292465 -76.698100 -70.377505 -69.861301 -72.810073 -79.242728 -72.523160 
-72.734287 -69.727260 -75.048152 -66.711433 -87.676900 -86.721739 -71.099073 -76.457911 -89.277304 -75.609429 -71.375722 -81.491597 -66.386152 -85.607454 -85.212436 -66.975318 
-79.254581 -73.983434 -74.182901 -72.195696 -88.024432 -87.156600 -74.028398 -79.536741 -89.430165 -74.593887 -66.338937 -67.571474 -70.326643 -81.443418 -70.910080 -78.252466 -78.140801 
-77.823805 -70.468001 -74.100943 -77.181272 -87.839062 -87.386813 -67.441766 -74.489636 -88.147684 -74.641718 -67.533946 -69.964899 -76.186298 
-80.872005 -76.672761 -74.995243 -77.842085 -87.393270 -87.201341 -68.052416 -76.784249 -89.347345 -76.521620 -79.243214 -79.470573 -79.315125 -72.379994 -74.672399 -84.949598 -84.358536 
-74.824349 -67.237033 -74.565119 -68.199425 -87.392549 -87.523765 -76.250544 -75.985002 -87.913817 -76.372345 -78.237439 -72.005283 -72.384181 
-81.473928 -68.295371 -74.986671 -66.982743 -87.271366 -87.039908 -74.660680 -70.335474 -87.590986 -75.720748 -80.313395 -80.007364 -84.330604 -68.608364 -87.669918 
-79.428111 -81.931852 -74.716444 -87.879886 -87.532315 -73.500899 -82.948271 -69.113843 -87.758566 -76.853435 -74.591478 -74.541239 -68.432299 -68.206000 -68.282494 
-67.697132 -68.987200 -72.364699 -87.765578 -87.399264 -81.725737 -77.918995 -80.984735 -88.210741 -76.651523 -71.392469 -82.061945 -77.721952 -70.944805 -76.833737 -70.745349 -67.388795 
-68.766897 -78.006609 -74.304710 -87.368231 -87.290306 -78.689669 -77.199272 -70.745915 -88.234976 -76.339564 -81.410927 -83.429766 -88.637484 -75.385960 -86.858603 -84.030764 
-67.326478 -77.516241 -73.430738 -87.450757 -87.477423 -78.331622 -74.866144 -73.028785 -87.856137 -76.061372 -80.572632 -79.720184 -82.322538 
-67.372774 -79.369389 -74.129765 -87.501474 -87.601816 -71.848337 -86.429900 -72.550423 -87.520744 -75.327865 -74.611237 -78.069473 -81.809303 -76.799826 -75.650543 
-73.181397 -76.845078 -73.385801 -87.933072 -87.774293 -72.960637 -67.978432 -71.944656 -87.775346 -75.761784 -75.330682 -77.814980 -72.654645 -75.885568 -82.007519 -76.889159 -79.333271 
-67.332961 -73.127708 -73.767939 -87.848264 -87.674668 -81.877014 -70.341764 -70.273861 -87.784506 -75.315568 -75.204042 -76.963009 -71.481170 -71.756105 -73.749059 -67.274982 -86.278845 
-72.687768 -80.956589 -74.197204 -87.419805 -87.643513 -73.008491 -67.982844 -76.175594 -88.857270 -75.823581 -76.185357 -85.327817 -68.356285 -80.186058 -80.703484 -68.763504 
-72.901686 -68.274224 -73.885791 -84.717260 -87.823591 -72.572479 -86.956784 -83.088799 -67.200361 -75.703285 -84.774805 -78.000409 -88.277983 -82.868548 -77.069444 -83.376873 -77.188845 -88.234942 -80.271591 -75.040007 -65.850660 
-72.211938 -76.655387 -73.258077 -78.866521 -87.338300 -69.641979 -86.414175 -67.289745 -84.544159 -76.592560 -72.154800 -85.029947 -88.238259 -86.014413 -76.010961 -85.134979 -81.409382 -79.178779 -67.483299 -68.862264 -70.994670 -67.915879 -84.027437 -82.105064 -86.251150 -83.537636 
-72.826360 -72.470946 -73.747514 -79.240994 -86.997901 -68.709289 -86.716516 -78.059989 -67.970449 -75.959726 -83.610646 -78.725053 -88.065826 -83.359621 -84.906158 -84.722474 -76.407718 -71.065010 -78.754087 
-72.730228 -71.178266 -83.431038 -74.260676 -86.876670 -70.696219 -86.380960 -78.067068 -69.120022 -76.123351 -81.070619 -69.834788 -87.736860 -84.872790 -74.478225 -78.767362 -78.490786 -81.357698 -78.035719 -76.046321 -71.635476 -67.637709 -74.180878 
-74.861485 -85.015007 -75.242787 -81.509891 -86.625332 -70.230894 -86.374678 -75.659906 -78.991705 -71.435935 -72.861888 -75.700093 -88.315826 -81.390570 -78.042238 -72.636379 -66.303301 
-74.395073 -66.577743 -74.204361 -86.832473 -86.795377 -72.126679 -86.379396 -74.029555 -73.976317 -82.832651 -73.278104 -75.727751 -89.068830 -86.652925 -78.464910 
-74.573204 -67.741718 -75.488071 -88.029065 -86.823280 -73.049680 -86.079312 -81.384757 -74.979847 -75.886671 -72.883451 -75.785192 -72.734926 -82.612437 -85.048828 -79.537321 -68.030008 
-74.180181 -69.249421 -72.160965 -76.197641 -86.699369 -77.796620 -86.211892 -87.594145 -68.222620 -75.877121 -72.201306 -75.802021 -79.198184 -81.061175 
-73.870147 -83.795104 -77.051240 -76.003303 -86.531539 -78.212715 -85.531222 -87.910673 -86.518585 -67.757609 -72.615831 -72.569677 -72.867795 -67.327693 -77.553124 -83.997022 
-74.333490 -75.625011 -73.217414 -78.193250 -86.501470 -73.456339 -78.069364 -87.174120 -70.223513 -72.128893 -84.836418 -66.161195 -72.956289 
-73.837756 -75.594189 -80.689938 -75.873159 -86.207935 -65.484491 -72.837373 -86.509838 -86.323179 -85.880944 -73.479664 -71.969726 -80.076300 
-73.879462 -76.269548 -73.024256 -74.679519 -85.987425 -66.259500 -72.203138 -86.711401 -85.731352 -77.141969 -74.904136 -79.834361 -80.060840 
-74.400061 -75.200320 -71.418915 -85.891367 -86.284201 -66.643020 -74.257794 -87.060047 -84.229106 -76.673416 -77.287980 -85.481360 -83.024622 -80.286274 
-73.455718 -76.269124 -71.195216 -69.433009 -86.252419 -74.431476 -66.108783 -86.688080 -75.475309 -76.214975 -76.545119 -85.463533 -75.087444 -79.866307 -78.534958 -80.100545 
-72.906988 -85.795647 -71.849101 -66.648931 -86.344625 -75.767057 -84.256012 -87.192305 -76.640117 -73.683433 -78.086889 -76.435272 -76.732966 -79.238076 -82.763580 -77.173341 -81.104631 -77.737840 
-72.901437 -73.840985 -71.547990 -67.258103 -86.509241 -84.960247 -79.437315 -87.515549 -76.935843 -74.072600 -81.926706 -77.799813 -73.961166 -79.670969 -76.996316 
-74.078710 -67.427066 -70.470780 -75.666222 -86.466675 -85.713251 -79.633174 -87.259340 -75.937545 -71.638844 -77.864429 -68.869762 
-73.671900 -75.440742 -76.673902 -72.591317 -86.517201 -86.509823 -67.348649 -86.721503 -75.862489 -73.444776 -78.193367 -69.710006 -75.026356 -66.120636 
-78.034460 -78.422805 -75.349780 -72.440506 -86.779709 -86.618858 -66.891708 -87.014907 -64.767255 -78.973015 -75.311247 -76.046140 -74.229694 -79.861933 -71.147266 -70.190407 -68.980373 
-77.884412 -86.511160 -84.916348 -72.873931 -86.932322 -86.756474 -82.893832 -87.673847 -84.758851 -77.605840 -75.852971 -68.481670 -73.867392 -75.916206 -80.148840 -66.843971 -74.671679 -83.495209 -72.038859 -70.890790 -87.098371 
-68.836182 -75.332033 -79.171067 -83.315272 -87.002633 -86.076178 -82.383786 -88.467895 -72.386038 -73.515475 -76.147464 -78.744624 -75.923424 
-75.743668 -86.023253 -78.310121 -76.229940 -87.655050 -69.558376 -79.585736 -89.437883 -72.763256 -73.625166 -75.673667 -80.126115 -78.310122 -85.734264 -80.483576 -78.046101 
-82.620683 -86.842171 -80.730549 -74.099135 -87.685748 -69.989973 -81.484769 -88.486941 -73.238561 -73.764697 -75.423162 -81.452447 -81.835826 -80.344335 -84.331309 -80.226948 -79.860475 -82.703925 -79.304624 
-79.431785 -86.279299 -80.172221 -78.575141 -87.887797 -68.968421 -88.231113 -84.811636 -73.055853 -74.683386 -75.325980 -86.927183 -75.780413 -76.569547 -79.183059 -76.461783 
-74.658850 -86.848327 -70.831777 -83.944501 -88.110218 -86.000021 -88.367079 -69.445887 -72.743224 -74.285232 -76.391530 -78.557893 -78.226801 -88.196139 -85.944247 
-77.411495 -86.705016 -76.475977 -76.501404 -87.986487 -84.144208 -88.481005 -68.237682 -72.485223 -74.073378 -75.414637 -84.106390 -83.528802 -83.725584 -78.480220 -74.198019 -81.655826 
-79.381288 -82.057530 -78.885331 -76.770860 -87.850300 -68.559305 -89.096645 -68.793364 -73.327675 -73.764593 -75.882366 -86.957154 -86.954852 -81.421273 -81.208178 -81.687834 -67.718720 
-80.998139 -87.145628 -83.999029 -82.641257 -88.362746 -66.994615 -89.616665 -74.335087 -71.962981 -74.081204 -75.666756 -76.225288 -80.111942 -85.788681 
-66.361427 -86.776951 -73.193681 -67.551194 -87.622432 -75.859424 -89.506836 -71.400432 -72.172446 -74.209567 -75.037436 -73.301333 -77.976425 -68.590796 -77.916831 -65.929445 -80.989186 -79.049027 -82.618198 -79.774490 -75.068347 -83.019967 
-69.698406 -87.150040 -72.012696 -72.383501 -87.710237 -68.826716 -88.406791 -76.167440 -73.060440 -83.194930 -75.937224 -85.249453 -78.464396 -85.151283 -73.186956 -82.427795 -70.174122 -75.555220 -80.684577 -68.985371 -84.501253 -84.132191 -75.378192 -82.288318 -84.090107 -73.227366 -76.013521 -75.199940 -82.540323 
-84.324049 -87.194176 -70.901754 -78.830641 -87.760281 -67.545411 -88.227679 -69.816293 -74.191010 -78.993026 -75.255877 -73.683810 -72.507946 -77.662917 -73.937854 -87.009026 -86.552014 
-75.503117 -87.413153 -74.052574 -78.711120 -87.470031 -67.941665 -88.598728 -77.649064 -73.402940 -74.096635 -75.107105 -73.614170 -69.851732 -66.894088 -73.644891 
-76.331203 -87.095015 -85.516601 -77.790592 -87.434479 -65.896980 -78.989939 -76.600742 -89.326519 -73.756123 -75.459484 -72.294992 -69.846323 -71.903451 -86.308164 
-78.278035 -87.361622 -72.316387 -76.910253 -87.718556 -70.251745 -65.975459 -75.859450 -89.213360 -73.331029 -75.520213 -72.991942 -70.693571 -65.406382 -68.567356 -73.671869 
-67.070095 -87.553613 -76.548871 -76.195039 -87.405381 -67.156379 -79.114167 -75.256939 -87.679550 -74.640842 -74.285627 -69.784413 -79.626502 -72.244803 -84.729197 -69.470399 
-67.198804 -87.740242 -70.037400 -75.773910 -87.467411 -67.223017 -71.595309 -75.451915 -87.629973 -74.130324 -72.915628 -81.330947 -76.224330 -81.904898 -79.785586 -76.331682 -78.361325 -75.896412 -86.393578 -65.521781 -80.153035 
-71.194340 -87.297044 -78.151628 -69.639490 -87.493444 -76.453106 -79.142491 -76.303216 -87.733840 -73.652050 -76.767067 -74.778342 -73.448636 -73.211722 -84.882720 -76.069526 -88.502398 -76.417610 -77.643339 -75.338443 
-73.292119 -87.330391 -68.026432 -75.574918 -87.254293 -77.603515 -77.838567 -89.103708 -88.027751 -74.542949 -76.080896 -71.175509 -74.139730 -72.339758 -83.437211 -82.092330 -77.031313 -79.176155 
-79.388767 -87.759186 -70.893698 -89.047176 -87.500663 -77.370649 -78.661333 -88.886788 -88.356192 -74.826563 -75.649789 -78.047117 -81.630705 -72.979233 -84.790801 -83.794482 -72.203412 -74.192450 -87.006392 
-76.492536 -89.086809 -68.935388 -79.795135 -87.382915 -78.324764 -77.692852 -90.073477 -88.224682 -74.547691 -75.871874 -66.877942 -76.689349 -74.067847 -66.657335 -75.451033 -80.783056 -78.172450 -74.302867 -76.896609 -75.686397 -85.598755 -67.771843 
-85.457340 -89.264408 -68.850780 -83.762015 -87.021486 -77.475668 -76.215981 -89.207828 -87.865873 -74.343724 -75.549723 -78.970640 -73.018691 -73.770490 -85.828734 -85.138448 -73.334203 -86.271934 
-76.146560 -87.759008 -85.283760 -72.228447 -87.067845 -65.170482 -67.212608 -89.614158 -88.390312 -73.811068 -75.421575 -80.768456 -73.557859 -85.576763 
-75.379094 -75.881035 -72.873244 -77.273589 -86.830104 -67.644103 -71.526202 -86.966525 -87.852491 -74.334987 -76.341404 -79.712439 -66.881862 -86.309780 
-77.152614 -85.856449 -72.289460 -88.257190 -86.629551 -67.645333 -74.482261 -74.762179 -76.342803 -76.990357 -76.033074 -77.135332 -80.636661 -75.441554 -85.040054 -79.508840 -85.240447 -86.488438 -85.693838 
-78.889120 -86.391643 -84.781436 -88.789712 -86.655420 -81.614754 -69.742485 -74.276596 -68.678345 -77.911237 -76.039260 -71.613390 -75.248351 -76.793870 -81.630481 -80.004893 
-76.346625 -86.766488 -78.903758 -83.066499 -86.940339 -79.345356 -72.536573 -75.298424 -71.915795 -67.686649 -76.323246 -78.877020 -79.229714 -70.819748 -77.645505 -74.791233 -85.564525 -88.737472 
-78.274875 -86.628140 -66.623320 -70.699572 -87.132439 -88.426547 -71.928158 -74.680995 -75.681765 -70.943620 -76.540294 -68.130201 -66.459541 
-77.649994 -81.801109 -72.438067 -75.391623 -86.467869 -68.928955 -75.083432 -75.215864 -69.233859 -69.031043 -76.144394 -70.760020 -76.597252 -87.726637 -86.487677 -74.011738 
-81.387891 -87.502277 -67.158758 -78.277701 -86.562526 -72.104657 -72.873065 -73.420341 -67.228376 -86.847558 -75.965035 -70.675623 -69.474062 
