27.628383 39.115935 43.006315 28.417689 43.209639 27.894906 26.202211 33.174647 32.013074 43.228851 20.001935 42.213370 34.606835 29.801384 22.183484 
29.721845 26.972672 42.699810 32.163716 31.580817 39.837373 25.313075 31.506200 42.080975 42.482548 45.168314 43.012871 21.325495 43.727211 26.075691 20.548468 24.631961 20.271977 44.421749 21.162337 
29.130994 28.588749 42.922663 39.341292 31.860815 35.425890 23.255534 32.771108 42.394044 42.224176 27.434889 41.539045 27.435816 
27.974029 30.002883 42.750624 20.275620 29.275089 22.560396 38.159534 32.371341 42.723678 41.972679 24.991206 41.608236 23.587031 21.225702 26.239523 25.843617 39.053707 21.374279 24.929889 
29.144326 29.642666 42.897136 38.930589 41.543206 24.157793 24.084219 32.285826 42.841186 42.155456 
29.007728 37.952945 42.759675 25.205789 20.180236 23.770839 41.715235 32.707943 42.016538 41.992784 29.397548 23.315449 24.752339 41.671772 20.306602 
29.054244 23.007518 42.856344 39.090045 21.080265 23.622187 33.684813 23.393098 42.264688 42.041966 27.758523 41.473358 26.632946 41.700693 35.523928 24.635996 
28.190154 42.973082 42.817676 43.650973 22.208861 27.129365 33.914141 40.153372 42.306215 42.124340 28.287692 42.973196 21.406676 23.643146 
29.832914 43.298960 42.773648 24.649251 23.029934 24.204303 32.035249 43.231947 42.714981 42.746970 26.742265 22.341612 
28.550746 43.212221 42.825971 26.108516 20.328646 31.098826 33.384953 41.375248 42.714981 42.130720 28.201790 20.656726 22.876834 21.588229 20.520339 22.926926 21.206966 
29.254556 21.674490 42.456355 35.797780 29.106372 26.943896 32.027956 43.613828 42.877636 42.098595 28.645898 30.914877 43.182055 36.563287 20.367924 24.085359 43.685121 39.868426 
31.533674 39.829714 42.494807 25.696718 28.888154 39.606561 31.253398 26.060826 42.729303 41.974002 44.884864 20.830226 20.807132 40.349124 34.638097 39.526425 
30.236080 41.349080 42.034295 27.891738 23.251304 24.821266 23.754390 31.407825 41.430346 41.674097 29.665187 23.374025 21.564721 40.723304 25.987530 26.525111 23.584835 
29.211862 42.389458 41.886775 26.315413 26.688386 39.257846 25.355700 42.235287 40.827643 41.315488 31.936739 45.352693 29.357399 24.674285 31.315754 39.998731 19.826914 27.511225 23.508868 20.856245 
34.294330 40.752361 42.101438 27.607261 28.226153 34.596615 31.552637 21.981326 41.973196 41.123409 21.816359 42.369880 21.567483 23.234320 
32.647434 40.565267 41.650602 26.831261 29.428571 44.403247 32.429753 41.447380 41.081096 34.820745 24.442934 26.614362 44.907144 19.886908 
34.135058 40.058926 41.638244 27.094290 28.626362 22.435459 25.417977 41.093642 41.272454 29.752334 21.348552 29.689243 20.975800 28.696194 21.372686 41.551589 26.438449 36.799104 39.397824 40.333765 20.831846 
28.293521 41.585542 42.060732 27.214920 28.588805 37.240180 34.104926 41.689239 41.446320 31.842597 30.355567 40.992874 26.268931 24.112908 
44.279562 19.968238 41.969783 27.339271 28.918688 35.613098 33.979290 42.065159 41.904700 32.664237 43.598093 37.598456 22.097482 24.647005 44.890116 29.649725 42.714669 
42.247812 42.617413 42.042643 27.345370 28.852231 25.471117 31.862404 35.714390 41.669492 27.778253 26.097709 25.857321 41.085149 29.007320 34.207287 20.260484 27.308334 26.623720 27.310490 37.906345 35.417472 25.094113 
29.170549 24.178960 41.702978 26.610977 29.629255 40.973997 26.805322 35.076905 41.504315 32.955496 41.399414 32.132615 25.357636 42.030258 25.545869 42.241027 28.244965 
32.611633 24.726747 41.881530 25.532400 31.073225 41.425254 23.518361 41.252100 40.994814 33.605879 41.364945 39.183913 21.434756 38.840545 
30.549303 26.188235 41.990159 35.456839 30.854866 40.252044 40.492786 25.579029 41.593139 31.811599 35.193267 20.115718 41.398674 41.636626 
32.881783 21.260840 42.244909 27.232366 30.049105 39.518217 40.941942 41.414157 41.081142 33.492254 26.389932 45.222459 45.119321 34.579890 36.376211 45.175234 
24.326366 27.596167 41.888561 21.046399 31.878665 40.361294 41.095776 41.284203 41.102273 34.501749 20.802893 29.799080 26.810991 20.675638 20.572080 20.000959 27.236570 21.703548 
23.841286 25.511792 41.877668 29.170094 31.648771 41.182684 41.852983 25.314119 41.739984 33.876038 21.667532 35.771825 24.888778 44.505815 22.690507 42.405016 
42.225857 26.970005 42.396333 29.731955 30.976847 40.258402 26.480080 41.974069 41.928153 35.010557 24.287610 45.448211 
42.290046 40.332840 42.286823 28.185317 30.579928 23.373811 39.444678 43.484536 40.936095 31.608197 40.602078 24.610339 21.382945 
42.031574 41.080579 42.064755 19.811734 29.103104 26.392132 29.871887 27.302648 42.172309 41.148336 44.241666 24.399060 33.285666 23.754060 45.023340 32.088079 44.318255 36.232540 39.236648 25.409312 37.428217 35.012962 24.433259 
41.173710 26.816787 41.852739 41.024984 29.456413 27.201691 19.794672 30.346934 30.926876 41.481021 24.644134 28.205923 36.423952 23.962567 24.870177 39.276497 
41.459503 22.963810 41.799327 40.842758 29.613227 26.506181 31.924161 44.388904 33.184536 41.378902 42.816424 22.264733 38.992103 21.291540 22.886935 20.316798 
41.139570 30.329126 41.656805 41.358305 30.367581 25.661040 43.383554 25.782801 33.511609 39.856242 37.146807 26.304552 34.925620 43.920077 41.677932 41.388586 
41.038809 33.809717 41.491834 40.820592 28.811264 27.734004 25.678690 38.286522 35.211642 40.889166 21.147736 44.437743 27.904210 
39.289462 31.008999 41.616119 39.094886 29.638978 25.798866 37.782645 22.075575 34.845573 40.699641 25.855066 24.918617 19.865543 28.434829 23.144176 43.700977 22.694319 
39.620407 36.524419 41.507242 38.907076 30.264059 25.835608 27.909762 31.129215 34.254955 41.245607 27.056275 28.485825 24.883616 24.500812 21.414729 24.948462 28.163726 24.769192 20.485665 
41.820501 42.232719 41.474090 41.753373 28.986972 28.341210 24.953492 22.848445 33.916797 41.398887 33.293750 30.957802 
41.669892 41.805844 41.500376 26.429284 30.519757 26.440749 44.609347 30.428188 35.428971 41.463780 33.474444 31.075288 42.045613 30.068926 27.015040 30.670250 
41.904041 42.091018 41.500376 36.783435 30.364890 26.636887 32.068615 42.264700 35.030167 41.406961 32.866109 25.099120 45.112281 23.292468 22.145706 44.241169 
22.850181 25.363934 41.531617 44.614875 30.575041 28.391238 31.547290 41.794110 34.356642 41.568103 42.554442 37.393076 39.377020 25.007992 31.016556 22.364140 22.674510 
42.879877 44.658233 41.521841 23.438544 29.968758 26.200502 40.144546 29.487509 33.053330 41.594242 42.011051 40.862685 32.230329 
27.632913 42.754709 41.741091 31.847260 28.956602 26.965658 40.112548 30.149391 35.749795 41.282139 42.041648 20.213818 25.131305 41.428782 44.085023 23.347917 21.605174 
29.783790 36.023145 41.734199 45.494886 29.135327 26.714846 23.184516 33.400577 33.921088 41.272956 42.564095 41.257507 27.482866 
36.541485 33.751110 41.681101 43.905945 29.402262 26.636721 41.804502 34.895129 32.821027 41.538246 28.928369 22.389017 20.642420 44.150831 35.852677 
38.044164 20.731998 41.773693 25.175913 30.168217 30.896933 23.374361 37.906960 32.668042 41.069751 41.904577 31.565992 38.550103 37.475693 36.404403 
37.993697 42.976685 40.128959 25.533679 29.763273 40.181531 27.078530 22.358128 34.421288 40.487615 38.832012 25.640807 32.513417 41.829262 43.707242 30.872502 43.729635 
40.476972 32.366829 40.568117 27.080083 28.696707 37.254808 41.736580 40.428953 35.221104 39.843852 22.825848 22.487558 35.949718 27.257165 24.591740 24.620757 
39.895035 42.598336 39.998695 27.140785 28.477018 32.600364 29.034393 39.866765 33.667201 39.903392 23.549566 41.827236 19.960829 
39.692027 21.156925 40.295929 27.538165 28.694606 28.176063 22.356323 39.544867 31.612297 40.408935 31.079505 38.670783 36.324080 41.189223 41.111967 
44.117815 22.754607 39.319887 25.780081 29.430054 28.269983 38.921380 39.048942 31.508145 39.158834 31.398497 36.911215 44.236208 42.482543 21.315319 34.904140 21.652952 
36.310529 26.647894 37.695642 25.382607 29.997408 36.249686 41.050965 40.296431 32.338522 37.393327 29.544886 33.465221 36.414648 40.456596 35.179612 44.167976 35.793989 
41.023147 35.227478 38.038274 26.261580 29.486756 37.539763 39.011136 26.942557 34.680884 38.187923 31.360494 23.237092 36.232348 27.767767 33.270384 37.287424 
41.500993 39.933187 38.344208 23.490411 30.093304 37.932385 27.478894 25.004674 35.980971 38.208192 29.073282 42.258055 32.933966 37.645955 33.363724 33.213688 31.714983 36.760555 29.083765 43.527211 44.124519 
37.679667 23.294051 38.704554 35.119631 30.702453 42.546692 27.833896 35.899293 26.590833 38.944249 40.959380 24.194976 34.249081 25.232397 27.946885 23.054886 25.216573 36.730426 37.411560 43.926870 39.300809 38.819417 23.828275 21.666529 28.122937 24.737555 
37.314037 40.569656 39.256239 33.242099 29.782767 35.812983 26.741451 31.820074 41.534167 39.069039 27.005408 41.529789 34.394420 25.636557 30.827719 26.211494 22.668022 31.428089 21.481327 
36.702519 39.363110 20.048431 38.969788 29.963806 42.906686 27.002907 41.368119 42.626353 38.916934 26.985675 34.324547 34.312808 31.514722 39.094516 20.415092 33.740143 26.535203 21.741638 31.489543 38.026661 39.522316 32.696826 
37.888909 28.321251 43.344945 30.347174 29.766318 40.375688 27.420592 36.542473 29.125369 30.037412 37.762401 38.254319 35.723444 40.291949 21.413687 41.852052 37.496575 
38.035417 40.633121 31.276909 32.226821 30.190990 30.411189 26.038459 27.041457 42.681572 25.370859 37.657075 38.319992 36.362464 23.036719 41.657669 
37.291628 39.591702 44.093683 35.070504 30.390561 27.757369 26.834789 22.143036 34.444207 41.897742 36.632251 38.504940 43.939926 22.263219 33.201390 41.736742 35.983033 
37.409668 35.525770 42.481024 37.931409 30.815027 23.217220 25.933317 34.562955 42.724569 42.989328 36.683348 23.690590 26.820502 38.451211 
38.985210 27.967641 28.343279 39.042301 31.344571 33.622796 26.709064 35.259902 22.073837 35.586235 37.837730 42.721050 41.536337 43.111137 42.656051 22.631586 
39.311191 38.856546 38.896024 41.922170 32.232075 32.663388 21.373343 34.243477 34.136486 29.582756 25.734686 40.265444 32.167813 
39.473188 39.660649 24.196849 41.375520 30.364531 41.295537 30.709443 32.830855 25.133864 22.083356 31.331387 39.209339 20.627814 
39.699436 38.916784 39.483973 30.201079 30.735164 39.220182 28.724623 33.935149 25.274638 37.654787 40.972858 36.740695 22.366210 
40.019306 39.985750 38.659293 37.750829 32.052864 38.397595 25.661147 34.383387 20.501818 38.401545 40.524645 24.646638 25.589278 20.734935 
39.635892 39.595174 38.563026 33.109220 31.795208 31.366035 38.379205 33.702019 32.347984 39.043125 40.532305 26.558388 44.042479 19.985258 22.073959 38.567177 
38.910115 24.420678 38.798134 37.703324 32.018575 27.186709 23.616857 34.603204 38.393771 44.752902 39.624935 39.869144 34.825318 23.645889 24.036988 26.905483 23.538223 41.525205 
38.984887 27.241537 38.627648 37.773799 32.452914 27.521576 24.520640 34.956783 38.192651 43.895978 25.474516 39.424369 34.793382 24.032011 23.100018 
39.373400 35.903417 37.733264 27.060212 30.642084 26.276840 27.717493 34.000583 38.981275 42.538068 40.151650 45.323468 
39.502251 26.068268 32.168855 36.497685 30.161706 27.297878 35.921995 32.264073 38.559579 39.830203 40.272373 43.443986 36.947707 44.515574 
34.832942 42.196622 26.860436 38.215932 29.580096 27.052788 37.747919 32.594583 43.187723 40.401912 37.590439 32.272466 37.644735 30.778548 43.000542 43.888784 43.572715 
36.322078 33.373865 22.421657 36.048225 29.898307 27.405746 38.475439 34.160401 24.136923 31.477201 38.341220 33.375130 37.917712 25.484381 29.661153 39.224576 33.315707 24.950570 38.161530 31.059881 21.518691 
37.434714 35.067995 30.722119 21.247404 31.078363 25.593612 20.613247 35.111520 38.061083 37.959352 38.067104 40.320096 24.017737 
28.777403 25.458977 32.394109 29.562958 31.713647 36.573266 20.816551 35.591101 37.394582 37.603176 37.341753 38.529954 31.549678 25.280836 39.113172 36.297348 
26.968066 26.688649 40.333269 25.991096 30.718430 35.939205 29.044151 33.771217 37.328063 37.415279 37.227394 37.155362 31.844791 19.780936 20.000025 33.268597 23.204878 38.997380 22.354502 
37.638419 26.069971 39.057319 31.443304 31.656682 36.705403 32.994194 26.998405 37.666333 37.588054 37.633237 20.527496 35.540043 23.181834 29.492273 27.064292 
33.927243 25.460894 31.596557 24.895210 32.537706 30.282000 33.259203 36.893378 37.778352 37.460535 38.216040 42.224321 42.578600 36.122783 28.246652 
41.429931 24.383091 31.365352 35.201558 32.101684 31.573468 33.559787 36.878765 37.460951 38.232281 39.150848 24.659760 30.575978 27.363471 26.631713 26.031877 28.002701 
40.926479 21.662389 25.403654 38.026694 30.941421 33.337316 34.767493 36.083019 37.791477 38.015914 38.306886 25.443037 25.258298 26.649252 29.572903 37.719450 35.385828 
38.976301 27.350048 22.731786 26.429688 30.879081 37.317230 34.601194 29.430332 37.397257 37.618798 37.712285 35.502648 31.801310 23.512570 
45.118052 27.410403 44.076112 37.154679 30.310660 24.238588 35.413683 31.003536 38.138648 37.433996 37.374416 35.035376 42.743340 44.880451 26.017535 40.501815 33.301620 21.094377 24.898169 22.215251 25.270395 36.571748 
33.563890 27.680132 38.946549 44.603173 29.950684 40.747607 34.034452 25.023183 35.914328 35.282328 38.127626 32.580249 39.837650 23.698436 38.204113 26.584701 36.834223 31.744215 32.931731 37.413267 30.090753 20.982264 28.400037 19.839796 37.702166 36.235207 25.951212 31.681793 39.306270 
19.860678 27.684663 38.636269 40.338940 29.891245 41.679575 33.608717 37.963391 29.290729 26.610180 38.179636 36.247693 42.591784 25.851226 38.110189 25.283714 21.009534 
29.082856 24.767664 44.096528 40.746600 30.614611 42.647767 34.421310 36.511531 26.823976 38.174629 38.137978 38.052673 31.359816 37.876176 31.769282 
34.863590 25.980768 24.569866 27.210124 30.424398 39.641046 39.134982 38.715200 35.666833 38.860531 38.696955 39.263101 31.354813 32.458084 23.076986 
40.349588 25.653274 41.150472 33.563911 30.516607 44.870245 39.009735 38.859183 35.125132 38.588809 28.525144 38.287218 41.102882 39.580637 43.427837 41.938605 
42.950502 25.435722 23.241035 27.645394 29.839004 37.459235 41.738785 39.490578 32.990528 39.527319 24.846541 38.809391 39.952239 41.767557 21.348718 38.983869 
45.497596 26.075753 37.676662 32.371616 29.274334 36.767668 41.385544 39.157833 32.702442 39.229488 28.238811 30.224415 36.811816 23.505144 37.117338 27.651956 40.329631 27.122257 27.687131 43.441173 22.824852 
31.785289 26.994037 41.263761 42.532251 29.138678 36.442291 37.725236 25.173846 33.505720 40.412767 39.278446 35.702623 26.093649 40.762873 38.066430 34.018081 20.961442 36.117547 41.905238 35.055137 
27.622362 26.463057 41.319645 31.571130 28.877469 34.754298 27.623680 35.738107 33.784160 41.335551 41.040260 44.732820 26.156322 41.423321 20.218784 37.500217 41.181406 40.814240 
40.279274 25.760560 42.331367 20.074191 29.436760 43.170928 35.619972 34.870050 34.134146 41.517353 41.393269 33.933081 32.862365 41.581144 23.866564 35.524359 44.566067 27.999539 26.186121 
28.020108 24.000611 43.044955 26.519927 29.752134 34.087032 30.302225 35.845320 33.792329 41.367390 41.223296 44.713683 42.550128 41.598463 43.221977 42.457855 23.022111 41.993441 27.357928 32.718949 43.214309 26.467944 43.636085 
20.536398 23.172625 42.411108 32.229483 29.947924 33.921868 41.935868 35.400832 33.528200 41.376156 41.358413 22.866409 28.335915 41.550286 34.925988 22.643381 25.992160 31.205978 
29.204819 25.294289 21.865359 40.830854 29.908304 42.098980 36.857732 35.962379 34.463329 41.333683 41.434251 36.457656 28.396984 24.692106 
32.882521 23.741451 28.939287 42.886525 30.689227 42.881324 41.823632 21.578709 34.502696 41.568801 41.115301 23.980141 44.199174 26.078274 
29.508997 26.807390 43.974228 35.530438 30.684199 43.021527 41.781899 41.638094 22.375559 32.785731 41.325961 41.571711 32.881636 29.926000 27.828314 20.409243 24.523651 22.137986 25.374170 
22.330148 28.118139 25.154889 36.065482 29.584797 26.448827 41.407940 41.619527 41.321108 30.955542 41.323611 44.646295 26.451414 42.213423 27.534218 21.754433 
31.849430 27.005610 20.128541 28.565917 28.956008 40.010985 41.190992 41.362846 41.383187 36.352717 40.972391 22.077702 28.969680 29.759544 28.377450 41.616945 33.545269 35.577731 
41.829685 26.975468 37.370146 29.164695 30.303575 34.705669 43.066941 41.361264 32.337354 43.774867 40.825845 38.527312 44.525157 
41.468436 28.776599 41.771694 42.884191 28.934705 35.162854 25.767567 41.283057 36.626671 42.586486 40.981090 36.812681 30.928166 35.581075 27.883229 34.060092 
20.179884 35.111381 41.199857 41.522522 28.389832 31.234508 32.453911 41.094157 39.508674 25.919321 41.205839 42.191051 40.097252 
