  0.296451 598.591541
  0.300718 614.994315
  0.294275 617.652782
  0.292038 606.404086
  0.311063 628.962346
  0.275434 565.551924
  0.282502 570.454527
  0.287496 606.418787
  0.298412 636.360017
  0.286330 572.387553
  0.285208 579.902940
  0.305708 600.269183
  0.299469 620.243021
  0.290160 624.825369
  0.300370 599.076676
  0.316171 609.686174
  0.305693 602.027367
  0.295163 588.498615
  0.309677 625.067996
  0.325297 645.413041
  0.312926 601.065995
  0.328168 638.941822
  0.315699 565.440631
  0.318928 598.817913
  0.320206 566.168757
  0.321478 626.466636
  0.318320 597.396464
  0.331756 595.665588
  0.320341 589.371054
  0.322077 611.781219
  0.325956 640.206575
  0.309873 596.489109
  0.301386 624.172960
  0.294682 603.073808
  0.298325 558.425953
  0.313883 583.995577
  0.308701 609.103905
  0.298710 569.966859
  0.299845 609.220433
  0.284456 589.512449
  0.289984 615.918101
  0.279325 638.435237
  0.274222 577.643339
  0.295887 615.166221
  0.297637 625.393425
  0.286938 576.969432
  0.289243 609.040455
  0.282420 621.895306
  0.283026 650.196602
  0.286691 585.219263
  0.292294 623.174754
  0.302702 635.722196
  0.300083 613.011926
  0.308669 605.839228
  0.305899 609.782002
  0.319639 623.203100
  0.326655 570.737141
  0.325312 614.871311
  0.305180 586.660669
  0.319395 612.124158
  0.312958 608.528933
  0.306680 539.750524
  0.302656 640.637463
  0.305180 571.775458
  0.315272 553.666122
  0.323383 607.094346
  0.299492 623.259780
  0.310780 617.305419
  0.303575 583.236525
  0.321506 588.941514
  0.306659 613.712020
  0.314929 603.291612
  0.326383 610.358232
  0.327155 598.643755
  0.326132 591.663055
  0.325294 635.378708
  0.319163 606.106935
  0.327054 619.513436
  0.317901 601.479968
  0.331379 601.036777
  0.332571 595.919752
  0.332653 577.399755
  0.328283 593.899652
  0.330832 604.801920
  0.323421 603.911892
  0.307349 589.611272
  0.312909 613.058630
  0.308490 627.099649
  0.328007 602.575158
  0.319056 614.946958
  0.302905 603.144696
  0.301828 617.252800
  0.303916 599.870272
  0.306756 619.621993
  0.301785 571.601226
  0.307934 584.093518
  0.304330 635.579738
  0.307487 645.826507
  0.316419 620.265013
  0.322337 586.598664
