0.831899 0.899612 0.963529 0.980086 0.995080 1.171436 1.027946 1.024593 0.815600 0.831264 1.239417 1.171409 0.972144 0.864982 0.990917 0.922327 0.938909 0.933710 1.086697 0.975019 0.990756 0.883196 0.848942 0.955067 0.972753 1.238597 
0.975258 0.952989 1.054808 1.096015 1.224699 1.216757 0.879634 0.957722 1.088031 0.938632 0.828682 0.845145 0.929544 1.128013 1.116384 0.862863 1.066462 0.958049 1.187035 1.068051 0.986144 1.034011 
0.994612 0.884204 0.899856 1.054084 0.927038 0.944220 0.901767 0.953401 
1.072721 0.831918 1.052005 1.205378 0.971086 0.902433 1.245046 0.992087 0.887575 1.152346 0.901073 0.900132 0.999258 1.048662 1.062909 1.018889 1.254962 0.955787 1.224390 1.129204 0.918893 
1.006744 1.150510 0.986142 1.193598 0.850070 0.947057 1.037648 0.860121 1.101849 0.898949 1.111417 
1.079146 0.924805 0.987609 1.027504 
0.824323 0.959377 0.989709 0.866030 1.094678 1.252139 0.872091 0.975567 1.095197 1.129694 0.899608 1.017121 1.137546 1.019481 0.999545 0.927766 0.954321 0.807771 1.116630 0.814184 1.120224 1.023283 0.944579 1.085216 0.829307 0.841164 1.009396 
0.808205 0.942039 1.060625 1.152556 0.861920 0.918174 1.016891 1.227744 0.942739 1.206146 1.125731 1.182023 0.932380 0.994260 0.959065 1.152924 0.847962 0.811624 0.848471 1.081910 0.889610 1.036486 0.854918 0.824591 0.864568 0.979824 0.830202 0.981561 1.059771 0.893681 0.929542 0.858082 
0.988594 0.990565 1.124159 0.979558 0.950224 0.812111 1.182896 1.030604 1.252906 1.052866 1.056392 1.106462 1.145098 1.098946 1.193962 0.937175 0.798072 1.035251 1.248081 1.127529 0.923333 
0.942482 0.863519 0.811252 1.076116 1.061728 1.185732 1.117240 1.008162 0.938657 1.053389 1.214600 0.933274 1.242971 0.992708 
1.007466 1.026223 1.093203 1.117945 0.818156 1.070579 0.882579 0.989862 1.035000 1.147675 0.947538 1.113106 0.871704 0.930037 0.857933 1.256987 0.926454 1.172224 1.166379 1.217793 0.859423 1.208360 1.070978 
1.158270 1.171669 0.939672 0.854298 0.907600 0.853172 0.941077 1.028445 1.103957 0.920160 1.042189 0.958235 0.800644 0.860282 0.997132 1.037699 1.142089 1.060663 0.999083 0.836294 1.027233 0.862359 0.944457 1.121972 0.850705 0.989870 0.985679 1.139523 0.829143 0.853893 1.047461 0.985403 0.975502 
0.882302 1.129135 0.962777 0.812637 0.951374 0.991728 0.942486 0.961168 1.161284 0.946806 1.033247 0.827126 0.923909 1.156715 0.891472 1.154189 1.135931 1.129203 0.928589 0.816853 
0.915343 1.041086 1.189176 0.831025 0.943149 0.909275 0.942156 1.255465 0.908008 0.927571 0.829279 0.871432 1.112405 1.131542 1.163628 0.837460 0.933835 1.100336 0.922935 0.821984 1.208421 1.177380 0.987786 0.903177 0.857020 0.982657 1.197212 1.183885 0.934338 1.179753 1.054905 1.005289 1.015380 1.039614 0.882191 0.839630 0.795246 
0.863135 0.809060 1.029506 1.011351 0.865227 0.955641 1.242475 0.975092 0.827542 0.905530 1.068591 1.157585 1.245144 1.167204 
1.103175 0.902902 1.032081 1.153260 0.945613 0.899106 1.101046 0.818547 0.940551 0.896465 0.877288 0.982863 0.963016 0.835074 0.904314 1.057590 
0.836487 0.859862 1.012759 0.944077 0.946214 0.865996 0.897187 1.029612 1.066540 1.245989 1.139220 0.919154 1.015257 1.115249 1.138455 
1.056809 0.910507 0.992547 0.874884 0.824557 0.893871 1.003041 0.982597 1.196035 1.133393 0.857923 
0.842248 1.229913 1.177964 1.052749 1.035417 1.221219 0.796660 0.974298 0.937290 0.843373 1.027542 0.967463 1.238656 1.092293 0.873387 0.835482 0.913269 0.899422 0.892362 1.077883 0.955912 0.877944 0.996787 0.975313 0.978825 1.255581 
0.959710 1.076187 0.827083 0.806018 0.886123 1.101547 0.927389 1.094471 0.825235 0.949333 0.910863 0.938087 
0.875910 0.861769 1.054626 0.894548 0.862630 1.056764 1.187012 0.906950 0.994361 1.141662 0.899177 0.812488 0.972342 1.103844 0.903049 0.940289 0.946341 1.191423 0.903216 1.067282 0.934088 
0.973897 1.073202 0.817543 1.051662 0.946370 0.910884 0.838707 0.943230 
0.858996 0.969268 0.932824 0.892094 1.069181 0.963782 1.007444 1.103989 0.823882 
0.903650 0.898401 0.853626 0.974136 0.811726 1.022322 0.950639 1.247506 
0.833784 0.808048 1.116921 1.078812 0.920126 0.961125 1.196333 0.815826 1.013917 0.897332 1.118048 1.007063 0.815086 0.801221 0.821630 1.000713 0.851933 0.803387 0.932533 0.891840 0.875990 1.229979 1.011005 
1.072849 0.900382 0.852816 0.936202 1.068551 0.961125 1.223788 0.864304 0.888236 
0.869198 0.908265 1.047786 1.072469 0.935754 0.820812 0.878292 0.907573 0.960225 0.901849 0.845335 0.837411 0.926157 0.945955 0.899927 1.025826 1.238500 1.082654 0.985563 1.126226 1.027826 
1.143384 0.832375 0.827166 0.945051 0.868067 0.998125 1.217805 0.985542 
0.943925 0.845992 0.992904 0.925158 1.179937 1.000210 
0.948999 0.840548 0.988121 1.207051 0.954982 1.121556 1.045689 0.845699 0.796170 0.864578 1.255021 1.025258 1.037931 0.922396 1.126297 1.064970 0.910215 0.873136 0.800516 1.051774 1.258046 0.834202 0.837537 1.059518 1.160469 0.999169 0.851150 
1.108242 1.248029 1.088210 0.861625 1.146175 0.877272 1.088600 0.853173 0.944603 0.890106 0.797262 0.905401 0.830226 0.868033 0.935755 1.153164 1.240496 0.877427 1.058635 0.892386 1.141801 1.092532 1.044170 0.933180 1.067792 1.042917 1.228912 0.886194 1.234202 1.157189 0.875930 0.913356 1.124615 1.093268 1.172723 0.835898 
0.948751 1.258698 1.009184 0.904917 1.021993 0.832232 1.247755 1.122845 0.911994 1.174500 0.905337 1.055075 1.182607 1.010506 1.005321 0.855220 1.018338 
0.905087 0.874061 0.916131 1.018835 0.987650 1.156775 0.875260 0.896525 0.885669 0.957806 1.209939 1.026556 1.142319 1.228215 1.015188 1.166665 1.035612 0.818760 0.818326 
1.253676 0.897425 1.092014 0.918441 1.213277 1.042337 1.068157 1.002843 1.242061 1.186850 1.240935 0.858020 1.160107 0.971270 0.951465 
1.201612 0.844555 0.927968 1.008605 1.016481 1.058563 0.864821 0.914664 0.967829 1.017879 0.933504 1.084492 0.925718 1.035721 0.861383 0.834517 0.989718 1.154420 1.055286 1.048285 0.907223 0.903455 1.217698 0.910040 1.116115 1.037833 0.918358 1.099605 0.849731 0.803864 1.155627 0.974033 0.980468 1.036332 1.170412 
1.067280 1.000552 1.018061 0.798808 0.954910 0.918051 0.911698 0.926873 0.827618 0.795501 0.798564 
0.956022 0.851019 0.956176 1.106611 0.902157 0.940972 0.842395 0.825679 0.865772 0.799787 0.994433 1.162029 1.154373 1.100854 1.141472 0.944762 0.976677 1.039846 0.880347 0.828776 1.072819 0.795096 0.836138 0.901049 
1.169867 0.956892 0.985647 0.969452 1.248166 1.080033 0.849955 0.807278 0.801439 0.833718 0.899771 0.944618 1.070822 1.123586 1.031027 1.045149 0.896224 1.054331 1.110884 1.092279 0.829644 0.918978 1.220808 0.889063 0.881945 
1.032122 0.948107 0.840632 0.876412 0.821232 0.833395 0.982008 0.975896 0.934370 0.989026 1.126674 0.980439 0.908699 0.838501 0.973895 
0.881418 0.982143 1.206370 1.156748 1.257043 0.994539 1.039456 0.929398 1.138701 1.077989 0.932413 1.027836 0.962070 1.221966 0.966602 0.960569 1.174948 1.163187 1.169973 0.881581 1.029133 0.849286 1.230501 0.893432 0.827732 
1.025263 0.831753 1.057325 1.174290 1.035482 1.017324 0.849072 0.949919 1.236946 0.965206 0.916709 0.926541 
1.056090 1.096595 0.981601 1.097910 1.075281 1.220767 0.899460 1.003708 1.044017 0.837976 1.100763 0.950418 0.857997 1.216162 0.803494 0.856756 1.088933 0.995788 0.859754 1.074915 0.944171 
1.023082 1.077813 1.115886 0.981459 0.886973 1.124917 0.920067 0.827679 0.910114 1.142501 1.021958 1.033531 0.804434 0.965940 1.242226 1.080258 
0.940524 0.985234 0.975980 0.921395 1.053203 0.926031 0.935650 0.976770 1.117606 1.197645 
0.972365 0.938836 0.977645 1.030967 1.022536 1.195506 0.915968 1.049993 1.221400 0.967367 1.012726 0.937445 0.872210 0.946494 1.200140 0.984290 1.223358 1.201161 0.845088 1.167028 1.245562 
1.013971 1.060367 1.017386 1.173160 1.000421 1.067240 1.116191 1.061082 0.921570 0.913103 1.191430 1.144819 0.886650 0.912182 0.979044 0.918772 1.107393 0.913217 0.884792 0.914720 1.056577 0.854798 1.023345 0.937862 0.834947 1.055721 0.959196 0.950923 0.912084 0.806662 0.963475 1.087629 0.848770 1.100187 
1.022210 0.827739 1.076985 0.994442 0.921498 1.143200 0.916035 0.948042 0.919346 0.965142 0.966938 0.990805 0.827059 1.245110 0.992737 1.248933 0.905032 0.996172 
1.067239 0.923099 1.032142 1.143172 0.952245 1.195740 0.916550 1.060517 1.092334 1.091740 0.945215 1.237027 0.821539 1.091943 1.080440 
1.258191 1.137659 0.960870 0.979031 1.157458 0.964620 1.064500 1.101512 1.194430 1.028289 
0.818085 0.814854 0.995256 0.889460 0.885591 0.921427 1.075781 1.014596 1.146185 0.911200 1.163135 1.210817 1.086181 0.909951 0.984107 1.160024 1.226777 1.077544 
0.983141 0.997590 0.877193 1.087214 0.831312 1.043263 1.196978 0.891371 1.218353 0.935778 0.794452 1.214843 0.936467 
0.918805 0.958888 0.935588 1.149817 1.039455 0.832759 0.915341 1.119239 1.180266 0.986607 0.801778 0.857853 0.973712 0.837465 1.216486 
0.986127 0.795032 1.127551 1.135264 1.098700 0.969644 0.808429 0.998408 0.981445 0.820994 0.972351 0.862450 1.111070 1.045793 1.113184 0.862755 0.975880 0.972184 1.204606 0.813943 0.926500 0.916037 
0.913107 0.920028 0.885330 0.908728 1.010634 1.220725 1.079233 0.907669 1.235812 0.944921 0.873838 1.117252 0.866133 0.924731 0.890534 1.150087 1.158198 0.941751 
0.912414 0.992666 1.061148 0.818080 0.884586 1.003237 0.942463 1.245753 0.976128 
1.062597 1.066734 0.838876 0.826131 0.883717 0.877043 0.930025 1.170610 0.864050 1.190731 1.114786 0.911897 0.936926 1.125358 0.832979 0.830380 1.164509 0.911126 1.057414 1.180216 0.817223 0.925857 0.840266 0.964645 1.137188 1.212706 
1.084825 0.886233 0.829222 1.120226 0.865731 0.892172 0.961207 1.136871 0.998162 1.050479 0.813119 1.021310 0.811197 0.901570 1.151022 1.213076 0.872133 1.105441 1.254825 0.805668 1.098606 1.102011 1.087044 1.034515 0.985588 
0.945582 0.820042 0.835965 0.881714 0.836438 0.812303 1.021007 0.874394 0.930793 0.869058 
0.902899 1.151637 1.010183 0.965080 1.085179 0.894489 0.956875 1.044012 1.014084 0.943479 0.955756 0.952628 0.998759 1.147724 0.980103 1.162882 0.850891 1.075070 1.075454 
1.113874 0.958892 0.917852 0.896251 0.960622 0.852742 1.031273 0.910401 0.877259 1.243022 1.128023 
0.960025 1.217087 0.923965 0.861224 0.832496 0.957695 0.968931 
0.866644 0.920304 0.858006 0.819363 1.016054 1.198306 0.878195 1.122763 1.077524 0.955357 1.256087 0.995199 0.823222 1.045051 1.043638 0.900449 0.947871 0.909269 0.843723 1.023234 0.871412 
1.015837 0.854867 0.898720 1.048051 1.096230 0.906537 1.200341 0.987600 0.858943 1.014905 1.035919 0.962777 0.946427 1.176859 0.837989 0.886497 1.164363 0.953707 0.981430 0.823864 0.893676 
0.850027 0.925955 1.157598 1.031886 1.072841 1.220493 0.982935 0.946568 0.849465 1.106959 0.882968 0.938201 1.008685 0.968650 0.842180 
0.856612 1.231981 0.916079 0.862873 0.899172 0.829633 0.965402 
0.947193 0.797392 1.129908 0.854442 1.063330 1.045532 0.860356 0.904992 1.199073 1.231727 1.027257 0.858548 0.964896 1.109949 1.099966 0.881461 0.906187 
1.027581 1.035178 0.904567 0.836011 0.957631 1.159288 1.190047 1.175248 0.801506 0.997282 0.835765 
0.850223 0.951624 1.084150 1.049310 0.995886 1.020261 0.874487 0.986099 1.009200 1.187794 0.897150 1.030532 1.150411 1.240934 0.872516 1.018865 1.179985 1.195725 1.077610 1.055584 0.808124 1.053266 
1.068506 0.951624 0.896151 0.933147 0.918972 0.921129 1.029550 1.177806 0.835581 0.879215 1.103584 1.200258 0.936217 1.090288 1.037699 0.892872 0.916702 0.892649 1.003772 0.895394 1.107847 0.978218 1.094215 1.010467 0.922684 1.144848 
0.884844 0.885515 0.862548 1.245940 0.985026 1.249965 1.221759 1.033843 0.844013 0.877874 0.933969 1.146111 0.895375 0.968748 1.058165 0.963060 0.932118 0.859130 1.106017 
1.052476 0.882421 0.807462 1.225056 1.088329 0.817473 1.076456 0.830877 0.828969 0.937477 1.000410 0.870968 0.866027 0.823248 0.983521 0.813043 
0.891425 0.814390 1.190077 1.057564 0.945142 0.909486 0.881956 0.984160 1.088603 1.104831 1.169048 1.130677 0.964230 1.124480 1.108775 0.876819 1.105926 0.866671 0.811479 0.957643 1.052070 1.245743 0.974167 0.796145 0.827510 0.845101 0.851434 1.145630 1.136139 1.161548 1.213962 1.093451 0.848302 0.844802 1.228229 
0.803855 1.029813 1.126855 0.886570 0.912878 0.968281 1.028069 0.838145 1.157487 1.047855 1.116520 0.813930 1.004158 1.106944 1.203580 1.029705 0.933418 0.993349 0.849711 0.894428 1.150587 0.800345 0.920659 1.109368 1.040555 0.951448 0.826423 1.216088 0.817416 0.964599 0.838054 0.878749 0.954768 0.945091 0.815229 1.247449 0.821406 1.181421 1.225544 0.966293 1.011090 1.208250 0.835045 1.079854 
0.840556 0.805655 1.190601 1.168013 0.975330 1.167095 0.880085 1.200162 1.057921 0.884794 0.803387 0.874971 0.814180 0.916884 0.915737 1.087965 1.200836 0.882964 1.208687 0.871274 0.823994 0.822587 0.938422 
1.096253 1.010476 0.822164 0.865958 0.819329 0.892446 1.165115 1.229884 1.062147 0.980887 1.173292 0.926166 0.893883 1.117635 0.802963 1.239670 1.144387 
1.164910 1.230007 1.182612 1.100921 0.932760 0.980449 0.825040 0.888995 0.803747 0.827438 0.863125 1.102903 1.073077 
0.817699 0.868680 1.004622 1.063719 1.163589 0.935961 0.919887 1.102584 0.868219 1.121117 0.836433 0.860910 1.113480 1.197256 0.914358 0.832817 0.912521 1.039269 1.024728 
1.103012 1.126059 0.934514 0.950320 1.049001 0.861317 1.079444 1.181402 1.096681 1.256661 0.879470 1.055515 0.848620 1.115783 0.854005 0.953267 1.195280 0.850018 1.200141 0.962099 1.228045 1.130036 1.043917 
1.046686 0.964275 0.848620 0.916610 0.845139 0.938962 0.983385 1.205617 1.096406 1.152043 1.099283 0.942095 0.955890 0.835117 0.959998 0.966938 0.834706 0.885227 0.872152 0.794935 1.224821 0.875198 0.888457 1.157036 0.950366 0.952182 1.202319 0.939493 
0.881603 0.831562 0.943927 1.155663 0.929260 1.157386 
0.826331 0.864587 1.240885 1.152452 0.797872 1.030354 0.857440 0.856148 0.955755 0.816139 1.223167 0.931778 0.873706 0.813958 1.049541 1.150440 
0.857286 1.044115 0.801653 1.017879 1.158820 1.123622 0.870342 1.182805 0.907321 0.864242 1.201384 0.806649 0.891784 1.093928 0.895039 1.050331 0.929921 0.859274 0.844688 0.821586 0.878262 0.971521 0.842121 0.883681 
1.209916 1.205464 0.892133 0.913406 0.805066 0.830854 0.940703 1.028585 1.192509 1.215188 1.154070 0.808964 1.102394 0.953795 0.868897 1.085470 
0.862383 0.977249 1.027166 0.913406 0.801353 0.892363 1.105980 0.998054 1.013409 0.798057 0.948093 0.964313 0.851986 0.823208 0.906321 1.216391 0.954869 1.126148 0.992594 0.998502 1.083479 
0.841063 1.037802 0.891654 0.938621 0.955584 1.252693 0.877103 0.820395 
1.258660 1.110458 1.021647 1.136555 1.111551 0.915276 0.971993 0.913572 1.184341 0.856429 0.859121 1.158399 0.928299 
1.152731 0.907470 0.803948 0.809444 0.945838 0.817828 0.970638 0.976603 1.006227 0.906131 1.183519 0.934363 1.060026 0.935945 1.040889 0.853666 0.852502 1.091775 1.137214 0.815311 0.965226 0.853149 1.221906 0.916297 0.796104 1.160206 1.248507 0.836766 1.169524 0.983091 0.816560 1.066739 1.061938 1.148436 1.211747 1.190024 
1.062520 1.119999 0.969690 1.043384 0.909283 0.919499 1.091999 0.836698 1.091160 1.220206 0.945688 0.988502 1.009020 0.964650 0.920550 1.177942 0.989425 0.874177 1.257387 1.013479 0.900117 0.800831 0.908293 1.036568 1.089952 1.165576 0.826915 0.984612 0.962525 1.170980 
1.056704 0.806184 0.969138 0.795888 0.796600 0.882206 0.831102 0.873196 1.159536 0.998789 1.132509 1.014556 1.250025 
0.936735 0.916390 0.906368 0.854626 0.840925 0.937874 1.149032 
0.873756 1.052852 0.956975 0.978223 0.947527 0.873902 0.844841 1.033666 0.959880 1.000056 0.910219 0.794872 0.850883 0.929932 0.805193 1.049091 0.979897 0.957915 1.118004 0.987902 
1.098798 1.115475 0.977794 0.938004 0.797403 1.068688 1.073062 1.037636 0.814141 1.043164 0.938553 0.862868 1.078914 0.970067 1.024432 1.129277 0.871970 0.944011 0.878078 0.796897 0.873561 1.102418 1.145613 1.100064 1.081701 0.840663 0.852311 
0.951403 1.105115 0.925029 0.975772 0.860639 1.112230 1.007295 1.031683 1.004418 1.116755 0.954203 0.890938 1.252755 1.007055 0.880938 0.931525 1.032615 1.010825 1.129760 0.841253 0.994674 0.925196 0.891755 
0.940074 1.015388 0.945413 0.838725 1.071191 1.168693 1.096226 1.198125 0.951840 1.086660 0.883082 0.806453 1.028255 0.950288 1.011763 0.906157 0.854188 0.963170 0.848900 1.006131 0.871420 1.003394 0.872311 1.198430 0.870140 1.100904 0.969625 1.140295 1.189781 
1.213332 0.926192 0.951707 1.116659 0.873464 1.156630 1.055156 0.969158 1.010287 1.006234 1.046082 0.908925 0.969568 0.950288 1.025042 1.199517 1.118251 0.876717 0.887389 1.178106 0.853564 0.882870 1.011676 1.170573 1.055633 0.840799 
0.795505 0.993537 1.091378 0.921953 1.001567 1.217907 1.158300 0.835323 0.877958 0.949487 0.828420 0.802351 1.143501 0.964692 0.835601 0.977084 1.154686 1.171888 
0.878161 0.984067 0.854513 0.873074 0.999979 1.106871 1.243050 0.823562 1.057031 0.949487 1.044404 1.200835 0.966252 0.890752 1.002389 1.214846 0.923064 0.850268 1.010543 1.073575 1.094906 1.141945 0.931525 1.147541 0.847878 1.188934 0.926107 0.966469 0.974583 
0.854358 0.858314 0.987604 0.946634 0.878074 0.850964 0.867842 0.985215 1.023953 1.178241 0.981971 1.031606 0.978201 0.945544 1.074564 0.977001 0.880252 0.893594 1.156473 0.938774 0.806400 1.052244 1.037805 0.985688 
0.918188 0.808626 1.084976 1.026881 0.971157 0.898362 0.879195 0.855108 
0.916098 0.967320 0.868762 0.876551 0.908107 0.845549 0.971429 0.817591 0.823737 1.253139 0.896993 1.243306 
