0.026652 130.141184 90.149383 0.023366 0.656129 43.277017 110.722116 137.660518 1.416568 124.159229 24.140938 1.619403 94.560301 0.488451 5.454782 
0.025743 17.502931 143.892000 0.073500 0.160976 190.731551 84.471848 49.662907 1.478818 1.120912 2.471748 219.628188 0.685448 1.082742 0.298405 21.763598 76.401287 12.745148 11.402605 6.996822 
0.038768 44.052031 89.485498 0.417030 0.081001 35.928010 2.307559 158.195626 1.749247 0.681971 48.960544 153.056271 110.469933 
0.030390 0.031472 218.754660 1.307236 0.068186 216.778625 40.660992 183.827333 1.469790 0.606153 186.619173 53.016401 23.325015 0.466298 43.942646 167.390584 12.138874 19.921001 53.425240 
0.054048 0.049330 350.725745 237.499489 226.607164 14.389230 134.265354 79.237532 1.565217 0.860820 
0.035959 118.940581 69.902738 0.385008 117.711392 4.732950 1.098455 147.490196 2.289142 0.676475 0.127024 30.324671 156.454212 214.985616 1.165357 
0.028784 35.472251 129.072650 222.981422 22.865576 1.206061 136.865234 2.162702 0.352173 0.272613 0.040774 10.721781 175.075641 52.651267 87.025767 169.077978 
0.057374 324.894654 179.688139 0.058352 110.157078 187.519728 88.774813 150.612985 1.898805 0.154013 0.061240 91.414188 3.133168 15.129720 
0.078640 292.982513 154.868233 39.980893 172.009311 137.039525 259.224025 551.539455 1.743953 0.276687 0.079881 2.249622 
0.053149 221.491370 38.749189 217.237787 195.021229 0.064454 95.841363 75.388236 2.699882 0.176559 0.057368 0.687079 34.725819 45.329377 2.200839 75.256302 3.633678 
0.043460 89.075676 362.496785 199.899701 0.097069 393.822689 172.659419 93.890536 1.461639 0.041550 48.658197 0.079966 13.692018 0.067851 1.114624 86.895362 0.185029 32.188793 
0.121032 6.383977 45.050879 326.217492 0.078536 138.825396 228.855867 0.180239 2.499821 0.172261 12.444538 4.683570 361.856242 4.713543 293.909420 51.395674 
0.072168 81.831905 108.311985 0.135633 107.305758 1.493997 0.125696 136.762730 1.776064 0.169962 0.056126 3.535775 76.684765 132.481455 194.261072 14.968005 133.665368 
0.046900 209.986167 121.897696 0.469408 0.214102 45.989590 196.656312 7.600377 1.738170 0.257736 0.045610 1.049091 0.085399 58.730045 201.845522 32.205885 35.689317 165.477772 4.991974 4.274360 
193.762466 156.592794 317.189596 217.467609 0.058904 47.934564 0.059703 65.588386 1.735545 0.520921 1.660532 0.331111 4.864837 3.664123 
160.758840 385.114157 349.950802 43.971125 0.066283 0.183930 0.053698 0.276905 1.836826 34.548747 138.427128 0.537812 15.379382 2.035885 
121.764106 202.049449 195.482066 117.551400 0.029488 234.527790 12.040739 0.425128 1.844399 0.161768 0.233795 0.115600 6.923750 0.070075 139.260463 0.216670 0.957826 114.248260 0.353000 0.184282 151.472998 
61.276981 65.182057 147.856668 133.136588 0.059049 206.449177 106.442156 0.505076 1.587717 0.058556 0.055996 26.662040 4.403060 2.631497 
9.873191 45.236107 213.144612 224.751057 0.051565 29.731769 321.895283 0.089151 0.066801 0.124531 0.129860 83.993494 7.220403 0.456013 328.345430 214.548468 22.436026 
6.427567 83.431253 60.035254 95.223193 0.019471 19.056103 104.139854 122.720779 1.559831 0.029105 22.303748 2.004184 0.028266 44.432336 0.156315 0.499254 4.485864 0.071852 18.687747 63.276442 79.451755 88.602579 
0.079520 2.291380 175.957705 89.018848 0.026529 135.241700 50.599231 45.864042 2.168181 0.037828 0.516403 226.520830 5.252467 0.079245 7.097325 32.760824 0.093447 
0.074558 18.136826 326.651060 108.318840 0.073279 335.826165 42.995357 58.018605 1.804720 262.691395 0.893737 65.244814 23.892401 0.279471 
0.041165 8.881393 192.267634 150.928926 0.030519 183.589277 0.783075 125.313747 1.429022 228.332905 0.338142 1.923639 226.210061 0.209245 
0.051784 0.943506 106.935901 4.019445 0.051681 303.711888 0.285940 110.490371 2.192437 132.415219 348.546713 0.110768 103.755238 403.494687 0.834685 24.094416 
2.233627 33.409984 183.353335 4.111122 0.044670 383.058536 0.328939 51.342393 1.911752 302.923481 32.173128 0.043075 313.177826 204.297507 0.531043 9.395795 2.202603 2.468877 
8.492512 248.204034 181.912883 0.067957 0.061665 232.580627 0.279081 1.986528 1.787267 136.451031 0.121200 82.161717 12.933412 3.018546 9.957149 0.441018 
0.445576 251.532403 256.518366 0.176368 0.032894 178.846016 2.509005 88.531589 1.313236 162.730815 41.134730 1.355507 
0.279630 103.772934 200.735790 0.074878 0.055550 19.059004 36.439709 2.815459 2.391003 429.916880 0.407126 191.010638 20.514767 
0.167946 28.172297 213.054159 31.586430 0.032775 76.281954 0.091103 117.580590 90.851622 2.232763 54.507556 0.048938 34.122052 5.071442 5.340981 189.604266 49.947456 2.465950 7.758764 0.071386 0.362632 25.725159 6.253165 
0.345354 165.550517 163.489831 84.864338 0.049909 163.803057 11.677155 0.070024 59.001670 2.328993 0.373251 0.031052 58.882488 13.255164 13.048062 14.361249 
0.277967 0.053672 112.199537 181.059323 0.029457 165.435943 0.042527 9.825780 107.401178 1.963870 192.826536 2.896304 162.078557 33.194569 209.556389 23.616605 
0.463948 0.046126 96.538691 196.010699 0.048056 243.479036 0.110914 17.288921 161.941445 1.658302 159.003788 0.105852 0.729398 1.307565 99.772175 1.116808 
0.264040 0.057930 193.208436 311.791256 0.047025 248.994252 1.619636 127.839492 142.928100 2.255896 43.749270 2.879225 7.570507 
0.474784 0.376099 355.188205 273.986400 0.056723 126.315881 83.417816 43.213685 127.101836 1.395645 21.458811 8.952875 4.832210 0.112343 0.064277 49.580483 1.130188 
0.815193 26.301267 91.368784 181.910694 0.080646 80.515352 0.294345 0.098256 234.302863 1.624115 33.182678 0.158442 19.015426 39.349491 0.331505 2.805744 0.510111 2.296924 1.609644 
0.797778 95.403559 205.414065 33.611999 0.025282 204.507726 1.348498 13.052548 63.437070 2.099664 0.054668 58.192362 
0.527784 145.940512 176.539364 1.019613 0.044933 201.406486 0.063078 8.285110 217.428537 1.442875 0.030674 230.086065 81.260129 6.555151 9.121199 42.991630 
0.564917 69.343234 117.500303 27.135544 0.027738 109.500410 161.852686 24.448492 223.072850 2.317734 0.047446 2.270307 0.153051 0.550898 40.122825 9.263588 
67.155118 150.983685 118.461914 1.883981 0.026868 255.446593 0.076734 121.605669 246.917766 1.484123 129.705218 218.492561 0.340202 0.937543 31.205473 37.213948 0.421748 
74.402365 3.096704 86.804131 1.000555 0.047923 94.751947 130.332619 165.773656 112.279116 1.618832 110.964659 0.080240 0.115548 
0.273280 2.621101 160.712531 0.295087 0.034358 248.380270 203.786006 85.726676 64.092520 1.836861 130.349448 9.371468 3.242338 0.687179 7.701873 2.143375 13.039869 
24.453153 7.104894 111.259673 16.230433 0.037908 222.265875 207.480318 0.047600 243.668764 1.535445 42.190302 0.039928 168.701354 
132.471496 40.300688 84.376980 60.942364 0.052157 252.540570 1.460448 0.066086 60.865442 2.113700 0.044676 28.357938 0.209927 33.434878 5.570009 
21.446946 39.970268 102.503196 105.539818 0.024877 13.301848 0.245444 0.104422 141.020065 0.686796 1.522399 0.040988 42.387026 95.730955 143.385966 
39.216910 217.576474 204.993559 159.127252 0.035823 32.494123 3.333229 0.312582 162.520834 1.937395 0.069341 129.024347 0.039799 0.824434 75.944819 44.882172 11.332885 
126.729407 0.125170 164.827614 204.090398 0.033533 34.977762 33.105026 0.403441 153.241715 1.713564 78.388276 2.008801 0.777844 20.832604 2.789468 0.452393 
16.220015 4.866592 78.509597 117.780030 0.037068 0.031563 146.789514 0.031004 146.666135 2.372586 3.024258 80.261784 0.735770 
11.004785 72.445504 204.953577 113.691438 0.030643 26.262428 0.031834 0.025755 82.436628 0.045316 0.073096 9.963188 99.950109 0.173676 0.070750 
0.077959 7.022790 99.745287 68.524818 0.015680 18.815523 24.479780 0.019266 104.544161 0.101100 0.046900 17.105499 4.100999 84.816598 35.455897 4.218712 15.367826 
108.979069 23.520264 172.252973 30.850043 0.030527 124.762723 139.414479 9.105141 212.805853 2.002140 0.024211 41.319401 0.208823 0.189583 0.127520 203.252065 15.061787 
0.160311 93.267565 82.238488 108.910531 0.035195 1.731298 149.115172 279.277511 251.202271 2.192316 0.060351 1.083966 15.804271 10.964093 0.071718 3.892857 
2.689173 73.162885 227.973513 0.056460 0.041051 0.111121 221.647970 3.674474 31.735816 2.012642 0.114522 123.274920 240.439747 75.815381 0.067125 0.040488 15.125124 0.353905 10.683719 0.165253 5.655696 
0.030720 48.899532 246.887466 0.053999 0.039909 188.664211 79.186008 63.270653 159.932351 1.633342 0.804203 0.049417 136.557709 258.781918 7.279312 9.648630 0.900700 74.737438 94.256939 1.536360 0.069261 64.024952 0.114740 0.029503 12.151326 0.314994 
0.550896 0.189054 102.057184 1.422851 0.037584 166.891220 157.185611 5.768916 113.297192 1.571139 3.552479 99.678459 103.314075 0.224518 0.050386 14.811049 5.111419 205.199029 5.199848 
0.554874 0.675901 5.134148 77.981352 0.040522 0.292635 76.785374 130.111310 98.947062 1.334910 1.713516 188.028339 94.852333 0.187817 6.404540 82.487777 0.168143 0.080546 1.453958 38.035612 0.091807 204.948059 16.055239 
124.241242 11.251730 150.666446 0.079368 0.042131 56.815691 55.513091 0.279513 1.231370 23.591692 1.660311 1.667005 65.121744 201.126078 9.601633 0.077477 65.287237 
226.119347 203.555332 0.048246 0.057154 0.042128 67.321665 225.942783 26.706232 2.508279 1.643307 0.164362 1.495672 274.421616 65.373023 178.905483 
216.883862 87.830395 1.900721 228.608126 0.035160 10.344230 89.513620 0.036270 0.050083 126.452682 1.180378 1.567857 0.112171 46.532934 0.223885 210.955182 22.132624 
49.545545 99.947645 1.177529 2.195210 0.053056 15.122765 67.062189 141.097549 87.085494 66.930165 0.107093 7.412536 0.037578 53.487248 
114.265871 1.447978 162.805257 1.994799 0.040250 0.061149 168.697692 146.498217 257.797023 27.901952 0.045369 6.409464 0.905028 182.519790 263.282136 0.288197 
97.047146 2.226182 0.180347 44.635145 0.024234 0.069070 0.839732 117.580851 7.620986 13.543981 173.850794 15.005461 93.078126 
124.349562 1.749479 2.673966 72.617979 0.029210 18.864910 83.472144 78.809645 136.225928 45.985699 0.043877 0.053493 27.543475 
71.723756 0.049268 0.043561 0.043458 0.038652 14.488683 57.795043 112.220777 131.969823 6.893814 14.712549 93.771077 11.433670 
253.042694 1.531477 0.645095 221.231700 0.042983 308.571145 27.118560 222.802157 11.572347 0.054297 36.181722 184.464581 5.136333 0.245460 
144.076431 1.479903 0.269305 7.601094 0.037732 50.620588 123.454647 354.968906 0.048773 0.090984 23.028871 33.000403 2.761505 4.320571 2.270921 186.011969 
227.261804 89.824760 0.146994 83.298336 0.056080 137.168406 10.737047 153.630147 0.523143 6.890079 111.847178 11.366800 0.056396 2.178203 6.458664 1.971271 14.790070 20.589716 
140.042296 184.503300 0.212246 58.989872 0.026953 207.110450 0.223743 121.314053 0.078154 3.191909 1.033780 25.662250 0.735143 0.790553 0.356613 
157.945151 42.610853 0.648402 20.360362 0.043703 267.695070 0.072111 278.391231 0.056464 1.389698 26.082422 72.236919 
99.700431 21.259842 0.225240 0.012807 0.014195 92.764612 18.485534 68.383699 0.044391 0.663558 27.247600 93.763599 59.052552 39.693452 
27.646683 96.512477 37.181815 0.058445 0.020599 56.059542 45.095307 103.066131 0.913102 4.527402 1.137304 0.015951 135.983761 0.092202 6.068385 2.995953 11.149426 
37.786553 6.022268 7.211710 0.192931 0.024459 173.046212 25.936931 158.739225 0.274452 0.853252 2.218211 126.874373 176.211436 80.636615 0.092918 61.384070 2.281729 0.125999 0.286425 15.176945 27.560001 
64.800778 0.384281 0.087659 0.114212 0.044052 157.793905 26.019547 143.036094 0.609881 92.441761 1.680441 139.023849 20.119422 
1.902508 74.446054 0.122266 51.659371 0.069634 78.625162 0.321129 194.359551 0.230457 336.637879 1.747498 168.587654 0.903558 3.918507 12.985952 1.141440 
4.504052 53.092959 22.652193 35.853389 0.032338 249.913279 0.062793 247.374922 0.345559 191.835830 1.639426 193.026113 0.332079 1.351163 27.522104 0.369304 2.334660 220.224247 1.555712 
68.518715 126.397472 196.027957 0.140339 0.064087 328.087287 166.169410 0.053282 0.192713 334.710202 1.868393 2.651920 2.094276 9.458157 0.340384 139.489472 
0.393158 89.054614 69.674199 3.492676 0.033439 0.052725 101.233337 43.653827 0.459002 167.220605 1.658317 114.774721 42.122918 37.035305 0.436608 
365.128307 312.172960 22.922999 0.086962 0.060874 0.393979 137.155251 222.736514 0.179775 229.323576 1.894163 0.272431 209.367192 0.542247 7.527663 183.549447 2.795089 
339.900264 1.484044 19.097173 5.508877 0.064575 48.982358 195.028855 231.071068 0.227487 176.471083 0.619989 309.021208 0.123750 2.546748 0.056977 45.850272 432.363264 
103.713099 160.398632 3.619628 2.053767 0.059259 77.057014 466.804466 397.082343 0.142935 108.082309 2.125448 1.633985 0.070025 1.099877 
2.708201 134.324120 2.927821 235.321520 0.051098 46.883479 237.004937 239.676211 0.393119 222.384520 0.135525 0.067980 22.465334 28.910756 6.070370 2.071392 0.137522 0.165508 16.356072 10.591035 0.607796 48.618571 
109.048618 196.341495 0.275216 0.021208 0.082708 146.157832 127.019408 0.261785 0.734377 60.066580 0.053031 0.207823 45.430451 0.270067 200.160364 4.577318 0.571032 1.443644 0.236280 76.658950 0.063618 60.974761 6.489194 0.406921 156.767067 0.231575 59.028979 3.227657 12.911894 
30.255686 129.945303 0.435131 33.391740 0.031529 27.855832 253.423012 91.971162 132.477716 0.234786 0.061776 0.379748 1.875247 5.551041 125.127344 119.035556 80.822065 
0.089272 356.552035 1.679271 28.433010 0.044137 251.604135 308.820008 0.745924 13.984574 352.289705 0.324801 0.478298 144.088455 22.463618 2.125241 
0.097036 121.865120 1.334770 71.500323 0.036329 53.122444 201.702673 2.179791 105.719033 154.100674 0.067860 0.764252 192.414302 0.685589 0.944689 
201.074610 125.171496 0.078983 0.037820 0.039573 0.955916 37.674640 1.656943 98.307386 83.041290 8.836335 0.963655 1.602037 1.411505 184.321853 194.039952 
166.008032 175.795164 20.196029 0.144015 0.060194 316.389777 1.059649 2.549742 127.916570 515.785191 24.248695 0.487266 71.227559 1.047311 11.685678 40.372571 
185.664055 93.546885 0.812748 0.067127 0.032573 154.304217 0.942819 0.741456 161.764504 154.979608 119.268635 0.029236 6.588555 8.734041 125.487112 5.406863 0.397117 0.895106 0.655463 20.028306 18.160232 
295.514702 176.118417 82.874195 81.148787 0.044263 9.876831 59.683748 1.768111 112.890704 78.203984 0.101661 0.757798 227.045318 0.097731 1.286049 0.170033 0.458160 0.317141 306.898264 0.091464 
193.839800 239.981443 227.472870 0.677066 0.048101 27.465405 0.047222 0.203880 321.938926 175.989067 0.205437 1.771716 7.680902 0.079006 30.415851 2.805688 0.104353 49.549760 
28.647135 432.962536 96.714142 0.621674 0.065019 89.083287 3.514079 0.328467 112.874091 73.369522 0.073993 0.138332 0.099453 0.612039 5.079789 456.536250 0.162170 38.906738 0.253704 
0.115977 163.448352 142.362684 0.033504 0.032810 0.375225 10.780982 0.107783 229.258009 125.877367 1.703189 0.054230 147.942089 0.054480 38.926008 3.709406 6.174820 120.458900 104.927349 0.708650 5.405772 0.117407 7.476133 
3.076089 248.908488 41.185162 0.183103 0.060377 0.240224 110.266320 0.152540 104.498132 80.036916 1.556487 103.725011 338.955123 0.540633 115.606626 0.768738 0.716205 2.528630 
0.122928 85.664792 7.404181 0.599618 0.043704 212.536655 97.451707 0.072400 127.910074 169.560693 1.919006 27.007908 194.978207 3.323567 
0.062550 27.465211 44.856367 106.110384 0.065703 149.651434 1.115711 0.712182 194.404630 74.109174 1.541305 1.822786 1.288735 319.831498 
65.613200 183.291096 5.812755 328.588774 0.036588 143.463556 0.183297 312.308690 0.164204 0.047376 0.270867 32.582168 0.042542 11.701602 0.037087 18.612316 6.080875 92.933994 2.977812 
10.108496 127.044274 50.358284 81.284886 0.037589 28.126701 0.736162 85.709123 35.311625 0.076529 1.741564 0.218694 15.570391 256.860544 0.552037 15.456333 
0.187290 156.965762 12.009192 0.213134 0.042377 266.408608 0.495895 130.171549 130.262677 205.574926 1.641491 1.956312 1.936798 86.798349 19.258112 0.253762 0.304829 198.350693 
42.982742 186.777793 50.077025 15.548957 0.044265 385.041075 0.696404 77.316120 0.083282 57.041234 1.678813 0.102152 92.389376 
34.401345 0.254004 0.742398 0.181153 0.037934 50.351343 30.910094 120.269877 265.331387 255.566338 1.992331 0.978241 0.623877 290.312751 81.545307 0.758157 
3.820722 225.695085 69.663742 19.978760 0.052257 163.245414 0.391012 102.371033 51.328170 90.201284 3.025021 2.637568 0.054178 
