0.000000 0.024112
0.000000 0.025122
0.000000 0.050110
0.000000 0.020490
0.000000 0.064189
0.000000 0.079511
0.000000 0.023428
0.000000 0.037212
0.000000 0.021576
0.000000 0.028077
0.000000 0.016703
0.000000 0.011513
0.000000 0.023978
0.000000 0.013384
0.000000 0.031366
0.000000 0.071141
0.000000 0.071267
0.000000 0.101021
0.000000 0.020228
0.000000 0.061784
0.000000 0.035272
0.000000 0.088398
0.000000 0.048082
0.000000 0.042091
0.000000 0.028697
0.000000 0.072009
0.000000 0.047364
0.000000 0.047493
0.000000 0.199164
0.000000 0.017734
0.000000 0.017632
0.000000 0.042439
0.000000 0.044145
0.000000 0.024544
0.000000 0.012084
0.000000 0.030620
0.000000 0.032199
0.000000 0.020684
0.000000 0.041256
0.000000 0.024856
0.000000 0.083023
0.000000 0.044783
0.000000 0.023616
0.000000 0.154787
0.000000 0.036216
0.000000 0.021923
0.000000 0.047229
0.000000 0.045030
0.000000 0.049015
0.000000 0.029000
0.000000 0.038432
0.000000 0.051871
0.000000 0.020126
0.000000 0.040782
0.000000 0.034572
0.000000 0.030690
0.000000 0.021713
0.000000 0.102090
0.000000 0.024998
0.000000 0.034506
0.000000 0.302533
0.000000 0.037800
0.000000 0.032471
0.000000 0.044907
0.000000 0.054502
0.000000 0.048458
0.000000 0.021658
0.000000 0.033128
0.000000 0.017074
0.000000 0.027449
0.000000 0.050679
0.000000 0.021398
0.000000 0.016784
0.000000 0.017280
0.000000 0.039733
0.000000 0.041257
0.000000 0.023355
0.000000 0.021720
0.000000 0.021647
0.000000 0.369563
0.000000 0.022825
0.000000 0.020017
0.000000 0.029772
0.000000 0.037671
0.000000 0.174278
0.000000 0.039573
0.000000 0.017781
0.000000 0.012583
0.000000 0.043362
0.000000 0.079964
0.000000 0.035160
0.000000 0.017477
0.000000 0.026046
0.000000 0.019019
0.000000 0.023018
0.000000 0.032982
0.000000 0.022474
0.000000 0.020372
0.000000 0.027441
0.000000 0.111168
