  80.753360 3035.873181
  72.549330 3034.805708
  42.348708 3034.008392
  66.755663 3035.862960
  52.716472 3037.926106
  28.661544 3027.341805
  84.628823 3031.145384
 101.139073 3035.990238
  71.094091 3032.760004
  53.725179 3027.560860
  67.586034 3034.780509
  90.809976 3027.514452
  67.389562 3029.261996
  97.491778 3033.210010
  56.235082 3035.976354
  65.405112 3032.630420
  57.710052 3037.990536
  51.711810 3034.751942
  77.373107 3031.972826
  49.529153 3030.423095
  69.911882 3036.944416
  43.977043 3035.093999
  42.401745 3026.359280
  40.613393 3038.762600
  75.871846 3031.529370
  46.280354 3033.860740
  76.874543 3036.865399
  41.553182 3032.483015
  32.833230 3030.871170
  80.278898 3028.864696
 101.736019 3036.952623
  64.849614 3032.650106
  67.234373 3033.382591
  53.877222 3031.671810
  96.138533 3023.354373
  48.153596 3031.587214
  79.017933 3038.067082
  79.454318 3033.964535
  57.899033 3033.628387
  80.269012 3035.719337
  52.619874 3031.562014
  70.835141 3033.335945
  58.826145 3024.430557
  48.625032 3034.177635
  70.751887 3036.143616
 102.636524 3036.067562
  68.217317 3035.856332
  58.130724 3030.551462
  44.556938 3032.029201
  64.070658 3028.580128
  54.086098 3029.066160
  57.645142 3033.643506
  61.801845 3035.494248
  64.821172 3035.664287
  35.877023 3030.778723
  84.380308 3034.858324
  78.973460 3036.879792
  47.056580 3032.394064
  66.042351 3034.460642
  47.858734 3035.248633
  42.449947 3031.991439
  73.724072 3032.365654
  74.110538 3034.771632
  59.395274 3031.279483
  39.009958 3030.204220
  65.535144 3034.322004
  44.432920 3029.918363
  77.685003 3033.015974
  78.812684 3034.279224
  65.147587 3032.973646
  59.901644 3031.022123
 103.849333 3037.877491
 121.813549 3033.305639
  70.005068 3037.665155
  63.008264 3031.924845
  53.051537 3031.262030
  63.570531 3034.676291
  74.368810 3033.013712
  87.296597 3030.571238
  35.581203 3032.235671
  47.105798 3027.448132
  73.694817 3031.009214
  59.150189 3032.794513
  72.550860 3033.716716
  43.736805 3035.668028
  54.685456 3024.249322
  98.270918 3033.870497
  79.542515 3032.477219
  52.399332 3032.703797
  34.447811 3029.729250
  66.434144 3037.827383
  81.013738 3035.038640
  78.211536 3030.021882
  89.657169 3029.655156
  78.212998 3034.918014
  64.664886 3030.559832
  89.343214 3031.871264
  78.779944 3034.849728
  35.220950 3034.882859
  55.893843 3024.139888
