30.333791 29.457525 27.550799 30.367871 31.138046 30.657325 43.146916 30.598207 30.020274 34.391430 36.713453 30.533893 33.739208 28.215566 37.812146 19.971124 35.696982 39.752100 36.821859 20.621460 35.565000 33.487929 31.589521 29.860100 32.038192 19.946303 
31.413354 33.624858 41.207712 30.895287 29.861326 20.825735 27.658061 40.155384 32.664869 25.130579 28.894615 35.179743 20.475771 22.177492 29.237020 31.989842 36.692838 35.891032 29.052869 29.750743 36.232442 26.614892 
40.197946 32.828484 34.149024 45.564420 28.375059 31.271456 27.973583 32.030520 
39.935377 20.566697 44.589082 29.401935 30.231710 25.609419 26.513872 28.221644 24.179742 20.891095 20.614804 36.187259 43.587997 22.752328 37.716448 22.828491 21.489480 27.697403 31.740269 27.545369 30.665761 
42.509273 32.544170 44.839496 43.911626 25.970488 39.683025 42.437572 20.352017 27.163476 29.402230 43.924624 
37.934177 21.087530 20.545592 26.879782 
24.390509 26.444488 27.283597 22.239252 40.976600 28.883691 32.877903 26.068247 21.564757 26.301154 22.987433 38.185325 36.387470 40.911146 22.577224 30.488884 33.581572 23.658437 33.267142 20.699503 44.711162 28.394589 20.274576 29.471151 27.310132 32.004762 34.903740 
21.269770 29.680610 23.372244 32.721852 29.664105 26.913203 26.672546 27.682458 25.630146 31.126154 25.291286 32.744136 39.056416 38.359430 20.130929 41.529775 35.205061 25.681267 30.901190 45.233910 20.136248 35.801101 30.117319 35.378956 32.656714 39.236571 42.221095 23.346125 33.340543 36.949523 26.929827 39.222205 
22.484652 32.434394 29.367712 42.674246 28.511109 24.069017 22.535403 40.076451 23.801856 24.007735 42.664813 20.537650 23.286887 38.981711 31.549089 24.193456 31.788033 34.092620 23.070451 24.925464 23.007924 
29.402184 24.173756 27.356533 33.246417 30.776778 23.546364 25.943117 39.190499 27.076674 41.759272 30.549889 42.494980 23.704673 30.439917 
30.751862 35.994476 44.017805 35.025280 28.729433 27.956337 28.655502 32.532896 25.529749 35.587467 27.295606 28.039528 25.683912 25.324354 31.795196 41.918808 23.491786 29.497780 39.249704 34.146397 31.365416 30.716099 42.592916 
23.691925 24.049368 42.838572 29.750221 37.913946 26.401182 43.455205 31.853273 44.610967 35.524326 22.394866 36.209774 33.659003 35.397830 31.219540 38.522476 36.789493 26.657889 34.416443 21.765691 34.110986 37.436393 39.946386 25.512296 22.732934 45.061162 30.731239 20.280364 30.363761 34.123815 30.537165 40.149738 29.829479 
28.249777 22.547706 37.431095 25.246956 28.465070 22.977733 45.197794 30.403027 36.146504 37.429136 41.809068 37.569188 27.924460 38.117497 27.562731 27.409903 27.517286 30.959672 35.056574 30.931286 
26.638612 41.736683 27.147918 21.216294 20.267279 20.617767 26.057921 36.410030 26.516491 19.837584 21.602488 22.065823 44.881489 42.045585 28.000841 37.788707 44.063028 25.301468 34.247636 38.433364 38.356358 26.048204 36.893967 32.672316 35.163653 30.384564 23.800080 23.170779 31.241570 21.330658 26.723619 39.204000 36.013013 38.656273 27.595669 39.631876 20.942189 
23.531815 37.055921 37.891598 38.460104 24.425552 26.593978 32.878812 36.706916 34.791113 26.060407 37.650037 20.251295 35.184325 34.114033 
34.171202 26.404651 31.969148 35.626971 38.413073 34.074060 22.003598 25.668882 37.663188 38.125854 24.854210 31.446862 19.972952 21.829772 37.319944 30.323586 
30.578477 30.384502 44.159527 28.995235 33.765629 36.265046 26.279152 29.248308 27.114376 21.751171 22.288003 27.680339 26.633608 28.058456 31.207777 
34.552329 28.844849 27.872811 22.648152 27.143845 26.308392 33.454564 34.899113 34.307827 19.979209 27.409002 
20.229086 26.152543 23.086322 32.706797 35.829925 35.054472 27.068561 43.420876 35.634309 36.653862 31.369303 35.352061 37.861763 28.971205 27.193707 34.679107 31.425507 29.322948 37.673262 30.928799 29.908347 23.450315 32.616801 32.109967 35.524018 29.116737 
38.786429 29.651114 30.412271 27.779997 36.954593 29.946835 31.590285 34.820317 33.538780 41.474743 26.739546 28.499911 
30.095565 25.492056 25.137044 35.632339 28.022642 19.807208 35.477527 30.772113 38.905515 26.458106 32.459628 29.376679 31.815180 32.670758 31.409163 31.685468 41.666846 28.178362 25.203203 23.940055 27.399274 
25.443814 25.899050 27.007994 32.915115 40.532486 41.477123 39.393973 21.921138 
29.263291 42.372566 35.559521 39.729676 37.211421 36.678624 20.462788 31.537134 21.139795 
31.786298 38.324638 27.502941 39.072466 26.453816 38.408027 23.713286 22.125333 
31.830487 26.617021 21.648982 27.670373 36.921222 42.293016 25.515292 44.063388 40.472597 39.485753 25.045394 22.368496 27.072855 40.624347 35.455459 38.331527 31.591603 28.107999 39.066235 27.463061 25.785160 35.402309 34.998798 
34.043745 38.960022 26.615159 33.670164 23.414371 44.627157 28.012488 28.542591 28.932702 
36.302939 37.454476 25.097621 20.071325 21.105316 31.764816 27.232576 40.206634 41.720271 33.289123 40.202645 21.254370 21.978543 32.666090 23.708000 33.156728 31.925650 21.493923 36.437013 25.562374 30.981928 
29.235438 42.318872 25.822035 45.474131 42.208280 21.431779 36.810378 36.357244 
36.084839 25.707061 21.926300 39.259934 31.843299 35.921858 
40.814553 25.488165 35.819196 19.893824 39.990427 21.119365 42.906792 26.296007 20.736674 21.720678 39.641766 30.189334 37.602279 39.056864 32.868964 32.137940 23.627557 32.741915 29.438925 32.124705 36.771183 22.337203 30.105520 32.986497 26.009913 24.453488 35.892456 
34.121820 35.717411 24.848542 25.724475 43.644859 23.376073 40.206031 37.403911 30.308864 39.069384 26.578923 29.290844 28.411085 32.855513 32.772220 40.762673 31.559688 25.091296 41.483370 38.111250 22.597295 29.049543 30.204024 42.171841 34.240743 35.777089 26.422027 21.367025 36.480642 20.102526 25.696244 43.977926 24.075069 22.395364 19.976412 23.099471 
30.918153 22.151077 36.871275 34.845055 20.165859 25.012193 20.484478 23.437910 28.771670 37.049219 21.078936 34.693400 19.844152 30.686399 36.744135 31.931316 25.393272 
27.476509 24.670550 26.210098 41.588470 38.626134 37.578714 38.284489 25.461928 28.207259 35.661851 30.337905 37.901499 41.219801 36.141474 37.172353 26.681915 35.579762 23.458077 35.569141 
20.893441 37.902001 36.234935 31.549512 25.308180 44.760374 30.243910 43.632536 21.070706 34.260813 21.727887 27.007637 33.157376 33.414998 23.565354 
36.323276 26.612163 40.717182 27.024240 37.149185 44.912005 24.911318 24.918985 37.497799 27.503764 20.132573 29.705519 23.641115 32.441228 20.928114 30.038850 25.323001 25.215782 20.777924 32.885649 30.143001 33.076893 30.579375 26.655999 31.850603 33.807455 29.599767 22.826494 40.040678 31.402368 23.225379 22.927109 35.966279 31.103491 23.528654 
24.718837 39.815400 21.527168 25.809556 33.841045 36.053519 32.084791 36.705501 30.834109 26.939871 31.391656 
26.135658 31.308471 32.719310 23.318259 31.707887 39.804381 26.512849 26.475233 38.960618 41.248194 36.890122 31.187910 42.547415 31.464591 20.472655 39.301578 31.006049 41.780481 26.311649 25.203993 29.948316 20.358006 25.692366 24.222063 
32.847074 29.499301 23.225490 35.479193 26.961943 36.289718 29.663132 28.627533 28.771613 26.816035 27.376469 20.170422 25.076268 23.008094 35.303791 38.451594 30.201967 33.417487 30.491818 29.058544 33.600813 26.689361 23.388507 34.391115 32.601490 
44.597598 38.112854 24.680972 22.667279 36.615368 35.301519 31.764719 38.653867 34.529137 28.848998 33.839605 23.001304 25.212398 23.332951 33.487015 
29.559287 28.986382 31.282829 36.030795 33.257945 43.553135 28.191601 25.033255 39.745550 44.098212 29.206118 38.375741 35.370347 31.449140 26.344477 32.841467 33.552958 34.918275 24.588080 33.596160 32.398956 34.558900 21.172810 33.487457 32.517128 
25.446647 31.469064 43.659899 29.271895 32.881471 42.511527 28.433972 21.756917 43.227666 25.352561 33.849308 21.378401 
39.561100 29.202450 43.513344 42.026022 38.785629 27.344287 40.568917 31.062813 36.037556 22.073338 42.263725 22.098997 33.360817 33.073461 33.513067 22.140024 41.791726 25.596895 31.521800 37.601635 28.969308 
26.351716 39.037110 36.068249 27.940972 35.622382 26.099343 25.916258 27.765190 28.083576 33.071700 24.344310 27.290833 30.562302 23.972295 25.029225 45.132213 
34.302843 42.942122 37.420878 32.542390 41.645152 22.585758 32.073021 36.254029 25.009570 40.601895 
39.502185 29.362747 32.757998 21.229215 26.455363 38.437654 26.971956 39.633211 24.024380 31.566063 43.407855 22.764717 34.665552 33.680382 33.472511 24.797704 30.442798 35.884188 33.412869 34.695225 28.152505 
39.524823 32.315532 22.750796 35.003512 40.603110 27.639750 33.257300 42.170104 25.347636 37.254992 40.138965 35.063352 35.482471 32.547936 28.519932 27.863952 26.622887 34.013092 39.054526 27.773836 26.446350 29.620208 36.668154 37.070351 29.711166 33.245661 29.249225 34.909718 26.236059 32.281588 22.278397 43.865096 41.198936 29.254766 
35.321367 27.870139 43.461843 40.906156 28.384535 28.581503 31.611414 23.337775 34.330155 35.938370 27.507098 30.639582 28.201256 20.052269 33.170227 28.589489 32.110822 38.959980 
36.925745 36.912247 42.889793 26.384121 27.325758 23.332371 22.785508 30.952003 41.262617 23.035314 25.539352 28.740264 25.216357 21.394334 28.309698 
28.070714 20.912984 32.688748 27.860696 37.389737 21.050184 20.391008 41.231875 23.445532 38.499081 
26.474963 23.641563 39.584764 33.930810 39.464109 28.948374 44.047738 28.289835 32.209034 40.931868 26.789801 37.957558 33.502078 27.410882 39.866921 27.104572 23.214236 20.989007 
34.716606 34.752250 42.254936 21.302170 37.344448 42.805516 22.929312 43.107068 19.802291 39.278896 45.048530 34.733292 24.778182 
31.833138 23.883204 37.072568 25.267081 44.961003 33.460128 28.795147 37.781454 41.048442 35.588294 33.418087 31.156607 26.761312 21.390176 23.802428 
43.756733 31.539905 22.501092 26.073606 33.628256 31.317597 27.010455 29.319255 33.145350 27.142487 38.188954 26.075295 31.916525 40.611057 23.263322 20.227247 33.778722 20.516491 25.864113 38.283821 29.143885 35.944470 
28.078280 23.178495 30.571458 22.895891 41.364374 22.017676 36.697519 28.072396 32.087231 36.455721 33.662430 26.392617 25.448885 30.967740 37.868828 41.355663 27.160144 24.473596 
32.717602 44.491814 27.524679 26.444603 29.228798 22.783705 39.942694 25.367390 22.649065 
27.448589 22.731869 29.422663 28.837103 23.456282 32.774345 36.316314 34.872852 36.502729 29.956784 27.524849 30.084240 36.174415 32.203538 39.477035 22.469092 27.893983 43.203432 36.176041 21.300891 42.917971 26.861359 44.163182 45.440345 21.860118 23.845925 
37.770503 35.256142 27.285442 40.556950 29.434220 39.817598 44.280414 30.211803 22.267172 23.408074 32.350844 29.640521 20.377512 39.126517 29.595786 36.733609 25.772953 29.978555 40.056477 36.856151 30.501844 25.564512 29.020879 32.614595 28.179846 
42.034284 29.817762 33.141967 36.941125 28.623981 25.601035 33.726304 33.092470 28.877758 25.821188 
34.644589 20.300892 36.362254 38.622334 34.815135 29.073986 41.150490 41.219837 43.161478 37.931361 37.528880 20.370953 22.554580 32.563109 29.647120 19.956576 31.826676 21.984368 40.852554 
24.298919 33.778524 36.016806 23.358837 35.448095 29.364264 20.183267 21.783533 26.826791 22.813987 30.407508 
40.843263 29.837111 35.644347 27.373014 36.137980 33.457753 35.082277 
25.525259 35.072756 27.558238 26.806623 31.430491 36.308250 38.133833 32.569885 42.025640 39.364768 30.622973 44.644158 27.067472 41.462752 39.026186 20.137936 22.003145 41.818950 33.815292 20.113475 24.504983 
43.948000 32.490338 21.450595 27.113690 24.493312 26.844395 32.920085 27.025085 23.404901 24.950326 44.756512 35.064291 31.870024 28.935372 24.572411 31.953008 28.689874 35.997754 36.694225 32.562332 37.846686 
24.391583 28.738667 23.862500 43.600115 25.031992 34.925937 40.229931 28.675768 35.598981 36.161161 28.035109 25.394127 20.568630 23.150019 38.525048 
25.933341 23.011392 38.197895 25.526508 31.376579 30.653173 43.182903 
44.955153 27.912411 31.393554 25.346817 26.828720 34.561678 32.131346 40.822261 25.399828 25.156246 35.373958 22.734312 24.036903 26.560129 32.405656 34.809738 33.487418 
32.553871 44.507552 23.979830 22.231003 37.651707 26.561993 37.280436 37.376425 34.296138 36.975289 33.921346 
19.888781 38.986645 28.555399 26.222490 25.893203 35.212744 31.485878 45.197482 42.578646 33.729665 33.811464 35.127100 24.935015 34.969615 25.623302 30.630471 28.941312 30.997364 26.697672 26.017840 31.327415 29.834086 
22.341234 40.157898 30.073518 21.413607 29.783808 33.270175 42.286230 30.253468 22.454747 42.992752 29.147325 32.421921 20.958248 24.633225 42.987279 32.667651 37.495581 29.242847 27.462791 28.501941 36.802526 23.465055 28.724723 43.845372 23.852703 43.766508 
20.718415 27.653291 27.528468 20.372669 25.918244 30.506264 38.279632 30.324727 24.401780 30.183994 41.168473 22.288239 39.021789 30.245899 40.602858 40.066115 38.822972 25.076607 37.969961 
25.161389 22.740191 28.838768 37.218845 38.902412 33.762874 22.634822 26.720653 20.803745 37.666433 39.942318 27.948265 25.569020 32.033950 35.533501 28.089148 
29.980044 23.914710 36.486044 28.458755 42.289492 42.186302 24.843973 42.678861 23.888753 29.239361 40.798828 24.273331 32.567158 28.333918 33.682183 24.327238 22.417409 35.813087 29.368172 30.294410 31.178331 28.280964 30.029217 31.793824 29.670067 27.146061 21.731383 31.406354 37.231117 31.936758 29.232436 29.789981 25.763147 29.856378 37.317963 
24.256376 22.184755 37.492830 41.382429 41.420074 30.997302 24.864465 21.578586 31.938572 23.751540 27.286007 30.481590 30.944581 34.923626 30.667687 28.572253 32.433123 33.289835 31.683561 37.957757 26.212587 27.749274 44.424399 24.401848 31.625212 39.511077 31.151402 29.185681 31.265580 33.034986 30.169089 43.577815 20.060274 27.962675 33.804482 33.635428 28.362325 38.057573 26.266126 32.227472 42.318482 21.874519 20.233179 34.098910 
32.555041 30.007136 32.210369 32.208704 24.292966 24.977266 33.383865 33.061355 25.947727 31.999092 32.392763 34.633967 26.212397 35.951003 35.194261 24.087152 37.261222 27.124145 34.438649 36.077749 21.445713 25.171423 37.747468 
35.526725 23.887535 22.971142 32.114907 28.306191 38.872103 31.913045 23.211522 29.902233 42.574924 31.974700 44.031443 34.831523 32.654829 30.361516 42.176829 42.726011 
30.833178 23.208837 31.866676 32.805434 42.529140 23.555310 27.225350 37.252018 26.112943 27.147883 34.266726 42.260264 33.763990 
23.828261 37.610836 42.237169 27.383514 25.785693 32.578397 39.478331 31.466893 30.804454 36.043856 25.620633 25.873048 20.442057 23.131446 27.411184 34.101246 33.159696 25.067286 33.571198 
23.214530 27.908415 42.159260 20.451441 35.235630 20.855240 27.530079 33.774997 27.374389 34.383768 36.676133 23.971581 32.883170 20.616659 25.594798 28.398111 20.652006 33.354349 23.289159 30.293766 36.133964 35.532204 22.290489 
26.274387 43.900889 26.426979 36.797238 27.179616 26.352856 25.258539 34.262282 34.353263 22.516249 23.254132 25.791280 32.646324 24.707149 28.529193 32.038226 20.756571 19.786901 23.197800 29.439684 37.986541 29.084056 26.844854 28.599063 35.972846 23.065140 20.917832 25.207347 
36.635700 22.106122 44.741510 34.771583 39.478604 23.602425 
27.867466 41.474129 28.264822 30.265315 30.348221 32.247020 27.449456 20.786004 41.265326 29.532114 24.834155 35.180985 39.105151 30.088225 23.151125 22.757454 
30.753062 20.794588 23.421613 20.434165 31.679478 20.205692 26.989491 35.357522 31.820875 29.836899 42.713587 31.344745 45.503199 32.636309 36.945091 32.970029 29.232228 34.979250 34.435046 34.618987 31.539815 41.147717 29.950433 43.488858 
31.859977 35.577577 35.402294 42.186352 29.655002 30.099330 33.986305 21.480880 39.088889 37.580371 37.699344 23.653079 30.531091 30.797455 27.767827 31.385387 
30.703756 31.264594 26.976146 45.407075 23.866355 39.331354 21.301637 33.734975 23.339274 28.294917 25.804792 36.070909 32.194594 33.735097 20.630274 21.193767 24.832842 31.567239 27.657284 24.325584 34.420856 
29.667784 42.027911 35.598193 41.513448 30.471774 37.656252 34.044362 22.774252 
31.026243 30.557330 40.477015 22.837648 32.268627 24.930091 41.996463 38.288327 27.221822 30.796699 25.923328 31.793860 36.634158 
30.183160 31.353348 23.926223 32.204603 39.078693 26.627306 44.570410 28.579061 21.955582 30.738858 20.226358 35.168395 34.341701 24.548985 26.947238 28.976270 43.560441 34.603081 36.082785 32.962127 35.357967 39.077703 29.403914 28.122683 40.890980 28.737167 31.712423 19.969580 29.089360 35.227603 25.292785 31.632527 21.635056 27.789095 25.718357 30.416122 
37.187041 35.196273 24.774394 38.740503 30.757275 37.727436 27.301440 37.677085 22.984737 31.833744 40.451888 31.641638 20.214254 33.019070 30.561238 22.056257 20.674277 29.237329 41.262653 32.234538 29.884874 31.286954 43.010963 25.747069 26.202405 24.389549 24.940008 41.237978 34.797013 35.909211 
37.480640 26.456120 42.379278 30.259015 27.347139 39.719269 34.719113 29.729645 23.993285 24.247732 28.569209 30.015234 19.926342 
37.683595 21.858519 36.943154 29.224620 23.075815 25.871475 38.373827 
29.024158 40.203036 29.335072 39.546806 30.449497 23.768788 36.068308 40.021565 37.439802 42.160301 27.970663 29.324728 23.592302 45.021735 25.418829 34.179232 32.417276 24.993087 35.229319 28.748228 
32.429692 20.270637 41.103258 29.405852 34.337112 41.092064 27.637897 27.921048 30.375783 41.310578 26.725023 20.552179 34.403163 29.880102 43.163399 40.701405 27.264086 29.892665 25.573335 23.675618 38.679963 29.363784 25.925641 24.863327 34.663360 42.016220 19.786108 
33.999695 26.656920 34.901135 27.797358 24.883131 27.500388 32.545268 35.666561 41.687208 23.368288 40.596807 29.002816 28.390482 41.353924 29.119950 30.357477 31.224553 27.136062 39.219806 27.047889 21.970652 39.990735 39.746699 
27.315940 37.484604 31.297861 23.596454 23.374449 23.374905 21.468420 43.788307 35.041803 40.160509 29.240848 20.456818 35.801677 38.397003 40.638621 36.148565 30.589712 33.238999 27.924207 25.235344 36.410926 21.797397 31.372136 43.317115 25.311920 39.911362 29.871390 43.937020 35.523759 
31.302032 36.564109 30.165306 32.379423 31.967272 30.155655 34.325742 26.127478 43.647197 41.870032 25.552730 20.243582 40.978061 40.585125 44.004172 41.309450 37.800167 33.704529 24.370969 32.361246 38.401687 21.772721 23.260795 20.101631 34.865174 23.884958 
43.696698 42.390262 31.865823 30.781357 22.526203 24.447570 20.907088 20.257618 29.219538 38.827024 34.026903 21.081690 33.108795 30.919231 44.158766 20.379665 31.243874 32.779083 
29.164311 43.405458 24.280980 30.355634 36.765070 31.954703 28.329886 27.966567 33.113572 39.543791 29.008444 37.669948 26.745992 30.873217 26.821968 21.072746 22.640613 35.626323 24.185393 20.736326 35.381177 20.749963 29.012226 25.982568 28.534417 44.047386 28.897974 24.842363 36.490279 
26.258347 33.723170 32.531687 26.240036 21.717151 32.243445 28.026648 25.113497 29.084806 27.410839 27.198084 29.237660 42.051950 37.600758 36.856335 26.491249 30.146730 28.592680 35.483081 25.207589 34.224332 31.897398 34.858706 21.801619 
30.257266 35.317769 31.019593 34.645149 43.860569 37.043970 29.279745 29.628865 
31.763545 41.347993 29.851007 37.632266 38.689840 25.142664 27.067770 23.181114 20.734613 21.877328 40.073748 32.509164 
