-89.593851 -92.123853 -80.349803 -81.510009 -92.761616 -99.577371 -66.721356 -72.145639 -85.077797 -84.269535 -83.056008 -84.601600 -90.157009 -95.868527 -72.843675 -81.735171 -77.957740 -71.532845 -84.774996 -89.528652 -88.553610 -92.375509 -71.594363 -91.800243 -77.668130 -95.337313 
-94.669150 -76.096984 -69.523142 -70.810237 -86.994948 -93.707280 -94.361892 -76.173108 -75.503131 -92.778774 -71.639749 -72.959312 -78.439889 -91.149278 -84.405269 -69.410748 -79.499933 -84.640859 -77.583416 -74.909132 -77.929366 -77.571571 
-80.596353 -79.764249 -85.951243 -67.483942 -90.449335 -73.118174 -96.911795 -93.275418 
-68.866879 -88.283730 -70.498804 -99.879188 -96.696790 -81.543395 -82.214562 -77.885119 -93.033028 -79.854646 -91.823743 -87.674132 -76.452655 -89.722060 -86.261727 -97.090910 -83.512933 -99.250954 -81.839133 -81.825413 -73.881927 
-68.345744 -75.719981 -69.904599 -66.005795 -86.615444 -77.730672 -67.386352 -86.662083 -74.867405 -85.795418 -74.563488 
-83.487899 -88.311006 -93.702796 -81.689410 
-85.881296 -93.513411 -76.429869 -93.233388 -68.701805 -87.106893 -87.837617 -98.973435 -95.325667 -94.274965 -79.693194 -81.732424 -72.358299 -76.822791 -88.218850 -79.463495 -87.083718 -80.006925 -94.976448 -81.950486 -67.015701 -84.514079 -93.895955 -71.162259 -79.301709 -72.002360 -76.947097 
-92.763798 -94.540410 -87.911941 -88.705493 -81.035280 -100.578554 -73.294512 -76.446359 -86.134376 -71.581019 -93.100037 -78.513895 -70.647883 -74.818576 -80.618365 -71.699541 -77.832016 -74.709627 -84.635706 -70.810404 -88.440711 -84.915686 -85.520818 -84.884202 -88.417537 -79.151663 -67.252399 -85.778860 -76.181890 -77.828267 -77.506690 -69.671595 
-90.631714 -94.861672 -99.408317 -73.769586 -90.761696 -87.713349 -81.237430 -80.959432 -76.538345 -90.476050 -70.020010 -87.907548 -76.969326 -66.844279 -88.614865 -95.884767 -96.740559 -85.358803 -96.845633 -78.826807 -77.381460 
-95.406904 -94.806293 -81.746649 -92.501791 -76.571358 -89.750689 -81.868170 -75.690702 -73.801174 -73.151824 -82.711907 -64.290516 -75.456183 -83.626442 
-96.226445 -75.178336 -68.351471 -78.088165 -87.478941 -89.420517 -74.556663 -94.894154 -92.381064 -74.399066 -91.315555 -81.190818 -84.247077 -84.274446 -81.821463 -71.232992 -95.237890 -78.760882 -80.651816 -90.538636 -98.523254 -88.952794 -68.905791 
-77.265312 -85.811066 -73.850457 -90.422534 -71.067257 -98.804777 -65.988257 -74.177727 -73.963255 -70.914554 -93.320909 -86.535775 -70.911362 -78.898853 -76.269340 -81.676125 -80.131218 -85.776831 -69.952209 -79.389982 -72.636865 -69.489210 -76.808521 -96.048284 -98.476584 -67.473716 -91.795402 -88.330291 -88.791967 -76.917702 -76.605076 -69.069858 -76.509831 
-97.823986 -92.729318 -67.294524 -74.434298 -79.671595 -83.927297 -66.210544 -98.035097 -78.194028 -77.440264 -67.488658 -71.010824 -95.505756 -78.364300 -90.058913 -96.124046 -84.808712 -72.579014 -75.699907 -74.910321 
-99.212003 -69.442485 -75.517557 -88.028114 -88.748304 -93.121153 -93.639838 -75.114245 -79.647748 -78.634578 -83.262231 -95.471174 -67.283524 -65.706834 -99.593822 -78.365581 -65.178092 -74.326001 -89.694523 -84.384391 -69.723806 -73.550834 -74.823171 -75.294868 -81.951675 -94.457691 -87.313545 -75.614081 -80.019165 -95.742710 -95.335182 -66.379010 -67.267423 -79.321687 -84.936095 -78.956509 -79.522337 
-78.713600 -79.957933 -68.309139 -72.226502 -92.446022 -78.113565 -73.143327 -74.827239 -84.088049 -96.328698 -70.885285 -90.491017 -70.093017 -86.958118 
-69.413092 -88.536171 -88.667491 -73.943838 -73.681625 -92.624334 -88.170762 -90.428834 -83.597162 -78.858028 -78.505381 -71.981207 -95.974697 -96.417569 -77.953114 -86.695434 
-89.669062 -97.078287 -67.824686 -93.837185 -72.166509 -87.074186 -80.564031 -82.717022 -80.413492 -94.062658 -92.866540 -74.106832 -80.211507 -85.926277 -73.226753 
-67.809386 -87.164748 -93.419247 -76.089654 -83.476509 -95.902040 -91.196533 -81.152307 -82.507819 -91.594201 -91.205862 
-93.663845 -93.008004 -77.802829 -70.267495 -68.657156 -91.102355 -88.844236 -69.079789 -74.931681 -80.302397 -83.136329 -79.778347 -81.197457 -79.552629 -75.595693 -70.408839 -98.927295 -92.492696 -67.465433 -92.651342 -92.526979 -98.813414 -94.716610 -80.986628 -67.509380 -88.105211 
-69.830668 -79.616011 -97.001920 -89.498902 -75.459279 -83.036514 -94.464424 -74.158799 -92.525991 -76.151840 -75.866021 -78.722932 
-97.927751 -99.626369 -93.647644 -76.705207 -80.247731 -89.029093 -84.593163 -94.810120 -68.901023 -77.836740 -71.428794 -95.096186 -84.349388 -73.912601 -78.504219 -80.829316 -74.186764 -75.236791 -88.878763 -75.064321 -77.887741 
-87.967846 -77.220092 -93.312311 -77.472960 -68.165484 -72.954831 -80.100456 -94.795226 
-89.447474 -65.705770 -90.413902 -74.844053 -71.834859 -73.803758 -91.031330 -80.985968 -78.313802 
-93.363888 -74.332222 -93.091379 -72.790523 -78.347436 -66.421065 -89.437279 -79.054472 
-97.114336 -85.291521 -80.925354 -97.851455 -75.387191 -71.104608 -100.511280 -66.108536 -66.239423 -77.030043 -82.728279 -78.613356 -98.578310 -79.442559 -67.524868 -82.985302 -99.249689 -89.754012 -70.488008 -83.223188 -74.645913 -78.868631 -84.701021 
-88.933115 -74.591789 -88.947708 -85.448092 -88.151023 -72.742362 -84.027137 -76.282369 -87.075747 
-68.034160 -76.452087 -78.775134 -86.870775 -81.958122 -73.717433 -86.141423 -65.924072 -65.916268 -87.422725 -65.877503 -93.985323 -92.250413 -75.081279 -77.755123 -72.896997 -83.753389 -79.659067 -81.246089 -80.507255 -73.686933 
-84.330426 -64.421243 -96.517984 -69.178436 -71.620965 -86.479680 -69.010695 -83.955159 
-77.922863 -97.725187 -79.305798 -75.098381 -81.284286 -81.774567 
-70.404733 -91.603446 -87.363823 -89.957161 -66.845178 -86.557659 -74.362521 -95.077481 -94.664899 -91.737305 -66.505723 -71.255611 -73.928525 -74.873365 -77.781061 -77.477867 -83.004406 -86.294921 -80.689417 -97.806863 -71.190916 -76.884679 -80.075176 -75.948172 -94.322119 -88.152892 -81.315882 
-88.205176 -79.637432 -81.013330 -96.615287 -75.253355 -96.907851 -68.720551 -71.105352 -85.251833 -66.750860 -90.039312 -71.889994 -85.314789 -94.671622 -90.097625 -72.779991 -70.931198 -89.585724 -65.953568 -77.444966 -93.458497 -71.577010 -71.884830 -69.540528 -73.439645 -70.054029 -95.901317 -95.145404 -69.435350 -82.078663 -88.446154 -71.994606 -84.053403 -83.348719 -84.922588 -83.955068 
-94.978956 -78.954853 -70.462580 -77.215683 -85.163332 -92.844609 -94.442851 -78.064577 -72.248704 -87.132977 -91.704521 -84.232847 -84.576644 -72.954387 -83.186828 -88.461046 -85.740732 
-79.296441 -91.003773 -97.133596 -70.353822 -76.926375 -79.349446 -67.524317 -76.183188 -71.847995 -85.088683 -72.630974 -83.286855 -72.652947 -86.597688 -81.080174 -72.988623 -71.641588 -98.827839 -79.081205 
-89.997002 -81.935015 -84.477603 -93.912949 -77.282023 -69.098446 -83.068139 -76.247883 -88.677174 -88.552681 -88.956463 -74.435360 -89.938723 -68.802976 -79.894074 
-88.435028 -89.421888 -70.836460 -73.476045 -78.159190 -68.119285 -99.815351 -93.085020 -77.398156 -86.682182 -88.055702 -77.477922 -76.607905 -76.788597 -97.345759 -81.261156 -86.361352 -82.735851 -80.189275 -89.335972 -77.013099 -83.340553 -72.218893 -79.521222 -85.566731 -88.455572 -76.095866 -97.069552 -69.778763 -98.673633 -82.938464 -88.342272 -68.756478 -71.639039 -96.868065 
-84.685958 -65.918854 -81.344987 -91.946519 -90.875373 -78.988504 -92.810929 -68.345368 -82.883553 -96.609475 -72.906338 
-79.399914 -79.781859 -95.153923 -83.029136 -83.383448 -76.908736 -92.627385 -75.287010 -65.455681 -73.052939 -69.662543 -77.598022 -78.435112 -84.814951 -85.860176 -80.407412 -89.298938 -67.463351 -86.135172 -78.778215 -82.951894 -84.306690 -89.594963 -76.943925 
-71.643819 -94.147677 -78.409551 -74.694413 -92.651186 -71.098137 -89.338869 -88.476122 -85.100068 -83.578667 -83.890374 -85.857802 -93.682844 -84.826684 -86.831503 -68.582351 -98.378559 -79.157749 -89.207831 -77.000566 -93.417695 -84.563265 -91.872024 -81.205427 -79.067601 
-72.563448 -84.614947 -87.488255 -83.147183 -81.381340 -77.440858 -69.819565 -75.812196 -86.971859 -86.085499 -83.079896 -92.065511 -90.493156 -91.917805 -72.043596 
-95.770836 -95.039525 -79.361547 -74.100659 -75.734589 -67.190833 -83.008405 -93.647941 -77.637135 -68.648807 -95.547632 -75.826497 -68.614522 -77.725106 -78.477538 -85.962313 -94.178168 -74.664767 -89.473709 -75.098737 -80.404201 -69.590172 -81.458704 -73.919985 -87.871124 
-86.889642 -70.962098 -72.074962 -72.106995 -87.761776 -74.902778 -81.493406 -87.683469 -77.332314 -89.286988 -70.663575 -97.148281 
-69.336914 -74.432828 -72.825809 -70.149880 -72.384309 -83.190556 -65.094257 -97.490177 -76.260300 -93.094930 -78.886776 -90.881736 -71.635676 -82.849736 -80.612339 -87.333718 -70.098251 -86.777020 -73.794130 -83.634412 -86.323159 
-91.022290 -73.109503 -83.127003 -92.819300 -84.111034 -74.263930 -88.511378 -84.533268 -75.936831 -86.357755 -94.270980 -85.864056 -72.240555 -97.549220 -86.526586 -71.589009 
-80.808843 -74.783498 -84.539578 -80.756970 -71.292792 -83.450982 -85.987145 -72.718428 -79.480608 -68.152448 
-77.030445 -95.830851 -71.523121 -96.255028 -73.279478 -80.589020 -88.475963 -70.600907 -78.278216 -98.120658 -74.671519 -86.092646 -70.529321 -74.862375 -80.285150 -81.396857 -87.934619 -78.792123 -92.402265 -87.903934 -77.027291 
-75.388914 -77.852433 -89.203213 -76.244515 -75.557585 -90.957922 -82.926508 -67.120454 -83.728895 -87.227976 -74.461268 -71.996488 -85.571456 -78.597368 -94.243281 -99.297833 -82.825917 -81.596695 -69.906661 -91.487591 -78.192825 -85.735990 -81.869735 -81.788033 -97.063515 -78.268057 -90.621333 -91.320649 -81.668124 -83.379001 -95.814377 -73.142662 -72.339748 -71.103060 
-88.253314 -74.018135 -68.395704 -74.186508 -96.038285 -75.617730 -88.789744 -78.038727 -68.523187 -67.632822 -82.407975 -94.380644 -100.025911 -93.479330 -82.831822 -86.995030 -94.215521 -70.647068 
-84.658797 -85.481914 -75.067795 -99.256864 -88.786300 -78.685440 -83.252504 -93.919159 -67.042443 -96.291131 -97.398392 -84.022754 -93.424038 -91.814555 -94.940095 
-84.291026 -92.904945 -85.622829 -92.450271 -81.650252 -82.482974 -90.187351 -69.248400 -87.393046 -76.497794 
-77.737249 -96.933150 -74.721553 -81.739540 -80.840943 -96.265327 -72.429603 -79.644785 -85.663946 -77.933013 -72.702936 -68.775705 -83.075154 -98.019998 -80.442757 -82.529116 -85.904324 -84.138594 
-71.201317 -77.361702 -64.450056 -79.364592 -86.996947 -69.108183 -81.802350 -70.383646 -80.161944 -66.159863 -66.388252 -81.106594 -91.506523 
-95.879441 -89.594683 -84.031440 -75.095656 -72.642520 -87.661543 -74.265830 -68.657255 -66.378844 -78.633147 -79.207920 -87.540629 -81.298813 -85.786733 -85.694846 
-76.194168 -78.885610 -83.948434 -87.095086 -79.679371 -94.840711 -84.100195 -80.109465 -82.646851 -86.581354 -72.209833 -93.969148 -83.920342 -68.847103 -83.966451 -83.061950 -76.595097 -86.512896 -78.743371 -69.881143 -80.731255 -83.869604 
-86.412921 -82.101847 -90.033587 -86.886768 -69.277475 -86.877922 -81.117401 -83.428348 -81.184352 -77.462656 -80.139575 -82.843114 -92.346103 -92.730147 -68.013303 -70.639484 -87.652979 -82.008289 
-93.474840 -71.886115 -73.082425 -75.965450 -76.940743 -87.321963 -70.894687 -83.072467 -84.697202 
-72.921851 -90.004694 -95.913606 -92.403694 -87.985539 -75.401750 -75.859047 -76.322616 -76.934228 -89.194247 -83.014279 -93.562303 -77.175431 -73.979827 -79.501794 -98.234833 -89.783450 -76.040862 -87.273172 -79.924670 -77.970585 -87.193137 -65.523785 -66.719379 -85.537399 -94.667266 
-66.337491 -72.894476 -95.633587 -69.146906 -96.478620 -73.250470 -70.698951 -76.625864 -89.039154 -78.018274 -96.413407 -73.925807 -82.634998 -70.803550 -84.694444 -69.262587 -83.398998 -80.810431 -81.182830 -69.899951 -80.326903 -76.070630 -78.540111 -84.613696 -85.936751 
-75.417729 -70.167158 -80.002031 -75.590765 -91.250813 -96.084655 -81.838279 -73.605537 -94.725001 -91.429437 
-71.638535 -95.076236 -79.336497 -81.865208 -86.744969 -94.145369 -78.502951 -70.520040 -67.651899 -72.677171 -66.727609 -81.671338 -88.221288 -92.725741 -74.947788 -86.971745 -81.651191 -82.634539 -67.436334 
-93.029122 -71.236661 -76.977870 -95.124504 -71.882833 -86.862289 -94.756504 -93.348808 -96.598699 -94.307057 -72.996941 
-73.602618 -79.698591 -75.616198 -99.792659 -85.541688 -77.513924 -83.302949 
-88.355646 -90.841510 -86.883761 -75.873611 -79.754472 -87.150472 -85.287628 -70.582106 -65.927460 -70.774891 -74.807860 -69.369899 -84.357074 -69.462601 -69.284065 -89.484845 -76.970191 -68.877317 -88.325158 -90.584506 -89.146262 
-75.083097 -78.041065 -82.221171 -80.576994 -95.153335 -99.816780 -93.544877 -73.701821 -84.656705 -94.474614 -71.771491 -72.975878 -95.358555 -83.488158 -92.847545 -91.917644 -79.672410 -71.300767 -67.522112 -96.713498 -84.134922 
-97.067430 -94.830122 -77.137136 -69.626864 -93.658015 -79.297612 -74.815712 -82.311256 -85.776326 -82.496645 -93.187416 -81.278312 -86.450232 -96.859481 -68.292086 
-94.399358 -91.657411 -71.704874 -86.885403 -92.240857 -89.250727 -69.484106 
-69.694889 -97.347130 -84.805498 -88.185888 -99.295036 -80.775191 -94.069985 -76.139445 -75.756853 -74.378015 -79.483164 -93.234051 -93.678999 -80.453039 -84.330917 -68.178748 -91.965028 
-74.979735 -65.814200 -87.572378 -76.783038 -71.704849 -76.137642 -69.728204 -67.639681 -80.194977 -74.349657 -76.921019 
-88.942403 -75.537453 -72.280517 -81.087151 -74.711162 -69.691414 -78.492215 -71.070565 -78.495559 -79.532920 -90.992509 -70.749310 -81.641175 -78.969861 -81.707770 -75.734546 -75.265652 -72.370967 -85.443187 -78.852555 -69.723272 -83.393992 
-92.922877 -75.092763 -99.889375 -88.962946 -84.792271 -76.443821 -69.400633 -85.769715 -86.282809 -76.820810 -78.505568 -78.912874 -93.578948 -81.744840 -65.230414 -91.922154 -70.558698 -92.997717 -75.575828 -75.766153 -84.075260 -79.575612 -80.795835 -67.035440 -93.759868 -65.317063 
-92.965474 -88.128631 -89.368384 -84.610804 -78.330560 -83.896277 -69.209850 -98.768069 -96.697428 -72.754437 -73.427269 -89.886647 -75.353312 -86.152260 -78.980070 -69.394020 -73.968250 -78.074878 -80.882349 
-85.634772 -97.718917 -98.122343 -86.523287 -81.353567 -68.817525 -88.214087 -86.559566 -82.163485 -74.472465 -71.151660 -92.078207 -97.504043 -84.332242 -71.445316 -82.764874 
-93.867622 -91.661379 -86.658304 -72.070996 -64.296142 -75.000436 -77.120192 -71.310430 -95.934694 -76.598566 -67.884447 -98.405666 -96.016608 -86.067019 -83.456855 -99.002702 -89.033445 -70.104161 -97.558376 -91.781838 -93.630175 -76.189350 -88.095989 -84.162124 -91.101084 -98.610191 -88.429130 -72.529164 -69.614351 -91.415626 -92.822304 -79.665051 -75.572217 -74.652963 -69.460864 
-91.258548 -92.141038 -80.550494 -66.675162 -75.124842 -79.192242 -86.862440 -95.353083 -70.761580 -87.686611 -73.840308 -84.331822 -83.781471 -70.038572 -81.602207 -71.795182 -73.043296 -87.717213 -89.877275 -77.364894 -91.485771 -88.940580 -70.174210 -74.841502 -74.554979 -80.177722 -79.177190 -78.029192 -77.264603 -78.351098 -77.047121 -66.750243 -78.548105 -80.493337 -68.539331 -70.785056 -80.439838 -82.720516 -88.864604 -84.090456 -76.664410 -87.989986 -82.263370 -88.407230 
-86.348665 -98.518024 -71.782518 -79.445210 -82.556805 -91.738502 -83.973314 -94.545632 -93.661028 -93.385413 -92.716912 -80.094469 -89.030948 -82.521582 -69.838897 -89.326476 -83.833441 -73.131713 -88.051006 -79.155536 -79.569563 -83.872451 -68.206264 
-80.328837 -79.005021 -92.244063 -94.077584 -93.539755 -75.441114 -93.545832 -90.123659 -76.536234 -77.120928 -85.242160 -69.846284 -77.845220 -78.627839 -90.261598 -66.626563 -67.141423 
-81.275516 -75.816949 -72.713186 -78.317989 -69.906074 -83.328946 -90.564278 -78.314051 -79.033637 -74.563071 -89.156835 -79.008181 -90.204058 
-85.310139 -71.114851 -66.748556 -86.316784 -81.557002 -87.960706 -78.290979 -73.725305 -94.617805 -78.369003 -95.222819 -88.375758 -82.296558 -89.256414 -72.240476 -76.761213 -74.536191 -81.629804 -72.164139 
-86.164875 -75.017187 -66.338049 -80.722855 -67.843384 -97.275217 -81.951502 -75.114645 -83.141987 -68.771233 -78.463343 -75.378543 -91.210507 -91.274221 -96.425071 -72.117267 -89.938132 -74.475308 -96.680355 -70.354414 -81.881572 -77.774526 -90.067410 
-95.576838 -75.582446 -92.073091 -73.458844 -98.956813 -76.001761 -88.837191 -73.487039 -92.555251 -83.388843 -78.532107 -88.969025 -77.177609 -85.884594 -73.843741 -88.333774 -84.718204 -81.115257 -76.190246 -87.477378 -81.897855 -76.018606 -83.547528 -76.306341 -81.649888 -90.680939 -79.971038 -90.255935 
-76.872735 -90.319746 -67.683324 -80.116556 -70.674803 -78.936794 
-90.539467 -75.490444 -88.641547 -79.094803 -99.399237 -87.553189 -77.360074 -84.419512 -70.846504 -86.656870 -77.261161 -85.159500 -81.336899 -85.954637 -79.728021 -92.237825 
-96.524357 -79.210720 -98.539638 -80.603738 -82.246963 -92.985338 -72.826748 -89.422627 -73.755693 -70.840065 -72.399718 -87.880715 -70.060506 -70.713346 -73.902727 -89.117697 -81.667458 -83.545841 -77.403659 -86.770549 -87.298715 -71.713650 -80.218495 -75.506851 
-81.730755 -88.234792 -74.491181 -67.705111 -86.968224 -95.788220 -73.102420 -87.851000 -82.534172 -83.210756 -81.847640 -92.228002 -73.730832 -80.437476 -75.953528 -72.746197 
-96.098524 -96.884637 -81.405631 -68.041055 -97.095845 -75.734912 -85.228136 -68.259871 -87.023863 -86.572571 -74.578129 -82.191105 -97.902252 -80.537864 -88.770332 -86.939644 -83.697725 -86.673189 -76.666285 -82.359496 -88.637434 
-82.790957 -65.114661 -73.982123 -66.026905 -70.470616 -69.020611 -83.202671 -85.288410 
-86.881962 -71.103991 -71.486344 -85.271735 -76.609039 -79.458265 -75.250898 -69.147481 -87.916136 -89.799228 -81.090785 -82.900689 -69.385122 
-74.510644 -81.413251 -84.544502 -77.051392 -74.995051 -97.050411 -71.857133 -97.113399 -78.410004 -94.255843 -96.113416 -82.732558 -73.371437 -91.717520 -86.194855 -89.825614 -75.947130 -79.872586 -72.478900 -96.395362 -70.475407 -77.058987 -95.801664 -85.817583 -72.191704 -79.545925 -97.103395 -86.723071 -77.130374 -79.109952 -86.290431 -79.326236 -77.357825 -96.681031 -80.688290 -81.639639 
-67.342812 -72.980938 -93.112668 -81.989149 -90.414512 -77.690403 -92.488571 -83.437066 -85.349616 -74.160044 -74.486767 -87.969347 -85.655566 -69.734357 -76.232483 -79.948151 -91.356967 -73.781780 -77.915180 -97.089300 -92.722574 -81.650377 -73.213570 -88.659250 -79.728678 -78.401849 -95.040041 -72.095593 -74.249410 -79.085420 
-81.365471 -93.039444 -67.097663 -72.027561 -94.652976 -75.579117 -78.753870 -94.738647 -88.908955 -85.950416 -74.789437 -74.731269 -83.819790 
-66.789002 -90.760059 -79.733338 -91.060513 -78.468863 -90.120479 -83.863905 
-89.440562 -66.765389 -84.627358 -77.239573 -94.401987 -98.940792 -87.572391 -81.187827 -81.023007 -67.955827 -98.050071 -82.175258 -93.551252 -68.216315 -98.985301 -75.680270 -81.948094 -87.196769 -89.796998 -77.203865 
-96.319250 -94.637838 -75.479664 -93.759383 -87.746843 -72.508635 -85.145276 -86.195002 -80.378916 -74.272183 -89.123774 -81.166091 -77.120330 -79.773547 -70.341777 -72.449703 -89.299868 -94.203070 -98.916465 -91.150932 -70.677860 -72.707896 -74.596445 -86.028063 -70.525705 -76.571190 -92.019109 
-84.671585 -85.399848 -87.621435 -94.424979 -97.810903 -87.140110 -90.605654 -79.978712 -71.126723 -84.164749 -75.498951 -89.730994 -97.509785 -69.586853 -85.841162 -98.067392 -89.621990 -93.645576 -69.078787 -74.985149 -77.433809 -78.681254 -76.838312 
-93.889601 -78.723924 -92.967001 -77.731285 -92.762413 -89.780586 -85.093360 -75.512667 -85.231883 -78.703761 -98.155897 -91.790353 -77.760467 -76.972013 -69.167368 -75.286406 -76.123919 -85.965913 -97.051470 -87.083822 -72.944876 -94.085432 -72.164933 -74.739931 -87.382600 -80.315682 -80.487954 -73.659263 -67.698932 
-81.924875 -83.363128 -98.196310 -75.875792 -88.573485 -79.286790 -78.930097 -80.851882 -75.295774 -64.315469 -85.104593 -81.511223 -71.615706 -75.128165 -69.034138 -70.203753 -72.370084 -88.866143 -97.566174 -81.957041 -71.467992 -95.196348 -95.147490 -90.870814 -76.879769 -94.512543 
-66.890298 -69.356181 -69.293470 -95.823236 -81.971476 -93.001505 -92.447998 -96.935802 -90.431317 -74.525178 -93.367097 -86.484808 -90.588489 -77.740431 -67.987783 -90.990640 -84.736473 -70.976968 
-72.905193 -69.843775 -97.764018 -88.917524 -77.666813 -97.853255 -74.774705 -86.212692 -79.630853 -74.201362 -85.073252 -80.650655 -77.985191 -85.077368 -81.740133 -96.654599 -96.941885 -67.757413 -90.568099 -79.874424 -72.959978 -96.821633 -89.937125 -87.707630 -98.221623 -65.669195 -87.392723 -93.968380 -78.299262 
-96.839334 -86.860998 -89.959721 -80.092130 -85.967995 -71.211689 -89.463875 -84.218176 -84.497495 -73.982349 -92.479128 -78.628346 -68.955872 -77.442641 -79.176525 -74.684196 -95.709529 -94.412390 -77.560359 -74.190516 -73.036027 -77.554708 -82.130330 -88.354740 
-93.897040 -72.606375 -78.178290 -79.009545 -68.199512 -72.449021 -95.323189 -91.412797 
-73.106084 -74.302782 -76.138875 -80.633277 -74.279355 -89.230761 -74.205376 -92.987541 -78.240638 -77.163535 -79.211607 -73.435114 
