-69.471046  40.574980
-77.051419  32.915147
-79.883485  23.741115
-80.121707  24.320563
-82.303708  27.256011
-92.199393  30.062977
-76.463620  37.936976
-78.616113  26.310215
-84.233791  28.342749
-88.742985  28.948340
-70.225754  43.367416
-79.927335  24.257309
-80.320304  27.364982
-80.926051  23.941240
-85.409920  28.980562
-79.615383  28.200427
-70.949352  39.159143
-88.981702  29.079723
-86.916856  29.959214
-89.413534  28.964611
-76.744521  36.837341
-76.726502  34.634130
-91.584077  30.239972
-83.181275  29.401895
-78.832878  25.434873
-79.908788  25.144425
-71.894378  40.751291
