1.082892 1.086627 0.958685 0.800782 0.875766 0.866912 0.982999 1.249603 0.871904 0.802713 1.062279 0.989558 0.986576 1.088875 0.912365 0.872790 0.815663 
1.028349 0.910035 0.966501 0.923977 1.041212 1.058912 0.876566 1.253141 0.870071 1.105848 0.830194 0.951673 1.182705 0.875008 1.031952 
0.970772 0.964034 0.929948 1.004979 0.840697 0.819769 0.916098 0.828152 1.101089 0.943194 0.888859 0.807695 1.020058 0.886691 0.925990 1.020720 
1.010801 1.014611 0.938477 0.853738 1.003130 0.924250 0.920538 0.926368 0.978312 0.976548 1.180686 0.946600 1.006343 1.226786 1.057407 0.959006 0.827237 0.948616 
0.926368 0.853048 0.975485 1.094023 1.027802 0.890704 0.889538 1.006892 
0.975690 0.894380 1.145569 0.924113 1.095070 1.036495 0.903800 0.939977 1.211443 1.120121 0.805037 1.008729 
1.004895 0.863953 1.177448 0.801233 0.964448 1.155241 1.191988 0.922682 0.918745 1.002700 0.963319 0.998641 1.114315 0.912443 1.257800 1.002239 1.041916 0.944327 0.959186 1.222206 0.894530 0.909019 
0.923650 1.009246 0.889325 0.879537 0.822748 1.026096 1.240117 1.019426 0.844227 0.981772 1.137866 0.973888 1.071653 1.084867 0.971830 0.970012 0.887722 0.936167 1.165081 1.006736 1.082473 0.998792 1.149797 1.218372 0.866013 0.956069 0.840980 1.029432 0.852829 0.918416 0.985196 0.897805 0.917144 1.055075 
1.210058 1.086855 0.853774 1.020192 0.817260 0.848788 1.081361 0.992140 0.854173 1.207248 0.965917 0.915829 1.186114 0.967110 1.087165 0.865106 
0.840602 0.899122 0.949855 0.837947 0.885593 1.092427 0.827871 1.112911 0.877221 0.813002 1.226225 1.111812 1.037894 1.159576 0.865964 1.016642 0.855936 1.202670 
0.881760 0.868886 0.922717 1.099702 0.811733 0.810321 1.018428 1.046836 0.897862 1.032878 0.932236 0.908164 0.863342 
0.929963 0.855032 0.986012 1.219519 0.825436 1.126814 1.131417 0.797171 
0.932261 0.822511 1.065309 1.197254 0.970095 0.921448 0.891478 0.865287 0.901260 1.007349 0.842305 1.089321 1.227789 1.057869 0.996005 0.953588 0.961866 0.870872 1.148798 1.204878 1.249432 1.129038 1.189730 1.037302 
0.829040 0.868657 1.157835 0.964136 1.155578 0.893913 1.008151 0.851179 1.027191 1.234183 0.877427 0.849972 1.169203 0.864475 0.977611 1.082137 0.904923 0.884723 1.191664 1.198418 0.907679 
0.832910 1.132340 0.945171 0.886167 1.216969 0.877141 0.903409 0.950713 1.075980 1.147509 1.209780 0.986100 0.843383 0.831926 1.039052 1.244132 0.853975 1.122478 1.210432 0.906166 1.240876 0.848648 
0.990950 1.030324 0.876486 0.976813 0.884913 0.929881 0.866213 0.933803 0.846157 0.953549 0.831926 1.131311 0.994932 0.849360 0.860821 0.972349 1.000564 0.941065 0.860484 1.130036 0.895054 0.962303 0.978192 0.846594 1.048885 1.212557 0.851800 0.898608 0.920137 1.130020 1.101044 1.125732 
0.868036 0.929381 0.821576 0.963722 0.866610 1.041599 1.105352 0.830717 
1.105180 0.943945 0.884336 0.977503 0.868894 0.952500 0.938265 0.990202 1.062080 0.969112 1.050567 0.982173 1.007442 1.018602 0.915204 0.873816 0.996393 
1.234846 0.944518 0.869234 0.964498 1.095951 0.992723 0.905486 1.054682 0.876960 0.896547 1.126251 1.006376 1.197190 0.814227 1.101562 0.835280 1.017874 0.838137 1.224841 0.879594 0.856552 0.963818 1.018189 0.812969 0.954131 1.224209 0.824740 0.927212 0.946171 0.950154 0.871424 1.220540 1.153152 1.028111 
0.942826 0.832186 1.055769 0.957076 0.869077 0.896616 0.948921 1.207909 1.215929 1.019092 0.980326 0.852506 0.898874 0.823042 1.234592 0.880741 1.257858 0.821300 0.913292 0.996106 
0.975962 0.823641 0.892659 0.907669 1.058211 1.006524 1.216679 1.174035 1.228371 0.797527 1.015611 0.796683 0.980937 0.959897 1.145643 0.855699 1.237460 0.863642 1.236735 1.171676 0.828689 0.811042 
0.852857 1.007062 0.971450 0.916315 0.949542 0.855429 0.871644 1.177611 
0.860609 0.896033 0.961606 0.907151 1.256268 0.818253 0.828777 0.894694 1.154005 0.815538 0.902442 0.834930 1.114222 
1.005882 0.866400 0.966492 1.016801 1.012889 1.002815 1.097014 1.039826 0.823925 0.942761 1.246049 0.815265 0.991198 1.106758 1.112854 1.215412 0.883977 0.948822 1.131208 0.934430 0.799889 
0.926505 0.939968 0.803439 0.929869 0.845652 1.244792 0.900293 0.818985 1.198921 1.009926 1.042124 0.893008 0.807454 0.937552 0.965770 0.841677 0.806820 0.922444 
0.831123 0.797876 0.881156 0.929869 1.249084 0.964104 0.831016 0.927584 1.026242 0.850795 1.063832 1.108960 0.901445 0.896961 0.906629 1.038178 0.956940 0.845690 1.141112 0.830368 1.050137 1.231203 1.165029 1.241404 
0.973573 0.952557 1.108640 0.885683 1.018955 0.868587 1.022248 1.123442 1.131370 0.843166 
0.933918 1.015816 0.828634 1.023010 1.083795 0.903267 0.938790 1.051838 0.963335 0.868875 0.885206 1.028319 0.969086 0.964528 1.136100 0.997150 0.869749 
0.938410 0.909596 0.902298 0.851795 1.176288 1.020622 1.237598 0.947086 0.818366 0.803362 1.186224 1.212454 1.227283 
0.797321 1.230252 0.948437 0.864739 0.807445 0.827547 0.962360 1.095716 0.912081 1.247963 0.950983 1.019397 0.827911 0.798920 0.900110 0.812310 0.900694 1.249500 1.082261 
1.201116 0.880266 0.843015 0.964479 0.908988 1.138454 0.961606 1.059970 0.840147 0.835091 1.003318 1.096598 1.014301 0.965101 0.997924 1.079406 
0.879546 0.964152 0.850876 1.129865 0.840927 0.879350 1.142352 0.982334 0.963595 0.841262 0.922365 0.892018 
1.006203 0.953022 0.824994 0.894113 0.943665 0.898106 0.835688 0.980545 0.857742 0.974109 0.962154 1.075648 0.994603 1.009161 0.797342 1.128040 1.016967 
0.966357 1.012257 0.822751 1.160152 1.206235 1.003788 0.835688 0.871676 0.868114 0.991840 0.938026 0.936142 0.898492 0.925606 1.229972 1.075618 0.922393 0.831623 1.135460 1.065085 0.869484 0.882836 0.933339 1.131952 0.919116 0.896239 1.103246 1.025888 0.815568 1.151820 1.255531 1.065874 1.046250 0.819577 
0.933380 0.822879 0.883936 1.220941 1.191208 0.965140 1.115367 0.905450 1.220318 1.252816 0.814031 1.061253 0.815021 1.054256 0.898905 1.071386 1.134859 0.809047 0.873532 1.240530 0.841444 0.992835 0.916209 1.157060 0.874150 0.864451 0.941280 
0.890153 0.806071 0.856489 0.845267 1.216031 1.254641 0.963202 1.003970 0.940555 1.028777 0.855299 0.912936 0.802599 
0.917373 0.840616 0.994775 1.110735 0.902448 0.960019 1.000568 0.977439 0.828276 
0.932506 0.873792 0.822345 0.987162 0.809634 0.838897 1.111561 1.018293 0.919556 1.190255 1.222687 
0.827644 0.899926 0.978555 0.816347 0.835610 0.872666 1.094423 0.893587 1.187304 0.928640 0.818192 0.832773 1.073793 0.948178 0.813140 0.958323 0.904465 0.911809 0.935527 1.185754 0.902941 0.989031 1.055653 0.867858 1.046188 1.050886 0.839260 0.926610 1.211641 1.006457 0.811297 1.008164 
0.819791 0.881274 1.008070 0.933279 1.132010 0.839421 0.913742 0.810234 0.801642 0.840479 0.878968 1.084957 0.877134 1.062074 1.043997 1.130273 1.239865 
1.127197 0.942262 1.115170 1.085715 0.854857 0.980421 0.896597 0.816701 1.015704 0.929601 0.797472 0.880737 1.116193 0.820527 0.852764 0.965612 1.068765 
1.134486 0.961009 0.895830 1.020184 0.902720 0.859266 0.957745 0.916487 0.794329 1.189440 0.829566 1.103820 0.859998 
1.065253 0.980607 0.829657 1.133984 0.867632 0.873554 0.915268 0.908927 1.081151 0.839065 1.191372 1.190436 0.827263 0.966673 
0.796290 0.897628 0.989686 0.973540 0.947841 0.820268 1.003759 0.971247 1.039704 0.998262 0.913073 
1.242267 0.830469 1.054766 1.094227 0.845847 0.913035 0.969021 0.874602 0.823780 0.865033 1.165942 0.982619 1.097562 0.956505 1.185524 0.811608 
0.898967 0.996003 0.857573 0.915745 0.905726 0.978367 1.171876 1.060126 0.840848 1.042729 1.118141 0.816084 0.943725 0.853393 1.009135 0.866669 1.151932 0.974793 
0.986749 0.936569 1.067034 1.089666 1.254885 0.980723 0.831772 0.915967 0.927785 1.070399 0.843117 1.146584 0.906038 0.877792 0.897706 
0.829371 1.223976 0.865998 0.829692 0.963859 0.932470 1.083290 1.159661 0.907417 0.953782 1.155830 1.151457 0.864734 0.929867 1.162993 0.984936 1.242076 1.199891 0.996844 0.975179 1.030282 0.938916 1.064604 1.257754 1.096136 
0.873987 1.080620 0.923980 1.198098 1.008084 1.195846 1.209890 0.856891 1.113463 1.039401 1.002850 0.912418 0.931924 0.838482 1.037623 0.972082 0.843954 
1.117739 0.857681 0.938528 0.875527 1.208554 0.928109 1.061795 0.844335 1.127204 0.995116 0.975317 0.815716 0.914512 0.855865 0.987444 0.845903 1.105788 0.857394 1.232371 1.207396 1.067227 1.151842 1.132942 1.257348 0.938886 0.917678 0.866161 
0.889467 0.974530 1.227484 1.082950 0.835566 0.847223 0.909736 1.120121 0.917410 0.848890 1.136062 0.867089 0.919327 1.176107 1.109460 0.816813 0.832661 
1.070866 0.948708 1.012181 1.199782 1.046646 0.818107 0.864205 0.892913 0.873417 0.876060 0.885991 0.819062 0.856805 0.815234 
1.171169 0.893711 0.872154 0.938820 1.123258 0.804070 0.873182 1.075193 1.223506 0.856172 0.814806 1.169976 0.969840 0.870374 0.952494 0.794994 0.925564 0.828596 0.949670 1.237378 0.891144 1.195073 1.035574 0.838818 0.990937 1.041949 
1.192694 1.129431 0.927138 0.816817 1.075380 0.845903 0.886992 0.907498 1.078009 0.946952 0.805131 0.857466 1.141351 0.993258 1.182235 1.071606 0.972769 1.014789 0.872873 1.070830 0.965836 0.945163 1.123301 0.942891 1.191231 0.976235 0.934329 1.194691 0.835567 0.872921 0.844620 1.065443 1.148401 
0.899966 1.241407 0.964042 1.099214 0.808106 0.940054 0.917129 0.803149 1.176680 0.830091 0.962120 0.896187 1.193200 1.013800 0.891386 0.999076 1.231116 1.186198 1.059536 1.048363 1.085559 0.896329 
1.191666 0.835792 0.927125 0.923302 0.896187 0.865164 0.885562 0.883154 0.797294 1.144072 0.873334 0.908092 0.861928 1.224121 1.152070 0.797053 1.201651 1.125692 1.067689 1.153720 1.183875 1.035096 
0.853700 1.227491 1.053227 0.812665 0.909326 0.954701 0.976465 0.909569 1.010846 0.892902 
0.929407 0.910398 1.242366 0.897275 1.254731 0.819394 1.030909 1.235465 0.974106 1.017290 1.072237 1.025489 0.970544 1.054194 0.975785 1.204872 
0.880552 0.889811 1.045060 0.928692 1.132351 0.863280 0.980540 0.939173 0.824964 1.081010 1.062882 0.926777 
1.020008 0.938723 1.058613 1.026607 0.913916 0.920899 0.999709 0.903017 1.045199 1.038846 0.891993 1.222428 0.975034 0.966983 1.020180 
1.051836 0.945998 1.013522 0.838936 0.806012 1.005603 0.846741 0.947324 0.981098 0.861195 1.061619 0.958094 0.890984 0.898514 0.826364 1.226970 1.011501 0.817017 0.801088 1.130182 
1.112318 1.111577 1.012720 1.063909 0.906476 1.020317 0.889288 0.839316 0.933242 0.940153 1.005127 1.114766 1.154982 0.962284 0.974775 
1.159148 0.868584 1.003065 1.062634 0.962689 1.078574 1.216065 1.022412 1.194677 1.032812 0.940292 0.925036 0.822099 0.930054 0.923714 1.009848 1.215815 0.903773 0.921595 
0.960952 1.098994 0.830688 1.022523 0.947463 0.798281 1.188744 0.884163 
0.864094 1.140335 1.030848 0.896658 1.052338 0.981396 0.998467 1.099046 1.103952 1.059370 1.008934 0.964601 
1.242557 1.083941 1.184357 1.085582 1.143161 1.035695 0.995767 0.922321 0.976294 0.830958 0.923975 1.114960 1.062125 1.146462 
1.086241 1.108834 0.919079 1.076854 1.020040 0.817202 0.936883 0.921102 0.974059 0.812204 0.965308 0.900665 
0.971424 1.152086 0.904328 0.897919 1.055509 0.895076 0.972805 0.804526 1.132276 1.093172 1.178580 1.015132 0.979085 0.805411 1.147058 
0.966029 1.022313 1.005614 1.108819 0.891168 0.958303 0.957086 0.866005 0.970123 0.961706 1.032190 0.861638 1.155473 1.257030 0.964225 0.985285 1.044718 0.829621 1.004805 1.062299 1.235668 1.254183 0.851344 1.012367 
0.855527 0.976131 0.900339 1.141919 1.001016 1.029821 1.022394 0.937690 0.907704 0.964204 1.130294 1.031807 1.069901 1.240074 0.896716 0.872499 0.901829 1.151164 1.034427 1.102527 1.036610 0.829250 1.135747 
1.098799 0.952998 0.879965 1.015097 0.851926 0.826453 0.815199 0.979861 
0.960700 0.843516 1.040378 0.841663 1.023016 1.066635 0.868954 1.123036 1.188260 
1.170722 1.169661 1.069083 1.014165 0.982239 1.135744 1.087758 0.904672 1.005142 0.798376 1.000752 0.807331 1.150055 1.098975 0.866275 0.901658 0.987960 0.991770 1.122674 0.945289 0.985122 0.864615 1.030221 0.911448 1.140116 1.186276 0.825139 0.968273 
1.076045 0.887914 1.069968 0.865570 0.884716 1.195373 0.873498 1.210870 1.126528 1.009083 1.044970 0.969287 0.858327 0.882406 0.996654 1.166569 1.226966 1.053483 0.888666 
1.151452 1.206447 1.012045 0.951182 1.016796 1.059621 1.036709 1.019653 0.881178 1.189672 0.892677 0.963757 0.833690 0.993408 1.151670 1.045398 0.898097 0.951348 0.981706 0.862181 1.021372 0.991878 1.071842 1.090718 0.816921 0.979288 1.000000 1.163277 0.933595 0.837845 0.920256 0.887647 0.926676 1.077905 0.949798 
1.037750 0.917058 1.004617 0.981412 1.001197 1.007029 1.151254 1.158132 0.897711 0.894937 1.199595 0.993153 1.133845 0.816649 0.967961 1.256958 1.031016 1.063439 1.067801 1.067988 1.017528 0.974302 0.986773 
0.805143 0.902998 0.880727 1.036558 1.007281 0.848676 1.033500 1.038794 1.063242 1.251376 1.085537 0.891790 0.978967 1.213868 0.972623 0.940819 1.090445 1.057693 0.840203 0.997388 0.995454 1.020801 0.878554 0.997211 1.181370 1.017722 0.867949 
0.866433 0.840231 0.994233 0.849632 0.924310 1.095440 0.937630 0.973890 0.902575 1.035059 0.943121 1.025599 1.190907 1.193732 1.044898 0.878124 0.844977 1.046738 1.150147 1.105084 1.249746 0.916544 1.186192 1.237856 0.913186 0.892441 1.105718 
0.889934 0.889153 0.994233 1.001565 0.942338 0.833665 1.015793 0.946982 0.965042 1.207236 0.807856 1.179205 0.866191 1.051471 1.103437 0.937409 1.121909 0.838917 0.849414 0.937382 0.889364 1.187731 
0.886697 0.930931 1.005224 0.978969 1.026614 0.909182 0.928133 1.032804 0.990763 0.801078 0.819498 0.887790 1.258468 0.935059 1.248102 0.984124 1.059812 1.032724 1.084739 1.177265 0.799185 1.059892 1.008405 
1.078325 0.979319 1.078016 0.944136 1.077693 0.899062 0.974777 1.018432 0.831887 1.173192 0.889957 1.010854 1.051254 0.941058 0.936118 1.022534 0.823096 0.913058 1.121306 0.812217 
1.039692 0.923491 1.135312 0.892249 1.077693 1.026324 1.047984 1.071392 1.000839 1.040014 0.983390 1.224630 
1.062088 1.011990 1.041621 0.995808 0.804613 0.972113 0.994079 0.963434 0.906546 0.899627 0.893319 1.071095 0.923235 0.963031 1.104424 0.927327 1.245089 0.989756 
0.953298 1.240570 0.819507 0.971114 0.927650 0.976588 0.936497 0.929804 1.217540 0.866525 0.905563 0.803883 0.838638 1.048216 0.947833 
0.941918 0.968971 0.890574 0.993913 0.834366 0.816276 0.866106 0.852900 1.107144 0.909140 0.926224 
0.961261 1.006659 0.950096 1.068238 0.799857 0.938442 0.909725 1.102104 1.081100 1.141334 0.843689 0.998783 1.191233 0.894433 0.859914 0.909222 
0.987674 1.036692 1.157400 0.879405 0.986448 0.940206 1.118812 0.956473 1.081192 1.075450 1.228690 0.808954 1.096220 0.826530 0.964640 1.145826 1.086455 1.068287 1.255193 0.936784 0.859913 0.957525 1.091970 0.915863 0.971907 
0.889274 0.998779 1.183763 1.038819 0.802322 0.849571 0.952005 0.922162 0.875968 0.944898 1.042588 0.942145 0.918483 0.804922 0.943436 0.962146 0.968932 1.080095 1.167447 1.110905 1.051692 1.003370 0.990654 1.186079 1.012315 0.927627 1.177212 0.977752 1.216297 1.041965 1.204099 
1.162509 0.909450 1.138088 1.080254 0.970253 0.902539 1.202772 0.945468 0.972317 0.994591 1.024247 1.007632 0.879164 0.941083 0.981193 1.017478 0.927105 0.984410 0.846174 0.977699 0.877368 1.106775 0.862987 
1.168705 1.001714 0.948319 0.919499 1.149452 0.848305 0.976940 0.962160 1.219650 0.935119 0.889703 0.838314 1.052376 0.837570 
1.129020 1.248013 1.056393 0.896936 1.019754 0.930569 1.142976 0.978808 0.981840 1.053802 0.954404 1.043776 1.137554 1.179179 0.931976 1.245515 0.887654 1.060960 0.799586 
1.054733 0.836449 1.042326 1.037655 0.979142 0.991558 0.910983 0.990289 0.985058 1.092924 0.897915 0.909354 0.931526 0.942652 0.897102 0.891000 0.868824 0.948753 0.902783 
1.148247 1.087418 1.172342 0.939672 0.856128 0.989110 1.124485 0.887911 1.149642 0.831655 0.982561 0.804736 1.186625 1.054493 1.236794 1.104543 0.883654 0.939137 1.130471 0.942703 
1.089604 0.833867 0.992678 1.054493 1.013320 1.106295 1.100947 1.241067 0.950042 1.163175 0.926335 0.974104 1.120994 0.871228 1.008726 1.057201 0.990421 1.200558 1.091563 1.022079 1.072569 0.951882 0.933363 1.086706 0.911247 1.093051 0.938726 1.099689 
1.034210 1.218195 0.864103 0.937961 0.966641 0.818586 0.956387 1.009838 0.990853 1.161189 1.041140 1.036107 0.878444 1.163263 1.244393 1.116336 1.033340 0.871749 1.252624 0.795272 0.833413 1.155580 0.941732 
1.034707 0.832440 1.008156 1.224211 0.812489 0.948047 1.209913 1.166914 1.080135 1.203855 1.015202 0.805890 0.913167 0.862884 1.171070 0.955614 0.994695 1.204471 1.121404 0.835527 1.021059 1.022580 
1.072688 1.040660 0.890774 1.001847 1.171787 0.818236 0.912356 0.963967 1.212295 1.213977 0.954028 
0.859049 0.947965 1.034224 1.050161 1.089828 0.879032 1.105052 0.917362 1.123891 0.979047 1.018045 0.980061 0.939386 1.078235 0.857025 
0.917351 0.909497 1.052410 0.917900 1.256451 1.048702 1.005431 1.131121 0.972776 1.066100 0.921507 0.888763 1.052457 0.796886 0.888458 0.887615 1.224998 
0.981695 1.081550 0.930146 1.170996 0.869573 1.003554 1.005431 0.830871 0.899552 0.891042 1.094129 1.020925 0.909505 0.951414 1.168038 1.000024 1.149312 0.882549 1.037296 0.899062 0.884012 0.958315 1.053846 0.984993 0.805337 0.933229 1.187301 
