1.295829 1.423308
1.171956 2.396520
1.299407 2.342186
1.206860 2.658645
0.994756 3.998480
1.059116 4.719516
0.860184 2.393620
1.207216 1.513606
1.326544 2.194917
1.306977 1.686449
1.408345 1.967019
1.031544 1.063366
0.784821 2.374133
1.126470 3.039896
1.161373 1.137182
1.133240 1.383755
1.277170 1.484522
1.302568 1.400343
1.348599 1.829030
1.215131 1.727780
1.314821 1.304223
1.272001 2.178162
1.139131 2.826665
1.344846 1.307836
1.415825 1.747846
1.290195 1.460107
1.410556 1.279696
1.289165 2.116153
1.294699 2.931239
1.183334 1.735151
1.054253 1.781323
1.110652 2.484617
1.085454 1.062603
1.286845 1.326589
1.131853 2.242774
1.252235 2.140660
1.170169 1.965179
1.163046 1.461744
1.147977 2.112569
1.088634 1.753858
1.035635 2.650951
1.206173 2.569285
1.133063 2.257858
1.457608 1.314085
1.299232 3.191454
0.810619 4.422184
1.140312 2.462755
1.268710 1.779949
1.246349 2.778721
1.280875 4.612368
1.081604 3.239671
1.255747 3.754408
1.443640 1.225504
1.446395 3.186356
1.206850 2.594742
1.129821 3.050558
1.107831 2.389917
1.248578 3.241870
1.221925 4.962359
1.054259 1.192338
1.129092 2.070274
1.369754 1.589488
1.081312 1.823198
1.187160 2.926156
1.202202 4.940347
1.110022 4.011598
1.021256 2.536543
0.738487 1.604030
0.936767 2.049362
1.324367 3.463186
1.222322 2.165610
1.227586 1.354884
1.393256 3.113296
1.312947 1.667819
1.369849 0.883996
1.270605 1.767887
0.830444 9.200922
0.991151 1.274713
1.158347 1.242373
1.126835 2.266708
1.355130 3.198119
1.333784 1.737135
1.436803 1.377551
1.358401 2.334819
1.345642 2.508183
1.177049 1.665390
1.148001 2.362072
1.306508 3.277907
1.146383 2.026310
1.203249 3.570247
1.140929 2.941154
1.112637 1.911883
1.054401 1.472115
1.071633 1.824617
1.293414 2.243947
0.982821 2.068378
1.157841 1.957392
1.139898 1.125579
0.902342 2.182545
1.068535 1.590455
