-87.361913 -78.434913 -93.249613 -87.833577 -93.488818 -93.327096 -74.678574 -82.901531 -73.228125 -74.349129 -75.813279 -68.731541 -70.700060 -81.444672 -97.332825 -86.910278 -87.037911 -80.709514 -74.365133 
-72.946069 -87.029445 -93.345621 -87.149121 -93.729112 -93.434967 -76.940847 -79.558983 -77.025131 -73.911024 -83.857134 -80.996664 
-87.551929 -79.379161 -93.291687 -88.409870 -93.216048 -93.281806 -76.227155 -78.411958 -75.309328 -76.031521 -73.362719 -68.797066 -76.687583 -79.735952 -79.045741 
-73.877940 -89.055442 -92.840427 -88.667442 -92.775658 -92.783880 -76.324065 -79.833100 -75.413939 -94.241632 -68.199508 -78.759306 -68.997346 -95.949268 
-73.331183 -89.140731 -92.479712 -88.620340 -92.816396 -92.580217 -94.094000 -77.000188 -68.891668 -75.493405 -69.965526 -69.165687 -69.752197 
-69.527945 -96.831932 -92.519209 -88.517605 -92.406025 -92.520707 -89.156732 -70.168706 -73.066803 -76.864823 -74.782818 -75.818310 -79.691563 -70.469489 -80.100505 
-73.937177 -76.837153 -92.158502 -88.543446 -92.295409 -92.316501 -89.075085 -74.706970 -85.014675 
-74.391251 -68.784222 -76.593849 -87.683431 -96.574278 -92.313835 -81.417854 -92.122695 -89.376224 -76.893455 -71.545922 -94.224851 -68.846354 -81.376850 -92.346758 -77.854746 -68.203376 -92.149726 -76.877223 -92.911575 -84.007346 -94.896739 
-73.567592 -73.914230 -75.669407 -88.305762 -72.288149 -93.104411 -74.981098 -93.041036 -80.666892 -88.908226 -69.575656 -93.140448 -75.054551 -79.525685 -78.586648 -71.436691 -79.925117 -74.724332 -78.556161 -68.989473 
-69.420435 -74.499457 -84.289332 -89.085007 -75.474283 -92.743083 -76.711376 -92.970618 -71.729840 -89.208579 -70.651173 -92.971102 -70.179551 
-96.965013 -74.332151 -68.964759 -88.964616 -75.990235 -93.062791 -93.428101 -92.963775 -74.116912 -89.053599 -74.534218 -80.100824 -73.034191 -78.151559 
-71.943780 -74.576870 -76.041483 -88.554704 -68.831318 -93.078014 -93.091531 -93.267271 -74.744648 -88.726180 -85.870124 -77.385618 -69.768079 -82.297518 -74.515631 -79.469749 -75.031615 -77.843604 
-88.895239 -75.284094 -76.125103 -87.617844 -76.065921 -93.519848 -93.118994 -93.839268 -68.316500 -73.399841 -94.889648 -70.337019 
-88.504268 -75.316000 -69.474233 -76.924535 -93.302924 -93.342880 -93.302130 -88.092359 -76.025564 -75.070961 -84.002077 -76.210329 -76.253199 
-88.349290 -76.253778 -74.835666 -76.616317 -93.403181 -93.511951 -93.516323 -86.810274 -70.810106 -74.498168 -87.654890 -82.541674 -70.030150 -74.018033 -70.665993 
-87.302352 -87.024365 -74.232001 -82.737680 -93.299621 -71.834528 -93.528712 -97.089543 -71.164945 -93.354446 -77.126098 -72.933507 -80.478649 -81.522053 -69.829257 -82.002832 -96.303063 
-87.779844 -86.777877 -82.728403 -75.406348 -93.407727 -74.566821 -93.823834 -93.441575 -95.218423 -72.259346 -83.141818 -73.450026 -74.699104 -75.313597 -70.690292 
-87.579878 -73.612579 -70.382726 -76.837639 -93.701576 -73.493564 -93.713460 -93.667537 -81.458151 -75.692199 -87.995158 -73.776457 -78.824365 -82.343919 
-87.287781 -69.864482 -81.422692 -76.083729 -93.726330 -73.948176 -93.401272 -93.545518 -78.871860 -88.356513 -81.160189 -74.548507 -82.115003 -82.969627 -97.260093 
-70.873151 -88.348887 -74.972488 -74.288938 -93.547500 -74.600159 -93.316161 -93.456202 -87.739954 -75.272890 
-69.869787 -88.095562 -74.743982 -87.608987 -93.527390 -74.994314 -93.898588 -93.556537 -75.844453 -94.732711 -73.437314 -72.474991 -75.249111 -87.626032 -87.268536 -76.731068 -75.742612 -71.668779 -70.579057 -84.957062 -75.890315 -74.760851 -74.606590 -87.730308 
-74.586571 -88.493035 -76.818615 -87.813340 -93.677146 -72.943601 -93.333817 -93.628563 -76.213337 -93.535886 -68.663896 -69.192984 -70.631165 -70.223358 -71.425441 -93.869608 -97.831019 
-78.409353 -88.640579 -73.077700 -87.769857 -93.526435 -73.501822 -93.009875 -93.349952 -75.846511 -76.160128 -72.494806 -73.084287 -70.061651 -73.116779 -83.787107 
-73.926176 -88.261184 -96.166016 -78.619433 -92.819466 -69.585482 -93.155298 -92.860387 -87.940793 -75.880593 -83.009365 -95.455990 -74.003541 -77.911805 -79.798225 -77.437570 -95.070248 -96.443104 -93.115751 -77.391668 
-79.802443 -89.418284 -73.771795 -80.959374 -73.156328 -89.187654 -92.797022 -92.680810 -76.432534 -86.283559 -92.725522 -96.747635 -77.456672 -84.370411 -73.300580 -81.563611 -76.669156 -78.850987 -88.957036 -78.134144 -78.202049 -79.436846 -87.937702 -96.028103 
-68.526267 -74.071049 -75.926420 -93.011056 -74.320220 -88.688505 -76.741972 -93.160157 -76.279302 -70.897363 -93.303393 -88.803175 -75.923468 -71.033852 -93.300425 -75.135737 -80.156678 -73.863041 
-69.579161 -88.913801 -76.516054 -93.354919 -73.554511 -96.559871 -88.837644 -93.451149 -76.452091 -69.542620 -93.484055 -75.906625 -75.704996 -70.994827 -76.471361 -74.590631 -70.960411 -82.431556 -74.475635 -74.935204 -71.526311 -73.709608 
-68.796501 -88.850064 -93.693369 -93.183807 -74.339695 -95.284088 -72.243202 -93.369371 -75.968840 -71.989591 -69.039374 -88.411758 -69.745571 -77.377695 -79.523295 -81.315143 -72.270418 -80.249228 -68.623324 -71.543773 -88.680186 -73.930234 -74.737866 -83.303008 -71.343714 -73.524638 -83.538733 -96.520535 -76.498679 
-88.752707 -88.905038 -68.147018 -93.111718 -74.456967 -93.469383 -76.438753 -93.332967 -76.489745 -81.850482 -95.697900 
-88.851344 -89.492862 -85.686877 -92.352765 -75.854048 -92.754986 -69.146548 -92.626802 -75.989964 -73.397114 -86.819829 -75.860211 
-74.062330 -89.995506 -87.452826 -91.983881 -74.193504 -76.068016 -92.366646 -92.343407 -70.929843 -74.148762 -68.518977 -73.053923 -73.226715 -75.910862 -79.267405 -76.082272 
-69.558376 -88.749334 -88.188688 -92.134502 -75.831676 -71.515522 -92.062400 -92.067968 -68.488631 -75.471381 -75.811475 -80.468133 -79.987569 -95.936060 -96.605431 -72.504055 -69.741106 
-74.739576 -89.795231 -88.630461 -91.846690 -74.953451 -74.325265 -92.103574 -92.112260 -82.074865 -70.613325 -68.602581 -83.379527 -76.363956 -74.085866 -74.805918 -68.723828 -83.266301 
-76.258752 -88.953910 -88.423459 -92.180460 -76.485562 -79.819796 -92.078956 -92.259510 -74.037369 -73.672787 -78.768924 -69.859897 -78.760059 -87.083205 -84.184151 -78.532328 -87.614781 
-76.693590 -90.333386 -73.804541 -91.546321 -89.610124 -73.947322 -91.899887 -91.928738 -69.033887 -74.452992 -76.651785 -70.307508 -79.350905 -83.799578 
-75.991154 -90.335942 -88.316767 -91.065013 -91.727025 -69.842817 -91.683731 -69.384070 -72.078204 -75.853277 -74.101456 -70.057169 -73.320779 -74.685730 
-68.665231 -69.951411 -87.680656 -91.067474 -91.484903 -75.856107 -91.342806 -74.460591 -90.616198 -73.387641 -77.623579 -76.661291 -76.276082 -70.312609 -73.982107 
-74.246018 -91.585587 -74.430385 -91.198298 -91.566197 -75.258960 -69.807136 -76.201441 -90.248936 -74.989659 -71.924133 -71.989157 -89.123139 
-70.809221 -91.368157 -75.427896 -90.861009 -91.361689 -74.976490 -91.330291 -86.335394 -76.794611 -74.691617 -88.733624 -69.816876 -69.935874 -97.543905 -68.131333 -98.034871 -97.364074 
-87.995096 -90.876990 -76.137640 -89.888339 -90.903855 -75.547072 -90.766461 -75.314243 -90.462413 -98.100348 -79.234736 -97.137462 -76.094540 -83.227298 
-87.493226 -91.043590 -76.170325 -89.613691 -91.032409 -74.442091 -90.864088 -69.803188 -76.119983 -76.037763 -96.318372 
-88.937740 -90.832735 -73.259315 -88.074924 -90.796503 -83.627796 -90.818921 -75.915602 -74.684922 -70.567162 -73.937654 -86.903833 -70.572204 -83.251757 -70.741630 -75.336241 -79.122424 -68.960340 
-86.178359 -90.771625 -74.099422 -75.235614 -90.874484 -88.552338 -90.639890 -69.807539 -76.939164 -72.877494 -97.375165 -70.305023 -68.955933 -68.834426 -77.527029 -79.411257 
-74.017589 -90.587164 -90.285991 -79.481138 -90.741803 -76.694932 -90.578272 -74.590371 -72.593488 -76.631707 -84.640453 -70.435260 -81.279274 -75.681632 -70.880359 -69.928009 -74.455626 -78.595226 
-73.732131 -90.923399 -89.524120 -75.579311 -90.869982 -75.153599 -90.784603 -87.736573 -73.156773 -74.416365 -74.102086 
-73.991747 -90.370250 -88.426775 -75.400114 -90.449687 -76.784652 -90.412911 -87.361699 -69.943655 -71.796703 -69.026815 
-73.891443 -90.057722 -89.559103 -75.096429 -90.257570 -75.739600 -90.300601 -88.286959 
-81.237181 -90.405791 -75.252014 -83.906668 -90.487499 -75.429207 -90.296372 -88.623858 -74.158197 -88.671781 -69.806608 -72.185611 -72.266650 -72.297456 
-76.143987 -90.339921 -87.974433 -74.436671 -90.491902 -89.387986 -90.354012 -74.160028 -73.798924 
-69.679390 -90.582034 -90.087844 -73.902127 -90.686976 -68.458139 -90.652639 -74.479272 -76.025034 -87.004745 -70.648752 -69.435301 -81.580639 -74.438731 
-69.365863 -90.805470 -74.256657 -74.811246 -90.886986 -90.192424 -90.827564 -88.029418 -77.283662 -75.302293 -74.611178 -80.165195 
-73.203934 -90.838647 -69.746368 -75.003180 -90.896971 -87.253512 -90.655331 -74.579834 -90.457565 -75.563335 -68.935801 -68.986273 -68.315980 -72.563471 -68.893167 -75.097240 -69.955575 -78.386637 -74.884657 -74.468751 -70.311428 
-75.732716 -89.910997 -90.671774 -74.044100 -90.798333 -74.983539 -90.767270 -72.023859 -88.490348 -72.189958 -81.939265 -69.438992 -84.290674 -79.145001 -85.290887 -79.950081 -84.021159 -68.548709 -88.492811 
-74.279183 -75.870649 -90.840484 -76.998114 -91.011280 -97.742158 -90.939206 -72.689730 -90.524980 -78.134972 -80.819678 -76.902077 -69.106345 -77.663507 -84.395398 -96.565277 -69.190210 
-74.595295 -76.277601 -90.861245 -81.908589 -90.897005 -77.167978 -90.793603 -72.687156 -89.992715 -76.329666 -87.867654 
-88.224016 -75.975732 -90.796201 -73.453443 -90.942946 -89.420913 -90.911288 -78.719562 -75.710963 -78.178524 -71.827397 -88.553834 -85.938762 -86.137920 -72.119680 -76.869075 -83.830676 -84.166415 
-70.605762 -72.045449 -90.810972 -82.007201 -91.111366 -90.739967 -91.120643 -73.147179 -75.759265 -82.901991 -86.064351 -76.405961 
-90.133546 -76.440836 -91.013815 -75.277251 -91.413192 -88.634647 -68.177854 -68.719263 -91.414845 -74.293719 
-90.327319 -75.903893 -91.817967 -91.326318 -91.874254 -74.872431 -75.493771 -87.035576 -80.220245 -70.298814 -68.151791 -81.634943 
-75.703185 -75.852110 -92.158800 -92.225242 -92.328841 -70.477016 -74.445360 -74.376336 -89.743731 -88.827772 -75.771327 -69.846089 -71.166362 
-89.099934 -76.877029 -73.712825 -92.509434 -92.564501 -88.528723 -73.850984 -68.338491 -92.838956 
-88.353564 -76.367193 -73.031402 -92.350131 -92.326020 -81.332580 -87.537053 -69.151022 -92.376933 -74.402838 -72.138726 
-90.053469 -76.328554 -73.760155 -91.670495 -92.027548 -87.662094 -74.539924 -91.748148 -89.003632 -79.064358 -82.277147 -77.942640 -79.682766 
-80.866055 -76.000612 -73.904312 -91.645632 -91.643991 -87.748655 -89.996953 -91.157021 -74.832525 
-79.887136 -75.837447 -90.497764 -91.799460 -91.978795 -88.902777 -73.683037 -91.895961 -76.061317 -79.458272 -73.254819 
-76.476492 -76.274420 -89.100160 -92.307609 -92.580530 -74.993124 -97.118957 -92.594039 -78.736021 -74.582450 -88.668377 -74.087456 -79.925526 -86.028862 
-75.641153 -88.705261 -89.539749 -92.073991 -92.382439 -74.198464 -74.534958 -92.117663 -77.825917 -71.098312 
-76.331240 -74.811948 -88.805468 -92.052767 -92.078422 -75.680068 -68.511399 -92.053600 -88.154740 
-72.711284 -70.249226 -87.984902 -75.688923 -92.200691 -92.099662 -89.922711 -74.337368 -74.126163 -91.882981 -83.434728 
-76.636736 -92.619228 -73.700243 -73.188367 -92.587053 -92.604946 -89.853118 -89.436022 -76.680011 -82.835708 -69.741462 -78.450150 -71.085460 -76.929166 -95.654050 
-77.011022 -75.908377 -72.528152 -92.330200 -92.340045 -91.422756 -90.585939 -88.994978 -73.849240 
-79.652814 -69.647958 -76.320159 -92.209770 -92.352452 -92.146086 -90.502609 -76.500283 -73.664471 -70.601745 -72.679886 -84.545116 -73.832576 -69.140801 -78.619678 -80.437283 -89.790228 -80.130737 -76.829119 -95.833225 -79.592790 -81.980902 
-88.957408 -75.716451 -73.417519 -92.097412 -92.218418 -92.084761 -71.643215 -75.872248 -69.843961 -75.026858 -73.311640 -72.231065 -91.337981 
-75.081876 -91.463963 -79.482393 -92.593483 -92.516061 -72.804110 -69.449606 -86.864654 -91.446348 -74.985349 -74.715820 -68.951214 -72.492155 
-76.354776 -91.154491 -88.759028 -92.425694 -92.528462 -73.959973 -73.011611 -91.273262 -76.112271 -70.406704 -86.134692 -75.432887 -96.204169 -97.159217 
-76.299297 -91.214000 -79.888233 -92.458970 -92.386321 -75.733032 -74.503952 -91.038233 -70.026397 -81.659059 -73.807195 -70.791667 -76.434529 
-76.730608 -92.019059 -79.862927 -92.525001 -92.722231 -75.679065 -73.247563 -91.825946 -85.942342 
-87.290532 -91.834979 -76.221434 -92.528301 -69.218573 -73.773052 -75.488817 -92.079187 -92.813134 -71.365786 -77.081337 -71.439932 -83.357996 -96.921579 -76.806795 
-75.212578 -91.878959 -75.659838 -92.691076 -84.378139 -95.206619 -73.400694 -91.694237 -93.341945 -97.361654 -73.791219 -81.045671 -77.103531 -82.016668 -86.252700 
-73.641251 -91.845513 -91.751313 -92.615469 -91.768875 -73.391676 -77.013145 -92.900319 -69.344522 -82.348891 -75.877205 -79.110475 -78.888068 
-73.491082 -91.605875 -77.225518 -92.322568 -77.031162 -87.897540 -76.468985 -92.772999 -92.001655 -78.612327 -73.513756 
-73.002299 -90.553385 -91.779288 -91.766354 -70.849902 -79.757314 -68.932779 -92.191242 -76.039112 -72.960697 -74.260127 -75.955297 -89.618816 -75.581368 -83.677357 -76.380596 
-75.025387 -89.980937 -92.032849 -91.597448 -75.538345 -75.720573 -85.032050 -81.853764 -91.948695 -75.158229 -80.537251 -76.292678 -87.188656 -84.243472 -84.389333 -79.846384 -78.261362 -79.212748 
-74.097763 -91.195448 -92.040457 -91.343877 -76.506708 -88.327411 -73.444405 -71.556558 -92.051470 -74.164929 -70.448322 -76.384796 -75.304598 -70.328905 -68.748037 
-71.780644 -90.680614 -92.350089 -91.696313 -74.024797 -89.471002 -74.037075 -76.145003 -92.487016 -69.693287 -73.359975 -69.094462 -84.054356 -87.467620 
-96.228412 -90.883985 -91.580627 -78.433410 -96.390101 -89.663463 -74.251764 -73.596613 -91.763792 -75.963235 -91.725721 -73.430625 -80.745042 -72.609436 -74.820185 -78.490684 -75.783633 
-75.069738 -69.209758 -91.321508 -91.353411 -89.493162 -76.637484 -73.438762 -91.157235 -69.907799 -87.282302 
-73.560881 -74.060268 -91.582371 -91.624767 -88.813199 -77.070197 -87.950734 -91.454352 -80.058803 -76.300531 -73.853879 
-73.537475 -89.545277 -91.519498 -91.496318 -69.876718 -75.865185 -75.051177 -91.229206 -74.098756 -88.640747 
-74.463165 -90.424845 -91.213299 -91.305660 -69.742984 -75.781406 -82.871102 -91.215791 -74.478683 -75.852420 -69.971744 -89.117605 
-78.745221 -89.824224 -91.308142 -91.329828 -77.135232 -88.438905 -74.537918 -91.317215 -88.042800 -78.670628 -75.921865 -72.717051 -69.946756 -80.427776 
-73.250320 -90.412448 -91.049820 -91.468134 -76.650480 -69.548714 -75.105835 -91.385423 -87.347381 -87.223379 -86.205938 -74.061462 -69.298033 -79.534991 -68.647490 
-74.268189 -89.315920 -91.279383 -91.524729 -76.767059 -71.804577 -89.311878 -91.499326 -73.763077 -78.797060 -96.960160 -78.196105 -68.588864 -70.897857 -88.159047 -70.599728 -69.690354 
-73.813954 -90.306526 -92.179059 -92.294039 -76.319667 -79.642192 -70.407253 -91.785995 -75.779350 -89.922953 -74.866809 -82.748899 -78.740682 -74.213514 
-91.807913 -90.068711 -88.876722 -91.900528 -76.846325 -74.355010 -84.827404 -91.784748 -73.953503 -81.295485 -85.600782 -96.879317 -80.300629 -80.418957 -72.419392 
-92.035121 -90.508682 -92.149206 -79.311216 -76.712806 -90.391856 -75.561012 -92.325698 -73.112381 -96.563637 -72.868966 -93.502739 
-75.435622 -90.443001 -91.889204 -73.946891 -76.980297 -87.742825 -91.778227 -91.408465 -69.844337 -70.209914 -69.203565 -72.702128 -87.291124 
-79.843864 -90.302730 -91.720299 -73.836338 -76.436660 -78.963915 -91.466488 -91.779638 -73.728636 -88.835637 -70.189477 -70.099483 -86.864003 -88.255867 -71.581087 -86.236112 -79.688685 -91.692731 -82.831377 -72.478226 
-74.194781 -89.833543 -91.487929 -69.771058 -76.876906 -87.937055 -91.361289 -91.060269 -91.012171 -76.212720 -72.971070 -71.370891 
-80.697701 -71.516695 -88.254653 -91.182152 -75.991578 -71.992993 -91.167616 -91.088616 -73.873234 -75.391836 -87.636780 
