-71.946629 -70.941115 -96.437063 -79.556310 -85.441084 -96.495418 -75.358079 -73.607664 -91.830789 -80.435394 -94.472450 -94.157677 -69.552229 -78.392155 -77.235056 -88.544374 -81.726518 
-76.742604 -85.234189 -76.375023 -96.426512 -70.146646 -70.420600 -80.652623 -88.680637 -77.332792 -77.705053 -71.045185 -89.952994 -81.339798 -81.730690 -70.497309 
-74.855984 -93.711483 -79.233219 -92.971321 -92.063298 -77.979268 -79.595233 -93.330130 -78.375103 -72.108614 -85.609889 -88.486957 -69.729188 -70.352368 -79.613943 -81.875131 
-93.727342 -68.831330 -74.988471 -96.676813 -80.331386 -92.387794 -86.463692 -72.472904 -78.985530 -76.950923 -86.651041 -69.272045 -68.024277 -82.794831 -80.148589 -69.012015 -74.465388 -79.163722 
-76.401672 -95.577018 -71.442607 -79.476726 -81.088803 -95.007536 -93.559078 -84.213029 
-75.361482 -82.892972 -81.163692 -95.472224 -79.672362 -67.931518 -90.063700 -94.363870 -81.106881 -76.260627 -83.228486 -87.683364 
-76.340011 -68.285277 -80.552060 -84.242240 -78.305926 -76.535062 -92.317537 -95.383298 -83.025932 -93.072931 -83.785343 -79.339075 -73.493597 -90.234599 -92.485329 -78.298924 -70.730623 -79.180751 -77.116571 -80.881835 -75.520420 -70.587727 
-68.264963 -69.830427 -78.439110 -71.635627 -79.523052 -79.724786 -83.589100 -94.535394 -91.790978 -93.917707 -92.109434 -77.949499 -85.801106 -84.456092 -76.366516 -77.664237 -78.419034 -74.557690 -81.914394 -91.200423 -83.003906 -70.548373 -72.053168 -72.168875 -89.522118 -71.150135 -94.989468 -79.879639 -83.761899 -87.505784 -80.981018 -78.065750 -79.870344 -79.778871 
-74.730629 -82.992647 -97.476267 -69.485607 -80.398587 -93.448504 -68.668929 -83.016823 -79.154054 -80.032383 -87.115890 -75.069978 -78.421131 -93.993895 -83.771652 -75.107478 
-78.816008 -76.805367 -68.599888 -90.754468 -91.279236 -81.200675 -95.659742 -71.672733 -90.163732 -86.574628 -79.368714 -70.836262 -79.287164 -84.430421 -86.300809 -88.857763 -81.472305 -80.658816 
-90.318063 -78.202401 -94.774335 -86.405639 -84.037587 -97.023497 -69.358789 -84.938191 -95.927266 -80.952752 -77.451005 -79.714870 -79.664413 
-71.046600 -92.652723 -70.459735 -82.767266 -91.030740 -87.248362 -84.064121 -83.677617 
-93.448656 -96.781888 -75.060580 -71.992588 -69.489193 -75.367912 -78.445882 -87.653948 -69.940920 -79.276180 -96.468338 -94.514681 -98.123886 -69.221207 -83.548592 -79.848540 -79.013960 -81.246091 -79.635178 -84.995647 -95.826427 -81.242162 -79.368234 -82.519192 
-96.379123 -96.070236 -87.292592 -70.278154 -79.485559 -74.913164 -83.524438 -93.990652 -80.836190 -85.361389 -94.577375 -93.084242 -72.196900 -79.453615 -80.913042 -69.206396 -82.361924 -76.263887 -95.976569 -74.587552 -80.998592 
-93.337069 -94.454185 -92.980635 -93.685878 -71.559540 -69.829909 -76.289275 -69.670638 -95.031066 -92.844683 -84.612722 -75.345588 -96.014485 -89.786680 -84.328022 -79.238245 -92.399783 -81.864824 -95.933815 -76.810570 -70.915229 -79.921624 
-87.260697 -93.168677 -91.816281 -73.197612 -72.466820 -86.000954 -96.432970 -69.789297 -79.301893 -81.986346 -92.705375 -92.591240 -77.251042 -80.332483 -83.451321 -82.786039 -85.102748 -78.819730 -78.652842 -95.928645 -79.414787 -79.287486 -83.420484 -78.812450 -82.551851 -68.864123 -90.532023 -93.052091 -73.770362 -80.721513 -84.521384 -68.404981 
-91.405175 -91.209181 -84.138845 -76.343124 -77.266884 -78.888207 -87.902474 -78.238764 
-79.483841 -76.800449 -90.764756 -73.694571 -96.060674 -92.036187 -80.726537 -69.058191 -78.769925 -81.704318 -89.376179 -75.218216 -74.972486 -73.595755 -78.428208 -89.839689 -95.400940 
-74.495808 -86.838106 -97.639012 -75.769731 -84.740491 -70.319327 -93.863178 -80.395571 -90.558809 -79.228880 -75.171474 -92.286594 -89.065842 -75.785333 -78.742659 -78.766768 -95.558920 -71.912615 -92.815423 -78.946247 -78.095193 -74.706110 -83.603062 -91.951767 -84.253961 -71.797250 -81.111483 -79.965725 -80.800579 -90.662906 -78.750022 -92.529848 -90.362375 -73.740776 
-75.017810 -82.972920 -74.496174 -94.072442 -91.173588 -97.612206 -87.748510 -81.886270 -80.759730 -68.991911 -83.709593 -78.793907 -92.066272 -87.454575 -74.987788 -80.601707 -88.940815 -92.743626 -91.600514 -76.690253 
-75.268958 -91.615682 -93.197690 -75.664768 -79.325089 -68.671716 -76.595513 -69.577644 -75.530242 -96.813439 -74.850593 -79.465388 -80.792572 -68.763727 -71.957848 -68.707923 -86.813805 -80.402053 -70.489221 -78.930666 -86.442823 -71.731568 
-87.744764 -79.160751 -69.956914 -77.098284 -78.988834 -81.244912 -91.323104 -84.926502 
-84.546643 -73.558893 -69.446984 -74.496748 -89.060240 -88.721250 -90.461464 -91.298879 -86.299833 -70.956841 -75.191645 -80.326236 -76.966079 
-70.170948 -87.969546 -76.726753 -87.572986 -96.283866 -68.947469 -82.522310 -87.829142 -74.462630 -73.569458 -79.447451 -95.412804 -92.283240 -95.296666 -87.403641 -88.379739 -90.693609 -82.196969 -80.206058 -79.386824 -84.533459 
-93.090304 -68.263796 -75.021423 -93.780332 -93.847288 -80.464343 -78.854889 -96.831163 -82.849167 -87.705424 -72.200636 -74.876134 -82.866128 -74.615645 -95.554961 -88.230373 -77.709066 -72.365798 
-91.546196 -87.166675 -80.361889 -92.755138 -92.163599 -69.591146 -84.167301 -75.320587 -78.841155 -96.116479 -79.883971 -83.952931 -76.308373 -84.365248 -74.107888 -89.093805 -69.138614 -78.209656 -72.371665 -96.780331 -80.269920 -72.063376 -79.742917 -81.618013 
-68.777317 -72.155543 -78.889513 -94.845324 -80.207106 -84.426777 -79.489453 -85.746610 -83.702346 -85.738869 
-74.524193 -95.610918 -96.114694 -80.835537 -92.592530 -77.948480 -93.572178 -88.785793 -87.437256 -96.478918 -91.643649 -94.985688 -70.963126 -88.144938 -88.244267 -75.600401 -83.340443 
-69.679123 -72.761748 -76.625144 -95.555173 -72.747939 -72.286202 -76.780093 -80.012298 -95.820903 -75.493896 -77.283732 -81.862000 -78.933270 
-83.476511 -86.155240 -68.729110 -72.621894 -81.001557 -89.814999 -75.895761 -82.845321 -75.255471 -78.197149 -87.295975 -83.417515 -72.352035 -80.424508 -85.569104 -81.548271 -80.062431 -87.040697 -78.330795 
-79.919681 -76.180183 -89.477925 -71.356192 -76.627400 -84.461534 -71.437234 -74.755717 -81.519488 -87.205346 -88.278138 -74.238989 -79.046732 -79.651405 -79.066323 -72.838531 
-79.862252 -75.095496 -89.200484 -79.929394 -73.445304 -84.134564 -92.235778 -69.678037 -80.277822 -97.473506 -92.237838 -80.247441 
-88.699563 -76.563970 -91.410364 -73.909208 -93.716059 -83.196510 -97.090988 -68.916248 -95.622675 -77.995485 -83.167079 -80.287092 -76.267121 -70.609693 -81.459058 -74.398499 -97.320305 
-88.307967 -80.295161 -79.237399 -83.623450 -68.794831 -82.860081 -97.942991 -88.299260 -95.072948 -92.830624 -95.754575 -69.267665 -75.093444 -85.465742 -78.844752 -82.468873 -82.460306 -74.896728 -68.515558 -82.348757 -83.887736 -82.645394 -71.717243 -94.499880 -78.701109 -93.416816 -87.203476 -85.509175 -89.183808 -72.953194 -96.117934 -85.224297 -84.161738 -78.837777 
-86.349707 -81.982099 -85.771032 -81.677292 -82.672077 -69.515605 -87.796465 -75.854624 -78.648797 -76.271957 -96.086473 -83.352346 -92.982644 -76.203213 -92.133059 -87.818209 -92.124389 -89.446496 -80.038586 -88.489138 -91.851333 -76.218747 -83.985189 -70.945777 -83.524995 -91.557165 -78.552913 
-75.708606 -87.101433 -75.388975 -92.280256 -74.691322 -70.656930 -85.490806 -68.731434 -68.677469 -86.729942 -82.141960 -74.775568 -81.027665 
-78.539959 -97.561913 -75.997152 -79.103647 -75.057227 -70.107357 -72.168710 -77.890823 -92.864699 
-71.365429 -75.793438 -92.769411 -84.280198 -82.979714 -77.810806 -71.510082 -87.511024 -79.877184 -79.846269 -80.511255 
-90.137151 -82.804572 -80.282273 -83.835596 -94.891787 -73.506181 -94.563095 -94.561931 -79.270358 -92.820030 -68.476114 -95.409268 -79.142109 -70.831687 -82.989645 -75.903328 -71.554751 -75.699002 -85.104266 -88.279626 -79.193396 -80.178628 -72.220894 -83.978423 -72.624440 -78.801377 -83.378146 -87.674462 -70.059838 -86.708075 -69.159201 -81.366040 
-85.513157 -90.440257 -78.517922 -70.230205 -82.610165 -90.798327 -76.344698 -91.843094 -97.066310 -79.256164 -92.580782 -92.519575 -77.867646 -96.259398 -92.420602 -86.911797 -68.821426 
-81.478372 -82.502500 -95.368620 -81.408164 -78.185405 -70.142246 -71.558421 -91.095043 -88.005775 -88.865522 -96.619314 -91.568033 -95.743650 -81.076448 -80.004746 -81.776289 -79.098175 
-81.093216 -78.845333 -72.147613 -79.217257 -74.926248 -94.746268 -69.268165 -72.258521 -78.430753 -77.605782 -79.138113 -73.566249 -81.048138 
-83.669622 -79.100853 -96.113837 -70.164979 -94.441097 -76.322575 -69.155778 -76.733127 -79.152837 -78.903815 -75.946853 -78.560699 -68.909627 -84.249631 
-90.142384 -75.645507 -74.997770 -73.419191 -84.297973 -97.883137 -95.615408 -68.121809 -80.813185 -73.190216 -92.625669 
-79.260399 -95.262014 -90.249919 -83.389974 -90.328187 -74.596777 -70.665015 -93.088864 -95.037956 -79.967487 -86.036352 -82.100786 -83.174125 -74.337858 -81.323072 -84.017390 
-83.562497 -84.370263 -95.616438 -75.455128 -92.173299 -68.353212 -80.490953 -83.986260 -97.363015 -78.779716 -95.197816 -76.999084 -81.034950 -94.189449 -78.544831 -89.687588 -86.002439 -78.952211 
-95.784872 -73.787731 -80.622820 -81.310985 -81.325412 -69.313482 -97.155103 -93.492152 -75.034754 -77.560131 -92.287282 -87.454222 -80.570555 -83.285516 -94.035563 
-76.857708 -91.403645 -76.703599 -96.264512 -76.999019 -94.587962 -86.002202 -80.301528 -71.877662 -68.909143 -69.435431 -80.805006 -91.233194 -75.944106 -82.814341 -70.759148 -76.816387 -71.747349 -85.138015 -79.589171 -92.996552 -92.092829 -83.400103 -79.302792 -83.882268 
-96.030459 -79.528593 -74.705121 -80.174205 -69.760811 -73.335906 -82.179547 -80.043608 -79.128127 -83.192742 -80.057210 -79.793280 -83.680749 -82.620644 -81.694901 -69.308993 -79.835334 
-80.801301 -90.369600 -73.256087 -86.049592 -80.354814 -78.967222 -78.767943 -82.053418 -77.899889 -82.478993 -70.471021 -82.677347 -91.788974 -95.856868 -72.640671 -84.773239 -75.159558 -90.575650 -82.731321 -89.692126 -72.723281 -78.689857 -78.921031 -83.218903 -79.589595 -88.653479 -95.295176 
-92.991522 -68.499432 -84.407987 -94.926933 -77.909341 -78.625306 -77.993686 -79.353561 -73.051872 -81.096807 -84.245114 -96.046308 -76.335818 -77.278109 -95.351371 -71.351674 -93.090745 
-89.775330 -70.518073 -86.876698 -73.875339 -71.273800 -67.990849 -71.629454 -76.015041 -82.436540 -82.105455 -94.178765 -91.788383 -75.378012 -97.431261 
-78.737472 -76.205418 -70.101232 -69.125505 -94.696119 -92.698612 -93.687018 -82.170228 -78.025555 -76.083664 -97.660483 -77.997475 -78.805421 -68.983729 -80.758683 -84.005899 -79.129699 -86.207508 -79.372214 -70.625337 -75.522186 -79.011366 -80.120677 -81.166578 -69.099022 -74.348797 
-78.882837 -89.520387 -69.713542 -90.997748 -82.328588 -88.968273 -93.749753 -79.304044 -95.300135 -77.000583 -95.779756 -75.372165 -77.803930 -78.163925 -91.968469 -79.509869 -84.102717 -91.582155 -75.270434 -78.656802 -88.909729 -77.125351 -71.942918 -74.510736 -68.223319 -80.452694 -93.977881 -73.773599 -72.743853 -81.412602 -93.566137 -72.652118 -80.370029 
-87.239732 -88.601838 -76.954270 -83.460431 -97.207594 -89.400042 -78.878356 -89.940269 -74.287305 -74.275238 -72.383047 -74.860836 -77.363645 -82.597448 -95.398354 -85.465642 -90.147403 -85.035980 -79.296995 -83.118382 -82.441291 -83.248109 
-73.239979 -79.752210 -78.667759 -68.505872 -75.140672 -69.407268 -93.240934 -82.184807 -96.339869 -77.289495 -78.479833 -76.776866 -93.868364 -86.596529 -81.372464 -81.538254 -80.924581 -83.339624 -70.573510 -69.190079 -83.899304 -93.975281 
-73.422974 -73.461664 -78.814344 -75.040779 -76.445401 -75.198009 -87.234919 -93.140421 -68.786829 -79.861107 
-87.611273 -91.230351 -80.926611 -77.479955 -74.328876 -75.658848 -75.952194 -79.888068 -83.997296 -73.676888 -70.809287 -70.757586 -92.561115 -80.036079 -79.779000 -88.436885 
-79.896310 -96.761237 -80.519113 -78.030581 -80.180227 -78.793480 -75.706791 -74.046857 -82.663881 -82.226463 -69.280408 -89.826647 
-81.253168 -97.667238 -69.230486 -93.386519 -90.210937 -72.395909 -81.194657 -87.503355 -97.396980 -79.196871 -68.843210 -80.542000 -80.555040 -70.486284 -73.684177 
-72.152652 -96.650506 -92.848967 -81.775008 -84.596511 -75.731025 -95.150830 -91.160913 -83.483207 -84.283562 -75.134967 -72.344710 -83.408910 -79.301928 -79.383838 -89.671378 -92.549300 -79.950805 -96.393943 -93.082691 
-97.617586 -94.858444 -68.573287 -69.828893 -90.370978 -92.722548 -83.022366 -76.794771 -89.931330 -97.561484 -74.323032 -79.884159 -92.379434 -94.469650 -85.990331 
-87.177488 -78.631288 -73.457440 -77.914324 -78.122031 -70.291484 -79.290144 -91.215868 -87.250717 -81.087217 -78.939447 -90.875184 -69.906621 -79.418252 -95.097551 -70.282983 -78.250383 -87.883072 -83.514933 
-93.847983 -84.431419 -92.098484 -73.093317 -92.516262 -87.001095 -82.490705 -81.356405 
-80.849318 -77.446776 -80.294388 -70.899196 -76.152226 -97.279590 -77.524966 -69.637883 -68.669741 -78.969675 -80.798429 -80.774462 
-93.323782 -93.303901 -69.856073 -70.940382 -69.272186 -93.001806 -82.981653 -69.374125 -97.294997 -81.242907 -80.177305 -84.701683 -81.520589 -70.010904 
-87.043943 -71.354043 -77.752655 -74.107068 -91.596555 -79.695776 -80.006687 -80.151107 -79.381133 -82.412628 -91.565070 -89.046451 
-80.799820 -71.328086 -82.877278 -79.622610 -75.795252 -81.511865 -97.764348 -68.961901 -80.832231 -70.242366 -97.213512 -89.075650 -80.359587 -79.766145 -80.640134 
-84.545887 -79.876606 -97.855001 -69.627007 -96.794395 -91.956000 -80.459011 -75.179493 -95.382025 -68.015757 -73.606139 -80.861088 -86.399965 -77.773678 -81.601024 -78.211635 -83.518441 -73.455193 -97.458550 -80.673374 -79.963856 -76.852064 -78.975023 -93.120247 
-83.414901 -90.038584 -78.749868 -72.360403 -69.701002 -75.014361 -94.269360 -82.615225 -80.461021 -97.512279 -72.339270 -86.160815 -68.852895 -68.327412 -94.315132 -73.208061 -85.780293 -84.642526 -81.178529 -95.618601 -73.120515 -79.262414 -81.107957 
-70.219577 -89.783154 -86.077981 -75.218151 -74.772980 -79.488354 -82.889193 -81.056425 
-93.801895 -79.122120 -78.282033 -77.596725 -93.671934 -76.285946 -83.132175 -79.183044 -81.469311 
-77.489430 -79.088141 -73.621916 -95.977427 -91.204420 -79.400582 -68.329316 -83.373401 -76.471485 -68.190485 -83.920032 -77.879128 -82.542810 -79.793992 -96.545710 -85.778202 -94.155331 -79.095400 -69.152935 -78.272415 -96.887039 -75.919575 -93.995672 -83.802055 -96.494057 -77.793993 -72.896591 -89.694577 
-79.605924 -83.455867 -81.069671 -78.083303 -95.241301 -81.201103 -88.661281 -79.760473 -81.406574 -91.765684 -78.602790 -73.151440 -83.275292 -89.075992 -72.379385 -93.945062 -78.303853 -69.237987 -69.267738 
-80.038592 -68.690729 -78.274755 -91.013910 -83.033934 -81.123898 -81.229808 -68.457896 -89.890796 -71.821977 -84.099536 -76.324325 -74.883676 -81.606859 -88.274526 -75.223068 -76.133357 -88.050477 -93.415332 -72.295921 -79.937830 -73.906578 -69.512440 -71.357478 -77.714554 -97.398764 -74.910257 -83.150183 -98.035668 -78.889852 -85.485971 -95.049962 -81.468449 -73.078003 -87.225921 
-69.516269 -90.109078 -80.313709 -79.587635 -93.211592 -76.421025 -86.617741 -76.867019 -96.295332 -87.263201 -69.937719 -75.994773 -79.645096 -88.640905 -69.240701 -74.164811 -75.961994 -68.261234 -74.614208 -73.107953 -76.903671 -78.719177 -92.658089 
-74.774658 -90.071083 -82.426504 -90.730289 -84.062944 -93.192039 -91.626647 -68.510231 -78.564228 -81.743419 -96.810888 -72.769357 -93.226784 -74.482216 -74.544819 -78.580848 -85.940850 -78.450014 -97.791559 -82.157076 -82.440872 -83.543000 -82.064816 -93.340131 -87.772796 -86.174977 -82.726321 
-80.163359 -68.174491 -73.832548 -78.897761 -78.103273 -89.327026 -91.067908 -95.741627 -84.277313 -93.232719 -90.604148 -91.671636 -75.522109 -79.092525 -68.425979 -69.068282 -79.401730 -95.249288 -78.448809 -78.474613 -70.678474 -82.645326 -87.528974 -81.953082 -92.782336 -79.939111 -84.354072 
-91.412310 -96.846482 -75.584959 -79.534831 -94.831621 -81.142239 -69.738393 -92.567582 -75.667386 -83.173656 -80.433876 -73.963602 -90.494074 -80.995590 -76.071857 -88.069880 -84.021989 -89.265502 -68.937093 -88.377139 -80.076952 -91.923208 
-83.841604 -88.967376 -75.032786 -94.999094 -77.951052 -95.495089 -78.470634 -78.525277 -76.075445 -80.255628 -78.948735 -80.544617 -86.280465 -70.499584 -78.274707 -81.757943 -69.267957 -84.326822 -79.171412 -81.026679 -85.684098 -82.580698 -77.942462 
-86.254358 -74.815412 -83.052470 -71.999637 -70.074206 -88.911243 -96.093351 -81.527498 -88.239712 -78.462455 -74.817111 -94.410761 -94.513884 -84.443608 -90.937150 -70.110492 -84.063868 -78.545885 -68.642576 -76.052191 
-94.085540 -89.822228 -80.031087 -95.172258 -70.215395 -95.248083 -82.923363 -77.606952 -74.621005 -75.016233 -80.902567 -82.486227 
-78.592158 -77.214385 -85.496580 -69.364803 -74.702776 -76.679828 -93.649296 -83.850412 -91.872529 -79.027989 -94.832371 -70.705486 -77.661099 -89.858187 -83.054042 -83.041513 -83.582675 -79.976561 
-75.922752 -75.815310 -96.068086 -96.067954 -92.459246 -68.795877 -94.833630 -79.081224 -72.812478 -90.263423 -94.602513 -80.419346 -68.855082 -76.078402 -73.908134 
-74.899616 -75.231432 -79.623171 -69.755806 -90.700038 -73.777239 -76.445306 -96.262154 -79.358743 -94.689044 -73.223194 
-75.447861 -70.031390 -74.455115 -74.095525 -96.082840 -94.076640 -88.806237 -78.348110 -88.087890 -87.770517 -94.174174 -84.132180 -77.739961 -97.243161 -73.803390 -93.698014 
-68.893811 -82.876876 -86.435167 -97.078869 -80.174106 -75.979016 -79.323372 -92.304528 -92.114359 -68.338837 -77.190877 -75.116901 -75.028553 -79.409893 -75.434712 -79.833904 -85.224608 -74.077424 -83.507503 -75.376593 -90.533964 -77.071090 -87.848510 -69.711400 -83.675908 
-91.122743 -69.474803 -89.325177 -71.301896 -78.676940 -95.197937 -75.232632 -90.240331 -69.341682 -72.985978 -91.964941 -74.913001 -84.517002 -78.273722 -88.628855 -70.693205 -79.496331 -79.624436 -70.160923 -70.927085 -69.506325 -93.766729 -79.507476 -82.735035 -76.385885 -83.645819 -75.696704 -84.359560 -80.994259 -74.647560 -68.186387 
-73.154306 -84.710715 -92.354367 -70.518749 -90.226412 -96.424790 -89.780990 -90.191190 -93.642441 -79.983929 -75.070903 -93.424039 -76.446915 -86.959111 -91.426896 -77.902809 -79.674979 -87.355791 -94.476882 -75.632067 -79.312671 -81.380617 -94.446844 
-82.566488 -79.031949 -82.776159 -77.834952 -95.817801 -90.054631 -74.509103 -93.801111 -80.800292 -95.826977 -97.650330 -86.098433 -70.702060 -87.882675 
-82.512887 -84.578765 -69.679681 -97.383362 -79.427460 -79.050267 -79.122939 -92.966279 -75.914494 -70.285874 -80.210828 -97.578905 -81.881631 -80.592254 -83.732989 -71.771695 -90.414534 -74.716703 -77.423868 
-95.954737 -78.800101 -73.420896 -75.940592 -95.765227 -79.604688 -91.660191 -94.504405 -73.955695 -70.044818 -97.340480 -79.111419 -93.707822 -92.538938 -94.746321 -72.230647 -89.225079 -96.501752 -71.740853 
-77.063332 -69.499527 -73.759500 -75.426961 -78.837962 -72.552084 -79.683916 -75.372714 -81.026731 -71.054298 -91.546513 -76.806659 -86.382011 -75.988730 -78.562320 -89.766409 -69.202476 -70.281788 -76.539594 -96.224537 
-88.377802 -95.311182 -71.385156 -73.911969 -79.201550 -93.128430 -68.614606 -83.381590 -97.620020 -79.982171 -68.414334 -90.873523 -79.931958 -79.713130 -75.907837 -94.260030 -73.245259 -79.680910 -94.296913 -78.399032 -82.954214 -73.623561 -83.915994 -76.761143 -82.108698 -96.583334 -86.356119 -77.554930 
-75.977836 -77.723454 -77.896211 -96.740056 -91.070905 -87.433378 -86.156547 -81.458299 -77.805150 -79.446444 -69.901203 -93.807185 -82.882359 -76.079091 -76.115137 -68.755122 -69.105999 -95.134804 -91.035550 -79.488109 -95.674889 -79.493518 -68.923333 
-70.407648 -92.360897 -74.104138 -81.734745 -85.970428 -92.781131 -79.463951 -85.528632 -83.412924 -82.002031 -80.121014 -96.115975 -97.306442 -95.952232 -79.815047 -90.029604 -77.849696 -93.776282 -78.295323 -81.943343 -82.610685 -78.509237 
-70.305046 -78.460396 -81.664730 -71.894527 -78.722450 -78.708070 -79.858908 -88.086248 -77.847150 -83.703373 -80.191590 
-69.430577 -91.392454 -93.883440 -92.653520 -86.897007 -82.926406 -68.777514 -97.262157 -68.705187 -82.550565 -73.368453 -83.406724 -87.234071 -79.072963 -71.914824 
-74.864702 -89.187361 -82.855044 -73.346119 -78.463175 -68.274684 -73.801907 -70.617186 -94.735275 -84.531948 -80.702182 -71.516805 -80.549399 -84.805935 -79.429888 -91.370977 -79.421495 
-69.471046 -77.051419 -79.883485 -80.121707 -82.303708 -92.199393 -76.463620 -78.616113 -84.233791 -88.742985 -70.225754 -79.927335 -80.320304 -80.926051 -85.409920 -79.615383 -70.949352 -88.981702 -86.916856 -89.413534 -76.744521 -76.726502 -91.584077 -83.181275 -78.832878 -79.908788 -71.894378 
