  0.300131 615.760669
  0.302114 664.668908
  0.308408 656.694529
  0.308400 668.335512
  0.317132 635.366156
  0.300287 672.977711
  0.295561 669.247514
  0.311484 613.936293
  0.317100 611.442164
  0.326407 676.823042
  0.311218 664.348497
  0.317130 638.204482
  0.324463 626.085978
  0.325985 653.820135
  0.331171 632.302189
  0.325531 685.939356
  0.310375 635.287725
  0.309830 654.528336
  0.309346 673.922729
  0.309835 607.222761
  0.323032 675.478657
  0.319054 631.296720
  0.327324 658.218659
  0.303589 641.988520
  0.327534 608.994969
  0.324430 617.677072
  0.312155 684.096602
  0.315875 623.461900
  0.325237 619.524851
  0.328711 679.035081
  0.329536 621.738458
  0.313729 616.407176
  0.319162 625.892519
  0.328044 648.151226
  0.320397 659.670355
  0.327858 633.420955
  0.329816 658.549935
  0.330125 642.894340
  0.326243 629.899659
  0.321904 601.286069
  0.324412 657.097226
  0.332023 698.601743
  0.330265 687.946440
  0.332726 630.864941
  0.324992 627.932583
  0.322529 624.398596
  0.319761 623.093630
  0.320563 644.716902
  0.316611 667.876810
  0.314842 658.640414
  0.317139 640.820914
  0.330246 666.683999
  0.333497 677.899353
  0.336391 659.873760
  0.326696 600.261279
  0.325941 671.996534
  0.308585 636.846810
  0.290226 656.821591
  0.297126 631.883468
  0.288295 622.654969
  0.291434 630.754622
  0.291166 644.584188
  0.293490 665.408380
  0.292957 646.782846
  0.277063 601.631937
  0.275208 641.710390
  0.279576 673.611752
  0.277212 611.760273
  0.284135 670.564676
  0.284951 618.173061
  0.285288 619.474687
  0.278361 658.179401
  0.280006 652.323692
  0.296621 653.514123
  0.302517 662.407107
  0.295908 621.935932
  0.300872 585.421796
  0.294237 659.717957
  0.301426 648.248484
  0.293910 614.001751
  0.292259 626.674102
  0.292690 630.625377
  0.302271 660.263940
  0.314223 669.210681
  0.326242 663.894188
  0.304194 632.504398
  0.307401 610.973004
  0.305033 665.342856
  0.288278 621.715635
  0.304856 695.493319
  0.295876 641.004497
  0.288973 658.687656
  0.282990 664.847355
  0.272435 631.911529
  0.281021 612.981689
  0.293840 660.070859
  0.292605 610.996701
  0.286690 633.950541
  0.290520 638.832932
  0.290491 648.452654
