  54.393063 3054.358779
  61.176690 3057.107578
  60.679709 3057.656941
  67.551089 3058.102965
  43.407285 3057.441081
  53.311016 3061.700825
  77.263347 3063.357432
  94.837620 3050.268103
  61.527211 3054.913817
  65.115567 3059.777348
  51.500928 3056.770338
  35.873028 3057.101130
  76.707890 3056.723589
  74.726524 3058.568669
  69.813351 3058.353922
  91.485234 3054.884532
  41.467875 3060.329412
  59.661158 3055.218329
 102.633547 3056.615108
  68.753504 3060.112324
  70.201461 3054.067474
  42.588027 3056.518787
  52.233200 3061.037243
  70.316794 3052.980899
  56.446128 3058.232620
  74.269009 3060.558391
  44.700000 3049.913325
  53.787980 3054.962974
  57.414448 3058.024963
  70.118582 3060.471495
  62.255286 3061.773679
  53.872732 3058.209633
  59.433411 3057.092206
  98.250323 3056.685078
  82.964153 3058.059333
  55.770544 3055.175924
  43.424507 3057.141238
  51.572686 3052.759594
  95.497113 3059.620332
  64.243501 3054.887233
  67.160019 3052.975736
  48.081762 3050.799769
  57.960686 3051.954183
  46.062835 3051.067809
  62.835560 3058.254175
  63.620804 3060.224167
  64.019737 3061.043274
  81.801105 3060.480773
  69.136874 3052.406142
  83.279327 3058.579043
  63.382505 3059.579504
  55.589603 3058.146703
  76.133242 3054.089519
  90.552178 3056.729840
  77.346906 3055.315727
  70.244684 3053.069268
  49.011195 3054.900779
  64.233440 3055.059442
  51.934336 3060.225297
  60.083038 3064.102882
  75.262918 3056.915467
  58.738757 3060.333845
  62.803772 3059.112617
  45.294915 3056.421216
  51.975126 3056.992121
  58.835352 3054.438410
  53.271483 3059.858463
  61.536474 3060.024615
  78.108581 3059.724799
  78.631026 3057.577815
  45.727525 3055.040915
  41.190221 3053.757717
  86.450729 3059.606289
  67.101857 3056.914820
  96.786283 3056.091962
  72.076919 3057.754397
  89.811077 3050.065269
  82.576708 3055.635703
  76.263623 3057.199693
  73.598246 3061.191156
  66.190452 3057.650741
  53.486644 3057.314734
  62.128313 3055.043631
  59.968815 3053.928184
  50.486441 3055.690797
  62.167235 3054.220972
  86.572324 3061.391835
  96.421651 3053.468896
  82.705018 3057.501838
  57.221683 3057.196407
  69.304244 3059.965296
  71.253485 3056.754885
  69.133406 3060.226166
  82.660380 3059.502444
  79.728790 3061.680442
  67.831228 3063.899744
  50.289775 3060.439462
  52.422197 3056.914327
  64.556324 3054.585143
  83.682163 3055.258242
