1552.894104 1640.964320 128.384619 0.400129 245.017459 0.261522 248.879434 143.722543 7.007465 15.336663 1.337756 88.914607 131.531434 499.906098 39.318005 96.150342 501.869652 833.110457 1277.993930 
20.122963 539.676845 71.389105 0.738741 405.654957 0.193422 0.161078 425.753788 219.434777 615.226012 743.333389 6.074216 
749.889900 1862.072341 103.669984 0.465581 779.641281 0.221724 0.296970 118.758497 1795.990218 327.760142 13.235386 162.052964 0.714701 27.934746 551.271358 
19.372840 0.392345 76.374775 550.860346 274.465762 0.307672 0.487189 976.599105 546.261083 0.448045 38.541357 280.864400 32.680429 122.353620 
16.846348 0.616631 224.828088 883.561323 365.748397 0.154075 0.121869 0.622984 735.983416 682.227427 6.659718 26.153017 26.267825 
12.551147 48.171618 52.271852 605.356747 513.505847 0.116569 0.827083 67.019523 14.684250 0.159489 117.152172 391.513016 489.772361 239.338226 591.858175 
21.177051 0.080444 104.424970 403.751759 308.867666 0.088238 1.110075 404.367816 616.048103 
30.761575 51.358189 727.861081 991.908622 125.102762 0.284944 1218.825467 790.512878 0.381557 2.865183 154.283028 0.389446 3.884474 3.869872 15.853973 814.495788 9.464820 237.808147 133.730197 29.960699 261.667075 348.823146 
174.747735 15.663064 0.795825 1822.207939 5.779376 0.215140 350.989297 475.464059 1023.327048 0.595268 279.529445 547.889031 438.623716 3.457530 1326.553553 15.229230 127.992657 747.437163 1410.708171 275.724367 
13.712328 39.937963 1766.801264 1989.172550 0.506732 0.203247 203.294298 50.361854 21.090236 0.483223 41.717789 856.434030 6.481860 
323.005569 17.640119 14.642691 977.141940 0.317835 0.279594 1637.494806 110.156000 4.374562 0.387321 228.297986 2239.564410 131.343386 338.714866 
24.908412 39.794293 0.433143 952.129495 9.786817 0.125786 217.099268 62.906439 277.455573 0.559899 436.378973 541.768260 22.780794 853.119804 290.016011 993.043381 9.381311 340.159854 
1.057984 27.761483 0.094558 521.922752 321.789040 0.072946 363.956290 157.300273 10.701999 173.445433 96.141556 16.650057 
0.849048 31.120394 18.668227 628.730689 64.535510 0.174015 396.124514 506.996527 0.397952 244.238921 1066.288322 872.010260 23.570146 
0.649063 0.891503 18.757505 1212.606498 129.158916 0.172554 191.594104 927.351840 23.248974 819.564423 750.296244 1081.150780 16.965773 3.873929 18.986543 
0.488863 718.668889 1069.535948 214.086161 119.785254 1.560051 700.447109 466.722982 39.790042 0.236084 0.462922 20.877929 239.557189 556.252294 542.091286 113.493535 811.132324 
0.430972 1114.071778 883.379659 0.309234 66.060660 18.545869 483.407080 0.261943 296.255133 10.016298 455.807196 2.279581 518.626484 1305.400487 146.927394 
724.136552 58.561202 22.835907 1.125915 205.470238 29.614698 1109.869491 0.272377 957.271502 420.275429 0.360682 11.851849 54.594295 596.855074 
1271.670764 11.228239 3.138867 0.756920 86.284576 28.385922 599.846370 0.245111 1252.097565 0.456135 539.354047 694.526882 1591.278672 96.104292 52.557792 
15.079128 0.647451 249.810110 1164.794912 77.705780 17.809889 241.111275 0.178843 977.110009 0.282987 
12.657897 0.563416 398.670019 1909.045196 361.444304 12.035935 1405.526074 0.268158 0.503910 0.284182 103.672458 0.686478 48.603229 18.767415 10.573491 999.454242 24.990379 158.418734 2.246104 675.764019 6.282452 1788.721906 97.738365 336.110953 
302.741989 0.384479 635.918901 1472.166338 73.114885 26.350813 243.400279 0.266989 0.295623 0.565194 1.840809 50.108594 14.015223 249.571199 2.679437 757.237004 46.279671 
275.628893 0.447562 11.875478 992.876446 182.405617 14.257820 955.911510 0.246006 529.803867 0.368101 0.541834 74.447699 48.077963 0.623431 455.750813 
41.546954 0.648180 599.904820 47.746398 163.060616 11.201934 1718.728077 0.227951 1637.154643 0.227229 339.032053 174.335919 169.867861 834.668418 619.203457 117.069541 55.106670 3.711638 254.557431 866.728665 
2231.370225 0.414561 361.869540 14.839824 19.139866 1880.513629 1082.977533 0.284415 0.939167 686.679252 198.799457 78.238368 2423.320197 1242.821859 43.560317 66.948659 6.482038 820.756875 0.312386 198.655030 22.614418 592.254828 405.375572 822.261522 
21.480451 163.020556 183.823692 344.069898 17.682761 1571.556647 192.549939 0.207662 0.885887 130.293606 3.567371 0.613454 809.383666 5.359107 126.568833 0.764457 921.545289 5.112505 
4.754274 0.357921 56.869354 583.211269 26.267953 55.383058 775.108915 0.287745 0.420716 11.140599 135.030337 39.804921 1482.604713 239.624749 1007.160080 6.811004 93.379478 254.795950 17.317942 487.943361 9.829133 0.549038 
2.037422 0.268323 1205.336225 303.124405 20.235013 271.212079 0.677725 0.377399 0.312404 4.751747 0.360728 1091.050542 70.185658 94.276251 821.181134 434.210767 5.570849 603.913486 567.894289 17.593250 3.389028 407.545924 101.041690 162.879922 1.493063 249.558966 494.181226 692.381201 0.220033 
646.382793 0.575046 18.758343 498.765528 26.383699 59.390043 1089.782542 0.209832 0.235283 617.161148 696.968823 
725.859398 0.582913 1430.728896 841.236521 15.606911 59.247362 13.139153 0.153934 0.556800 416.897931 3.279760 14.916200 
273.399054 0.807010 1099.191593 375.418479 16.674045 0.129094 88.528129 0.115874 7.406969 594.235294 177.976278 503.279160 6.282187 804.788982 916.159035 269.401383 
7.100072 0.874780 1137.158169 496.897536 47.608732 14.608201 99.132270 0.149762 56.865910 340.861419 0.188871 457.212158 282.030558 149.810691 625.464621 62.933135 355.411484 
0.398405 0.437704 865.483644 199.314050 38.050076 400.875004 136.474854 0.239313 851.787820 24.325853 0.768530 7.597271 0.625313 1009.586121 10.239791 54.446862 9.571496 
1.550509 0.772398 1005.741446 854.191055 34.723223 501.284086 208.694783 0.247783 167.747135 24.333697 1434.287465 18.406578 0.279118 51.563109 324.472177 780.840461 1.842805 
0.560355 0.729138 623.412165 413.294627 183.019322 183.646812 82.785006 0.137197 0.614828 14.301653 748.301389 19.706661 631.833623 1137.580276 
0.341193 0.584092 381.367291 689.453032 0.189786 55.305511 72.706748 1.290647 77.578951 1173.380208 17.628363 26.793433 31.219890 1292.076801 
88.106122 14.866387 730.424415 1192.977893 0.192585 0.317697 96.666682 18.203409 0.456600 869.456317 777.205158 13.603122 812.416431 0.236745 651.368999 
798.296690 83.713608 3.577825 870.775301 0.252104 1.753381 47.594467 772.922083 0.346784 10.983914 2.374097 81.709319 681.555147 
39.295689 119.705001 0.656203 0.485004 0.169067 23.063085 634.365667 1012.882596 337.264853 292.796526 164.048211 29.133450 4.042746 151.446243 6.861458 130.665901 230.763503 
255.515462 311.377500 0.448955 0.472428 0.157914 19.331381 405.485180 1139.562192 0.235930 356.783925 347.726364 39.504069 21.797786 212.535589 
499.750852 102.460461 222.452561 0.477975 0.216678 43.763444 960.926891 17.155980 0.240125 1.079064 617.416312 
0.395636 68.141724 6.832938 453.472495 0.201973 1015.117180 419.391488 0.166743 466.606247 139.511315 20.982305 633.383582 0.543448 538.760916 986.992576 257.391616 1462.096104 997.162986 
1056.687573 868.929475 18.020061 222.365765 0.197310 0.814256 822.126486 16.366652 0.181546 974.428601 123.687523 7.225813 20.929105 0.377924 513.771106 449.151424 
15.739267 750.688947 0.329884 774.245715 0.319611 1.872098 1269.796417 1427.011230 305.887546 253.665223 349.494581 314.571739 2115.688855 19.519159 8.674908 13.570309 13.877158 0.432164 
63.849453 108.516432 0.447598 1574.340217 0.226728 1.230444 343.584036 535.015789 17.664171 424.466980 1.510919 
20.884107 198.270340 0.692282 401.224718 0.095677 0.311746 153.527866 633.916869 8.713701 16.867930 107.473600 
23.448066 79.605179 0.597810 299.698859 0.196002 0.153291 362.368609 1213.839674 
1315.594041 156.026705 429.954772 1045.389547 0.200891 0.400059 1270.155146 1438.947273 22.962204 0.204849 45.767426 7.168372 14.504989 2.017242 
1.424657 210.015331 492.648171 21.087157 0.261511 0.346753 169.203891 749.851083 253.130998 
0.808480 277.431544 0.241417 22.520638 0.206216 6.065099 1717.065535 902.959086 0.219899 216.309381 221.739440 381.373315 696.688849 1237.077414 
13.943552 143.585094 81.061682 19.180319 0.172234 0.662255 821.146991 351.062165 334.039803 0.473664 280.622286 915.593259 
2.396713 252.317307 102.001824 23.597585 0.247218 887.552613 918.078555 178.943372 0.443038 0.522511 246.638977 1.530982 0.806499 169.332398 103.323665 1125.450633 2.797519 446.001894 1147.632821 32.119684 16.964349 
0.933381 0.384296 190.020684 24.506165 0.342445 781.413182 685.863847 2.007495 147.384262 56.058435 844.592737 7.531503 165.558065 1.417848 1500.270477 529.933287 1892.304660 786.212044 70.393476 
447.340246 1.161165 679.499482 412.839650 0.301689 207.873047 1411.077481 19.597946 0.449331 0.845864 2735.740065 728.506131 58.009682 2.382255 2161.958958 396.390673 605.845576 
216.218145 0.205542 597.140450 1328.131073 0.236649 439.000295 634.766037 19.972245 1.031616 0.382760 385.225864 
214.844433 0.294000 165.302284 40.560776 0.137788 0.328541 827.207710 697.110452 473.175176 53.940311 1.082871 2.914211 228.961901 0.920941 32.521974 478.403573 461.236333 801.550868 
76.153499 0.421224 88.393043 993.900559 0.155514 0.904099 393.938363 47.911451 1039.016485 0.251719 755.403907 1.479592 
0.328854 0.702926 252.582055 1705.802866 0.227064 331.930982 6.554447 309.364020 329.223364 28.820389 
0.675227 0.198083 67.848848 398.206792 0.169290 1489.510276 13.508003 552.666532 1181.971495 13.832999 18.043116 546.211981 
17.252444 0.147916 79.797630 442.194864 0.117202 23.064651 14.071554 686.695702 0.694748 621.126561 369.175167 32.728864 10.683883 
0.295308 0.633849 34.022355 266.789769 0.240258 398.265707 1338.350440 9.555688 251.195432 
0.612786 0.764517 17.221410 947.180128 0.239262 1607.581758 408.770784 7.192325 143.277998 1912.131902 189.275573 
0.644676 0.810362 23.601385 834.981394 0.123419 422.258762 755.606304 58.388681 411.894507 454.703088 949.323365 81.043450 784.583477 
1276.011392 0.155044 17.608239 694.987044 0.191564 624.679743 0.768148 179.816824 318.768056 
788.902907 0.433223 0.319744 202.111941 0.185285 1549.182447 11.189772 65.156311 1370.292657 703.489256 1383.812630 
0.641251 4.722235 0.407515 828.219933 0.220896 18.361184 730.727366 94.029494 229.278576 1104.295804 462.215099 24.083750 1125.618463 377.773228 
0.807854 875.247883 0.437077 431.125002 0.123585 14.333985 218.527784 53.749315 594.065399 34.552962 
1.307360 295.312575 1.139211 282.894732 0.060973 16.937515 17.008231 64.592092 483.382875 
6.277394 70.897605 338.463850 0.113161 0.123140 89.112623 0.583782 38.289146 827.401785 803.527823 786.587767 
0.223030 1027.121605 159.042190 15.019906 0.252236 323.871337 0.231182 1624.794837 1837.691788 1482.632343 28.765183 50.773530 20.891066 298.924420 136.425063 
0.461104 431.874536 20.096127 1528.227598 0.269966 135.858128 0.343644 848.488617 280.527748 
234.235153 88.338956 659.926085 302.166693 0.219054 321.993960 0.282454 0.280563 305.741502 108.899984 13.966582 300.374972 17.513375 6.864527 76.832678 1.075306 227.667091 61.852404 15.703199 724.362234 401.008112 497.434021 
1061.276277 2154.573731 15.751216 2308.020379 0.263666 119.940379 4.836710 0.637147 1044.040539 141.938934 41.153203 309.128810 0.266171 
0.748379 0.220451 244.431940 1490.151509 0.299766 15.614360 30.201901 524.265377 505.920752 271.414260 1073.278828 23.862040 0.378076 
1.723025 0.282142 83.132387 1016.471315 0.294642 1324.182159 12.966833 209.267380 53.591372 62.236447 1677.991641 460.817994 171.135822 1.886804 
2.969012 0.212891 468.307723 580.719863 0.430323 397.748162 19.153888 1294.012393 32.930393 1412.680885 264.983840 10.177271 0.210113 
0.308915 0.446668 180.751155 106.964469 0.103032 394.875178 23.356093 298.510285 405.355480 
840.583569 0.257286 0.219312 974.220272 27.792537 569.851115 20.537144 283.393038 0.241271 14.469364 917.822599 6.697833 349.375084 174.234806 13.258688 
18.607145 0.311565 0.565157 742.022064 376.826633 237.389054 27.407962 126.409719 0.163355 11.709302 215.413589 373.868023 490.559858 350.655121 537.724258 
15.573934 0.292381 1104.933115 842.259167 87.003225 340.776377 0.498472 0.254993 14.303311 503.671442 336.838285 59.710119 271.673636 
18.256332 0.345228 2225.344554 749.746125 0.245097 457.337420 33.786417 0.247684 78.338357 21.490656 393.634773 
16.277326 0.277923 603.283420 748.810921 35.847060 1664.731000 27.339837 0.326406 991.693767 9.081869 161.344265 1.126549 776.037420 1.442721 145.486971 66.567570 
17.319977 0.381478 295.173018 256.893070 12.865541 0.383091 150.704716 319.798065 0.290822 547.244149 685.025265 1471.401213 928.463325 1055.979081 40.766075 362.691287 489.193588 83.721774 
26.053556 0.278861 117.417099 166.131157 56.092207 314.024133 377.523941 4.333284 0.231646 636.975908 498.512627 0.800301 1232.598462 4.653453 7.314587 
321.915878 0.366986 80.444366 1333.136068 15.646625 476.710691 1536.582074 0.763026 0.253620 56.825811 15.919911 9.827695 817.305922 229.051405 
26.912386 0.306530 146.847512 1342.775502 131.954831 161.678543 35.514604 4.293697 0.215099 1.095102 541.897577 122.207230 655.938803 22.067900 1231.728956 35.753434 0.569085 
749.514029 18.317306 94.442677 0.155622 1.175080 0.301333 15.466049 421.713736 6.501404 1179.970011 
19.560188 322.525125 647.743764 0.254051 0.253971 0.249117 210.297256 196.299507 665.253598 590.525985 668.378342 
10.581351 0.706729 71.010297 0.165260 36.809283 0.292869 591.269923 464.923421 533.465506 839.901302 
15.547153 0.261164 90.152807 0.230509 10.281270 0.161542 1024.498678 305.090743 295.141220 331.153300 371.592546 589.168051 
328.297998 0.753552 228.051050 0.164778 0.311627 9.362663 312.468840 1013.095940 898.990390 4.870252 349.034034 14.340038 35.264144 341.857810 
13.424850 0.344051 151.280592 0.226643 0.540238 1.683555 293.030947 828.815830 73.989287 56.257242 581.536245 989.945018 57.225678 675.418485 242.715279 
13.890638 0.345703 55.020661 0.139930 0.407807 3.037614 262.423561 689.154085 414.855283 745.235940 64.513648 213.635812 25.630671 1.021752 639.087714 225.536946 43.585038 
15.684116 0.457966 42.569790 0.129791 0.474952 777.336831 25.427956 405.875015 196.577348 1035.276567 67.285464 919.526644 762.703418 848.762992 
108.418588 0.341201 1376.029102 0.214501 0.481167 526.895406 342.319293 195.839231 15.268346 47.116398 876.261242 1474.373537 764.832053 934.549585 18.410183 
43.842648 0.487967 0.182602 906.549798 0.217360 563.455260 911.647840 831.359024 17.735133 535.684071 21.662446 0.105825 
1397.101943 0.564408 0.160134 13.903042 0.378777 440.089638 70.777096 531.107524 14.552433 70.292802 4.808484 148.497550 828.877926 
1271.171720 0.292854 0.240648 9.847805 1.397022 507.845180 71.676571 293.007130 138.148208 411.183299 5.962681 21.305881 1240.700795 0.208180 45.684783 233.155402 310.470259 2.024326 958.296269 0.746806 
84.610173 0.101821 0.150072 508.679492 0.786028 728.233439 93.320879 162.810939 0.907353 706.776175 11.862482 19.184322 
524.281311 0.142707 0.782076 0.143434 0.314826 31.080979 128.163102 289.541055 290.406021 20.376207 912.748185 
