29.084198 27.431632 30.644384 28.474919 27.711453 29.795707 37.468412 26.107613 40.395570 39.468503 38.555512 42.811433 43.173394 25.906558 28.002486 29.419293 29.066184 23.780746 36.764104 
39.715328 30.266061 30.829802 28.374598 27.656739 30.217514 37.241239 30.752398 37.070483 36.411329 29.999962 30.771030 
29.717416 27.374631 30.845020 28.212263 28.118948 29.472424 36.323037 32.572913 35.814581 33.527755 40.731403 41.506867 34.736000 32.178883 31.457224 
39.994852 29.324515 30.868983 30.323370 28.499892 29.629215 37.052068 25.585347 36.364613 30.570555 41.636166 25.214412 43.494218 25.738181 
40.524953 29.197470 30.793006 29.649375 27.939985 30.198485 30.214765 37.730638 41.598246 36.363458 41.466182 41.715820 43.035534 
43.343279 26.743275 30.488060 30.167795 28.206142 29.820839 29.121818 41.881524 39.970755 37.247245 35.227180 36.155409 26.717227 42.408190 29.089570 
39.599607 38.908599 30.880873 28.481915 28.696224 29.493486 28.176191 36.220748 29.130990 
39.478934 40.818538 36.189755 29.759367 25.643578 29.747009 24.573543 30.934828 28.883627 38.285432 40.598008 30.133866 40.190517 24.384343 30.390990 32.024445 42.813802 28.181873 36.782530 30.833744 28.210101 27.551782 
37.593999 39.349178 37.650871 30.464239 38.715600 29.246554 37.463746 30.975464 28.339286 29.092000 40.053545 27.876934 35.556958 29.388630 25.312152 40.274739 29.995876 36.267129 31.386678 42.612233 
44.568545 38.705905 27.880996 30.529264 38.970520 29.349074 36.202004 30.978444 39.445888 29.295287 41.065553 27.921348 40.064888 
26.963980 39.460860 44.264725 29.959219 38.131035 29.757306 27.911654 30.810695 38.356139 29.648824 37.776688 28.571407 39.898168 32.992869 
39.309808 38.072248 38.398639 29.985873 43.293495 29.127744 28.015123 31.013170 37.033902 29.407263 28.582498 33.279110 42.797641 25.225222 34.136572 28.388116 33.572315 32.952027 
28.524491 39.370260 38.775033 30.195661 37.041409 29.558297 27.797348 30.861085 41.647497 38.906978 27.443943 41.758921 
28.537866 39.460640 43.819709 33.452832 30.826872 29.761358 28.045195 28.882752 39.224737 36.727908 25.923045 36.212481 32.862293 
28.493929 38.369010 38.929698 35.248603 30.905254 29.859178 28.188949 29.804049 39.139391 37.577360 29.576723 27.092831 41.112250 37.540552 40.826734 
28.581590 29.559334 35.937922 26.785422 30.733075 40.129223 28.074950 25.662557 41.107934 29.820537 37.724873 39.868819 29.094122 25.392808 42.526905 24.763124 28.603940 
28.103286 29.488682 26.369727 37.976315 30.595773 38.790671 27.628646 30.190477 27.426053 38.974647 29.519383 40.197440 37.753633 37.357874 41.381280 
29.105023 38.424177 40.141488 38.696245 30.658552 39.068015 28.038276 30.020922 23.799791 34.487287 28.448051 39.116124 23.501412 24.275482 
29.842731 43.353216 24.555917 38.116781 30.941619 39.582825 27.899636 29.138633 28.931971 28.337714 24.831900 36.980060 24.279041 24.436678 26.889726 
39.908486 28.607135 38.157822 35.825987 30.473535 39.082615 28.185427 29.613667 29.311057 38.421745 
41.473855 29.260985 38.066167 29.801290 30.881282 38.730345 27.911682 30.286443 38.186878 29.074424 39.652475 39.623037 37.244018 29.757940 28.373331 33.365946 33.407447 40.306998 39.347639 29.534689 33.699707 34.924022 38.634729 30.171949 
36.284977 28.317432 32.679352 29.571374 30.980027 40.332135 27.965829 29.271117 36.350407 27.820434 42.300437 41.083612 39.366401 41.888960 40.811221 28.463582 26.928589 
31.925018 28.629188 38.865349 30.294661 31.018272 39.696422 27.927205 29.332845 37.211652 37.527316 39.251049 40.597397 39.854928 40.671301 26.516802 
40.571143 29.131746 26.603317 23.847034 30.682716 43.262837 27.865599 29.767342 30.287353 37.872101 27.716678 26.357894 37.289499 32.673201 25.890579 33.410842 26.979778 27.851433 27.972456 34.003729 
29.050178 29.883062 37.114419 29.365629 38.643065 30.209827 28.238749 29.433298 36.995176 30.067861 30.849138 26.605244 33.379212 29.769265 38.105767 30.366643 36.187295 31.779847 28.741710 33.324659 32.059079 24.947564 30.222632 26.352009 
41.058864 37.493866 35.683167 27.915449 39.586777 30.383400 35.365358 29.652038 38.668094 39.099451 30.654362 30.129661 33.942030 41.460978 30.687132 34.995958 24.997898 40.432116 
41.217055 29.237003 35.161030 28.090756 39.161327 27.135809 29.364212 29.584181 38.093748 43.225779 30.995165 34.865440 33.746398 39.613734 37.833155 34.859158 41.189260 26.401657 35.591107 35.797580 41.108509 40.843271 
40.684659 29.181900 30.755279 28.030256 39.113490 26.804096 39.472724 29.528914 38.249699 38.670647 40.581980 30.516112 42.923150 34.362407 31.460203 30.575493 39.176395 25.313928 42.704670 40.474934 29.524757 36.334845 37.913589 26.179076 39.987014 40.603234 26.754254 26.642524 39.166168 
29.928203 29.523844 42.290436 27.821817 39.271295 30.919921 37.050092 29.589557 38.439966 25.903433 26.526358 
30.154317 29.129101 29.420982 28.126963 39.416535 30.813708 40.316122 29.820046 39.157780 37.363860 30.404837 39.372386 
35.839808 28.156460 30.326344 28.104809 39.351554 38.710668 30.521917 29.683602 40.229353 37.222607 40.207416 41.108585 39.509943 36.007071 31.645410 35.708648 
41.541620 28.341538 30.506716 28.499987 39.655447 40.272224 30.683195 29.284794 43.078149 37.158550 38.829305 24.500633 28.568298 26.834825 25.363145 40.834556 44.175863 
38.962125 28.769791 29.223684 28.447133 39.424359 37.870839 30.488667 29.523528 26.673076 42.803906 40.884342 25.265310 38.627438 36.676948 37.317463 44.008685 24.990426 
38.644395 29.209471 29.744212 28.165287 39.097344 29.392144 30.925802 29.460823 37.789679 39.308635 32.638404 44.288767 31.811187 29.035494 29.429902 27.205420 29.733847 
38.682949 29.367172 38.043441 28.145934 30.753558 38.709716 30.590690 29.783892 39.950047 39.261628 37.242880 40.716507 29.618566 26.591899 
37.616723 29.053507 29.735967 28.095148 30.121547 40.839586 30.871488 40.969586 40.835481 37.266084 38.656853 44.092366 40.539324 35.045590 
42.883717 39.834921 29.714970 28.341706 30.065920 38.100485 30.864300 37.818799 28.909059 41.017576 33.257134 39.227803 35.427949 41.497187 37.677181 
38.663861 30.579669 39.198624 28.434888 29.758430 38.994434 44.186655 33.580128 28.975806 39.119216 41.074726 38.951619 30.637369 
40.878266 30.389548 38.833489 29.088409 29.737550 39.170401 28.396357 29.097463 32.639016 37.461751 29.967743 41.417062 41.146879 26.831819 42.593602 27.300790 26.708878 
29.901869 30.613849 38.548670 28.639530 29.482463 39.805419 28.364165 36.922787 28.961005 25.907097 28.421323 25.094323 39.367510 25.348249 
30.547909 30.756165 37.294780 28.249156 29.546381 38.718351 28.261902 44.037558 38.889576 39.480146 25.197440 
28.396634 30.758714 40.241019 29.389952 29.538986 29.857305 28.248416 37.093442 36.571180 40.719005 40.555875 29.555817 42.075512 24.476255 42.675928 33.391374 33.461032 41.361886 
29.917890 30.759801 39.893867 36.443544 29.870425 28.070823 28.102918 43.664321 37.825368 40.401096 26.101764 42.205551 42.168953 43.298445 32.345395 32.042629 
38.791576 30.689934 28.175001 26.285788 29.794360 38.519735 28.344431 35.892877 38.776793 32.708887 28.203756 42.191247 23.763487 36.355301 40.210057 43.755273 35.296584 24.542760 
39.319340 30.671791 28.304715 36.220588 29.776602 37.784684 28.163254 29.921978 40.867376 37.555408 36.043522 
40.532433 30.680022 29.095451 36.299906 29.863303 37.312290 28.226989 29.651431 40.079357 40.008435 44.410617 
39.620189 30.767725 28.365728 37.097655 29.586761 37.541484 28.315517 30.448188 
24.230260 30.531267 37.691297 29.605149 29.664446 38.220316 28.102349 30.153406 39.010230 29.880448 40.475105 39.269210 40.869632 39.843722 
38.568443 30.706395 30.260509 38.905126 29.768945 28.595362 28.421173 35.597220 37.132169 
42.514610 30.886980 29.283603 39.703480 29.106428 43.400801 28.346548 35.829611 37.762656 29.213451 42.643056 40.865365 26.253429 37.166957 
41.742423 30.568720 37.757101 38.867386 29.677123 28.123826 28.469732 29.895143 33.806657 38.178625 39.012895 26.984041 
38.625859 30.550729 39.762921 38.708266 29.470546 29.909768 28.321150 35.368928 28.588824 38.587097 43.332955 42.771235 42.193905 40.087453 41.993413 36.595491 40.857864 33.668196 35.531659 35.594534 43.394970 
37.825602 28.465602 30.486035 38.613539 29.676830 37.012081 28.347877 38.805173 29.284790 39.768810 25.396905 41.207399 29.936299 24.302084 29.536935 25.424108 29.404338 42.650064 29.780004 
35.915956 35.933916 30.601971 32.713110 29.581203 26.441438 28.427199 39.940748 28.168192 33.598227 30.096588 34.270256 42.362025 33.712558 27.086091 25.688725 43.886938 
35.746787 36.047092 30.550891 24.849513 29.883932 32.676635 28.217854 39.851217 28.602285 35.606686 29.192747 
29.415861 37.453292 30.891484 40.271397 29.629112 28.762961 28.385330 33.319985 37.146982 33.420467 39.897460 28.106122 29.407528 29.748797 40.886357 33.550961 26.114584 27.256066 
39.990625 39.801154 30.739651 25.913542 29.622362 28.646122 28.290757 40.112226 36.678702 24.558782 29.728326 37.367748 
28.843618 38.838138 30.910005 36.018251 29.471392 29.183900 40.888976 40.468296 28.215455 39.563705 
28.199586 38.411786 30.590899 28.315060 29.811652 37.151337 39.824189 29.540283 28.946880 41.023797 41.360387 24.637685 
36.428099 37.879912 30.650250 28.096921 30.044323 40.251880 39.252430 37.377676 29.348380 30.055875 34.822850 40.286394 39.536768 
28.422751 38.411261 40.648105 28.359105 29.709229 28.921523 36.217334 40.786074 30.929700 
28.423628 37.383039 39.413850 28.371757 29.619630 30.925827 30.567397 43.507808 30.798737 36.195140 38.733499 
28.322031 37.891867 38.780550 28.431825 29.513473 30.266477 37.180073 30.848374 28.730807 27.612685 26.138596 26.642058 29.290508 
30.926328 37.402142 40.375541 28.168120 29.319735 29.893147 28.719325 30.892646 36.862152 
26.753846 37.639189 28.937134 28.220199 29.953427 29.375908 39.513470 30.424998 36.330106 28.752433 38.124746 
38.957343 38.372766 29.337670 28.127001 29.748601 39.259299 27.207246 30.936977 28.934391 36.307490 30.020037 39.914864 26.469902 30.281639 
37.919296 29.139880 28.464143 28.239830 29.676334 39.284943 37.030890 30.946573 26.640098 39.711507 
38.810685 36.307483 28.169777 28.249005 29.298126 39.785785 42.201309 30.791953 28.779826 
39.229486 39.579886 28.997035 38.815769 29.357290 30.805107 28.407099 38.736632 37.439627 28.191340 28.441673 
37.150560 28.709608 37.043014 38.016500 29.183981 30.840160 29.994401 30.412533 35.578902 26.849043 39.427471 33.536331 40.295382 32.901333 27.258201 
37.054367 33.229374 39.669070 28.647584 29.319485 30.728663 29.937762 30.688395 36.125432 
29.397613 41.584780 34.491839 28.125448 29.948702 30.787120 29.467742 37.845135 37.888554 42.123979 38.709522 26.956832 39.255999 43.315715 26.815762 28.644076 30.728780 28.880663 37.299768 25.325205 25.531692 25.958667 
30.550991 35.196998 39.603784 28.881717 29.128674 30.759094 40.569154 37.152396 44.492273 37.043187 37.944764 41.259229 29.586277 
36.609787 30.277537 28.010085 28.636555 29.243100 39.605191 40.350209 29.420295 30.478751 34.213609 36.652658 42.612893 38.600510 
36.685167 29.763741 30.573499 28.088689 28.876565 36.137891 39.945254 30.492810 36.087841 43.418229 29.753671 34.800956 26.466365 25.202016 
37.873642 29.789759 27.721177 28.365895 28.857383 33.833311 39.189037 30.858904 41.268487 26.174564 36.921081 42.335347 38.124933 
37.481645 29.747344 24.658847 28.143946 29.548686 36.309984 38.844946 30.916262 29.505663 
29.881963 29.634777 39.038029 28.510375 40.787467 36.326940 39.634550 30.601003 29.257726 39.430342 34.123616 40.782155 27.942638 26.195221 34.844809 
39.449441 29.867078 38.872289 28.175932 29.240896 27.060971 38.640919 30.763701 29.315428 25.268769 37.191967 30.735547 33.446761 26.367807 28.359635 
39.046755 29.775219 30.694962 28.235325 30.854146 37.993050 37.662024 29.019451 39.633796 26.072929 35.254298 23.753529 24.364962 
39.864451 29.647522 32.162782 28.350382 38.334968 30.623442 36.610870 29.684746 30.546310 33.450364 37.505482 
38.998737 29.253636 30.525092 28.190145 41.215002 25.856428 44.394801 29.637369 35.422339 40.604599 36.445607 36.275553 30.689196 35.025441 25.758583 36.191307 
39.324020 28.526402 30.636722 28.176237 36.292461 38.384871 29.820030 25.294582 29.963022 37.652740 29.374327 36.698400 28.880627 26.753544 28.603943 29.050546 28.160175 25.409208 
39.726601 28.867302 30.691607 28.199662 37.180779 30.082539 40.675352 40.858234 30.357896 37.809605 42.784428 38.663761 33.421520 39.810942 40.811829 
40.528390 29.352937 30.650311 28.244383 39.248603 30.192913 37.129620 38.458618 29.824304 39.681975 39.421522 42.642041 26.915475 28.330183 
25.615933 29.570485 30.782692 28.382360 26.737219 30.543047 38.521312 39.015136 29.334581 38.329297 28.733364 37.278464 25.134086 40.684131 36.921046 27.942468 37.675851 
36.809000 43.468981 30.888873 29.749986 28.640865 38.173573 39.863786 28.129488 44.149754 30.161656 
40.719500 35.460329 30.806150 29.326603 28.786260 36.957877 29.823850 28.405791 28.517595 33.631354 36.330439 
37.923691 28.111806 30.908159 29.382021 40.766163 36.856569 34.954528 28.299314 37.309353 29.923856 
38.912665 29.027142 30.892807 29.305780 41.911947 37.876826 26.694604 28.492308 38.146989 37.747502 42.643570 29.916268 
27.916668 29.139213 30.589507 29.630286 37.549515 28.874936 36.333980 28.515593 30.494642 27.913156 33.101658 39.274903 42.519035 25.157054 
40.724511 29.411925 30.812557 29.045074 36.832458 43.425792 35.874304 28.418580 29.690294 30.546320 28.413457 35.657574 42.550419 29.721193 42.260143 
39.706812 30.164690 30.835616 29.336258 37.873606 40.869622 30.193771 28.857771 37.662552 26.650674 25.271168 32.907366 41.310979 41.339096 30.187139 41.079892 41.103970 
39.653099 29.416343 30.371377 29.761362 38.308779 30.332546 40.762453 28.139874 36.935057 30.775440 34.204546 26.665503 33.522022 36.147035 
30.516740 29.076199 30.611305 29.946375 37.958985 36.951546 28.073329 28.117720 39.749790 30.053733 29.295687 25.715933 32.226248 28.088766 40.748106 
30.486134 30.071009 29.576401 27.843433 37.326536 30.384661 36.434595 28.057332 39.596296 27.651403 39.821149 29.778846 
35.965141 28.215440 29.677270 40.346557 37.677241 30.175342 30.744912 28.191819 42.167077 39.471382 41.198337 41.000750 28.547390 
29.751079 29.488431 29.437522 40.205541 37.925384 32.105390 30.697747 28.353122 37.555031 30.206401 39.362029 40.923872 29.077270 30.659874 39.508156 30.188112 29.816937 28.738394 27.032226 41.128362 
36.576937 28.969603 29.984506 43.101318 37.546745 29.443828 30.905018 28.352022 28.798582 35.136990 39.656060 40.250657 
29.255114 39.505092 28.679455 29.139151 39.301719 40.656074 30.823289 28.240471 37.841389 39.470158 29.792237 
