0.000000 0.017476
0.000000 0.043383
0.000000 0.034371
0.000000 0.032782
0.000000 0.055191
0.000000 0.049587
0.000000 0.031310
0.000000 0.015982
0.000000 0.081834
0.000000 0.026277
0.000000 0.025680
0.000000 0.052307
0.000000 0.018353
0.000000 0.032930
0.000000 0.021505
0.000000 0.018442
0.000000 0.081161
0.000000 0.018827
0.000000 0.025922
0.000000 0.021068
0.000000 0.042498
0.000000 0.075125
0.000000 0.028849
0.000000 0.039143
0.000000 0.023558
0.000000 0.018674
0.000000 0.056362
0.000000 0.027345
0.000000 0.056505
0.000000 0.037261
0.000000 0.097303
0.000000 0.102217
0.000000 0.026352
0.000000 0.020098
0.000000 0.019513
0.000000 0.045013
0.000000 0.054751
0.000000 0.065058
0.000000 0.018958
0.000000 0.041193
0.000000 0.045888
0.000000 0.025231
0.000000 0.076312
0.000000 0.040327
0.000000 0.031239
0.000000 0.018832
0.000000 0.065495
0.000000 0.029540
0.000000 0.057414
0.000000 0.018742
0.000000 0.026163
0.000000 0.047394
0.000000 0.018535
0.000000 0.012600
0.000000 0.034082
0.000000 0.021014
0.000000 0.066185
0.000000 0.038085
0.000000 0.030858
0.000000 0.041786
0.000000 0.047086
0.000000 0.029840
0.000000 0.018839
0.000000 0.093991
0.000000 0.031339
0.000000 0.052933
0.000000 0.035407
0.000000 0.038099
0.000000 0.021410
0.000000 0.031297
0.000000 0.153026
0.000000 0.060243
0.000000 0.018314
0.000000 0.027469
0.000000 0.013992
0.000000 0.016067
0.000000 0.027513
0.000000 0.022978
0.000000 0.047526
0.000000 0.017552
0.000000 0.015724
0.000000 0.065946
0.000000 0.025895
0.000000 0.036158
0.000000 0.043263
0.000000 0.048064
0.000000 0.035379
0.000000 0.021645
0.000000 0.049293
0.000000 0.032425
0.000000 0.031290
0.000000 0.060975
0.000000 0.032819
0.000000 0.015509
0.000000 0.048328
0.000000 0.016025
0.000000 0.042271
0.000000 0.033211
0.000000 0.032865
0.000000 0.018189
