40.440417 40.490043 28.162058 25.707984 29.801473 25.378788 36.642082 36.898869 28.224531 24.648218 29.248195 29.955776 40.394105 25.358310 34.658185 29.723227 26.375780 
38.771216 28.580241 38.877360 26.208046 41.025383 39.985251 30.418172 28.167081 34.009731 32.533655 39.281042 30.418476 23.828631 25.042326 42.168999 
35.093597 29.709801 23.600877 29.523309 28.256147 26.365776 23.874752 27.973933 27.656515 39.323460 29.225361 28.061541 42.322646 39.625544 27.533416 24.373732 
27.719800 42.195443 39.126740 27.826719 30.603717 29.001747 29.298174 39.184480 25.513955 38.277363 30.107326 40.950525 41.841385 27.377989 30.307619 39.988484 38.543403 24.413145 
37.095886 25.815250 41.047420 25.994236 31.100497 29.546012 29.403717 27.265334 
36.542465 28.013661 25.070340 29.113849 29.684067 42.124019 29.153373 30.385436 31.518350 36.022155 27.144375 28.632232 
39.138263 40.543970 24.338876 28.628683 27.840372 33.338857 30.282081 28.431830 27.369273 30.247372 25.387894 24.905094 37.578822 28.470434 30.346222 27.182378 42.544761 25.664442 34.381007 30.016753 33.638593 39.170820 
41.991376 41.923966 24.879751 40.903016 26.258448 25.887277 25.110490 27.656550 28.980934 28.750331 29.666704 26.205561 29.453274 27.332916 37.830819 32.544521 27.906218 38.686311 24.345840 30.571525 25.950329 41.320694 39.745459 39.176674 29.966592 41.070481 27.660446 30.632851 25.623658 28.991519 30.084864 26.321431 26.419729 30.081222 
34.870288 27.235857 25.460689 43.131831 24.114059 27.893501 40.055924 26.059105 24.308686 29.938219 29.056636 36.433115 28.461195 29.346449 27.286758 34.796319 
27.646663 38.668597 41.432616 29.174108 29.750348 24.087667 28.108580 40.966961 29.936373 29.391873 27.581346 39.287680 27.683991 27.867921 29.288006 29.434367 30.309150 25.216115 
29.486426 25.291991 28.110621 29.610009 29.473055 25.722535 44.036039 29.335295 26.016764 24.104361 34.502913 31.892238 32.455709 
39.878817 28.411945 40.237956 26.374565 30.790829 29.759009 26.124463 29.208224 
30.692627 26.301281 33.789264 38.759327 44.441462 38.035755 25.992546 28.712829 41.233449 32.350273 27.179217 28.041386 25.909315 41.136441 26.984574 28.974299 31.447327 24.721632 27.965575 28.184658 28.784735 30.961155 26.412381 23.919496 
26.385391 27.523834 28.355194 40.463013 31.559365 38.129701 28.877113 27.883756 30.251855 29.472927 30.052576 28.757617 39.349300 32.458179 29.140128 39.709146 24.928278 39.171330 25.900889 36.782757 29.624192 
30.739372 30.206659 29.364039 29.591237 39.110255 41.256863 38.695249 44.072868 28.024462 29.979484 29.320133 34.757581 26.344646 29.472003 26.540728 28.870169 28.413028 24.482490 28.834351 37.715797 41.381376 25.571801 
30.428895 29.286878 30.828818 41.068768 38.846766 30.245727 26.784178 43.873541 24.752701 24.325899 30.270577 29.053134 33.161891 23.694237 26.762271 26.149918 29.258566 26.432501 28.293810 25.625728 30.113180 30.770485 25.697737 27.104598 27.139587 42.728518 29.085479 30.216817 38.042761 31.621418 27.150736 42.735975 
28.652675 30.812808 26.875570 38.683486 33.672182 25.345206 28.750375 26.749177 
27.853866 38.445748 29.347006 38.693279 27.318678 30.878153 24.400900 41.107982 31.853824 25.435241 29.859229 35.370300 35.882112 38.188758 32.983456 29.533321 28.463562 
35.105038 30.031080 26.079302 38.498402 29.261709 41.911314 29.583378 27.427588 29.005017 24.550659 35.774728 28.171213 30.084301 34.392433 28.266294 27.855951 26.077273 39.211429 29.481751 26.431078 32.191955 36.193029 27.159256 29.283869 26.416817 39.782342 30.504336 24.724200 29.758879 29.459638 25.173160 28.430655 28.524140 39.953759 
36.973163 28.073275 35.285605 28.850213 28.583299 26.516581 29.760465 24.199214 29.405527 41.807401 26.997176 27.219980 29.517845 30.582694 34.427492 23.938529 29.651125 28.345038 28.283613 36.589607 
35.742441 30.017772 28.530437 37.390536 24.802681 39.853769 34.752442 40.962076 36.341864 28.357116 36.356822 25.023704 25.201443 43.857228 38.845534 41.565394 30.408965 29.599041 40.295287 27.440893 29.269489 39.885204 
30.098767 31.394672 43.155939 33.792384 27.556805 30.535186 30.485163 29.022218 
27.091979 40.435059 43.508541 36.426511 29.845101 29.873970 28.706086 30.811819 29.838822 42.285719 34.480442 28.914360 34.054731 
42.341713 30.551573 36.422805 28.347140 28.358733 42.014947 24.270828 28.835176 35.499260 40.595607 31.245189 27.035026 30.426166 29.442581 28.233021 30.435316 28.214748 25.569073 32.173002 24.877501 29.866904 
27.826157 41.340811 34.044382 29.736011 28.092196 29.668152 32.966258 27.859287 25.687565 29.407927 41.255676 38.919906 24.603337 37.161152 27.514486 29.745441 27.065492 39.635407 
28.487204 29.857323 28.322380 29.361492 30.375601 41.147392 29.769886 37.242826 27.255989 26.601761 30.471851 27.854705 34.609955 27.623209 38.768689 28.751785 41.952939 32.116949 40.775503 27.354392 32.118386 40.825579 27.527188 25.549293 
43.957516 39.354525 26.885276 29.923211 27.106142 28.357273 32.989546 29.470583 26.887878 29.549933 
39.319942 27.895536 25.699167 30.041965 30.136439 26.900109 30.252512 29.196093 29.547219 26.080042 30.259424 28.174228 40.980711 30.211390 29.465273 33.438644 24.806196 
43.873161 41.129495 37.920310 28.526239 38.605139 41.170296 34.243836 25.696141 26.648166 35.243595 33.015250 24.439926 27.846205 
26.059018 28.493006 42.604070 40.222070 31.915960 28.170417 35.868637 27.116334 36.723974 25.537252 28.924732 24.410147 40.413943 24.384149 28.339445 25.760821 27.404849 29.217548 25.536517 
31.541735 38.958871 30.629881 39.416846 37.994393 29.328744 39.518117 34.335046 25.789984 30.361969 28.260383 36.912269 28.398052 26.071653 26.390636 39.678158 
27.414542 38.839229 29.346182 29.359672 39.907167 29.695906 28.396495 39.726732 31.624540 25.615224 29.137839 28.066217 
30.410383 36.667469 29.682309 39.811956 29.671119 25.154006 27.074785 43.056187 26.814177 25.920163 25.088428 28.540673 35.707018 43.239614 25.372617 35.761083 27.173474 
28.127154 24.276261 25.360837 24.948391 40.701073 26.379747 26.390339 30.551457 27.403617 29.563044 28.929945 42.938030 37.618826 28.485730 27.611525 24.001399 26.324137 36.592073 40.653995 26.234044 26.478302 25.506750 40.573331 30.109448 33.055588 30.597139 28.436246 28.681647 30.141404 40.080661 27.334826 28.356724 27.404114 27.005894 
28.680590 26.349495 28.718364 25.311476 29.027142 42.221172 28.573090 36.549905 24.321238 33.753799 27.860082 24.917742 28.609342 35.778318 30.074182 29.103092 30.147750 29.003001 26.388325 29.257170 30.293729 33.753406 29.238793 39.908803 29.331972 30.145713 24.516398 
38.237767 30.425604 34.710378 28.847571 33.906774 39.888719 29.025046 40.340479 43.970988 29.595714 26.277351 38.969935 30.398580 
33.011469 27.393829 34.508154 27.325496 39.215278 44.080557 38.638869 32.064900 29.115416 
40.547392 37.785280 30.906961 28.837390 27.511268 33.927678 39.069704 30.219918 27.698867 25.222353 24.750459 
29.459380 26.275560 24.141915 25.607182 29.379304 38.301309 30.242431 29.683945 28.657136 28.761081 42.003644 27.479596 27.698841 42.305894 29.120527 34.092919 40.023662 36.458487 29.708301 30.572759 31.984598 29.651079 39.151191 28.561544 40.607627 28.184717 25.926731 28.664880 41.536159 29.999132 40.036467 23.872612 
28.969083 28.563191 28.450965 43.261465 27.510946 29.199134 38.636902 28.583849 27.454938 27.193371 29.678932 30.383369 27.517421 26.183435 29.867372 28.653923 40.896453 
24.139379 27.427049 28.065600 23.831913 25.786289 40.354839 39.282774 29.610978 29.677250 30.317024 27.016293 30.469539 27.293460 31.717289 31.681469 26.501089 27.831812 
31.592160 26.324986 39.603286 32.465528 37.965968 29.151715 44.253421 40.615470 33.758739 32.794467 24.876892 40.845416 24.151725 
28.621784 33.341748 28.434935 41.996826 28.893422 33.581797 42.908556 35.345417 26.636512 27.845296 34.674325 25.269983 39.796324 26.730763 
28.295785 38.373665 35.229097 39.279204 27.283487 26.435871 29.054585 41.191450 24.392952 39.952461 28.656677 
29.869445 28.464159 30.117427 26.532463 29.606419 35.687156 41.085519 30.995831 27.271228 29.400442 29.921097 25.859307 26.014772 35.192046 25.695663 27.205019 
26.799350 29.335795 27.298940 39.789371 29.172052 41.312532 28.470250 27.705974 28.038174 32.802655 26.534140 33.549392 29.829495 28.645628 32.881952 30.042627 29.061354 25.259292 
25.595460 39.024144 28.201566 25.186686 24.399456 44.190062 27.038742 28.730314 36.394380 33.529671 28.074232 29.721715 31.664042 25.723300 27.906135 
32.455809 28.670888 34.752583 26.453640 34.836840 29.179299 29.645024 24.744294 41.007155 44.066042 39.692897 31.640598 29.597817 38.011591 27.086301 41.029692 33.292811 39.343151 28.786936 24.642028 28.074372 30.459217 25.674340 28.399465 28.582784 
28.561672 28.843123 38.045591 28.354037 43.321514 39.103692 24.491119 26.982379 24.942982 24.508865 23.976169 26.956410 27.474468 29.223178 25.424603 41.475727 24.845136 
30.898561 28.323782 39.142589 29.813831 30.847157 31.312686 31.959949 24.412448 32.500243 24.975775 40.836213 28.990914 30.546611 26.320338 39.464609 29.848795 33.558483 30.582141 28.427073 30.039489 40.815700 32.696552 23.975691 27.819249 25.385116 30.356798 28.893225 
29.617274 40.989249 28.722392 29.137843 27.583148 31.685567 32.599945 27.482926 41.175088 24.447714 29.757908 25.306471 36.165011 33.181038 28.664960 39.108434 28.066529 
30.510774 42.346441 29.819919 37.139468 41.344013 42.047716 39.068321 38.732077 25.301151 23.880167 29.178641 29.299431 33.425264 26.157326 
31.205766 37.621326 43.499930 43.822334 29.096019 30.602331 29.075124 27.011781 31.994438 36.421293 25.919268 27.361752 28.315822 40.600988 23.858165 29.053892 30.908031 30.171637 27.822315 40.911747 39.259568 26.654136 25.390001 31.434854 43.770731 37.535245 
33.031342 29.467736 41.820233 28.604317 25.931129 30.637008 30.395912 31.458197 27.462152 33.010347 27.103825 35.797668 27.236090 33.453798 28.334915 31.624893 28.981321 28.717750 39.043265 26.128368 30.149952 32.440899 38.780584 34.224090 41.419223 28.923261 28.820337 39.834077 40.177220 25.138510 28.728172 39.478729 30.860249 
29.269244 29.947036 34.149546 28.057242 27.724515 29.584658 31.226256 29.231018 35.291450 37.882512 38.729438 37.698308 32.689922 27.549981 28.110084 28.585013 30.845848 29.787528 25.242994 29.341317 25.565707 27.185292 
39.703584 27.282399 27.491459 43.324362 39.101535 41.737259 29.285724 26.016932 27.713573 34.460817 31.623044 38.414186 30.693194 30.154284 31.093674 24.774797 31.741404 24.330331 40.314512 42.218941 25.740498 28.085641 
37.363918 40.853157 26.124735 34.014180 33.991566 39.377984 29.598081 30.360368 43.149449 30.690047 
29.766819 29.324610 25.203499 33.045596 36.716911 35.994995 36.297658 24.660676 27.909630 39.744441 42.623407 39.509097 29.040314 28.146180 28.017912 28.362793 
31.140510 27.809261 28.347102 26.686822 28.183103 27.218769 39.038438 38.855995 26.232453 25.463561 41.590258 29.623958 
24.401543 26.877117 43.364203 30.884808 30.344386 40.820997 29.684835 30.406695 27.513871 29.224448 41.207455 25.210643 31.119184 41.537060 38.748769 
40.291934 25.568695 30.466645 24.348047 27.109924 36.928832 28.631853 28.465645 24.846783 29.613527 36.576463 40.164806 26.976371 24.417520 29.951489 28.774613 28.492950 27.691336 28.379767 29.205864 
26.182882 28.143493 41.940452 43.798147 28.324637 29.508261 25.098908 32.697464 29.927458 27.060886 39.065727 29.721327 29.954368 29.368923 28.699994 
29.501115 25.928643 39.116794 32.323517 26.548433 43.471573 23.543742 30.224523 28.691809 29.776278 31.862298 29.143346 39.873456 31.008697 26.874933 39.539236 25.827039 29.915442 25.126545 
30.546728 27.679099 30.573432 40.927574 29.281084 29.765218 25.662741 25.116372 
24.053389 33.598688 28.970709 39.582363 37.965275 25.537861 31.976668 42.170472 42.071416 23.926908 29.094655 24.459846 
27.838233 28.166614 41.279616 41.563412 42.039727 29.967581 28.729379 40.751560 25.617782 25.242701 28.183465 29.012488 25.534710 41.639518 
30.349006 40.465462 34.281485 38.698501 29.611195 31.603405 27.354380 31.920854 31.102504 25.593892 29.208919 28.117209 
30.181946 41.610274 28.973107 30.306745 38.638729 24.507683 27.204688 40.896675 24.934489 41.835740 25.811089 30.573743 24.254583 31.966619 28.409778 
29.068733 29.998942 27.357567 43.720346 26.070693 28.987085 30.514364 33.376231 26.995259 41.597214 37.701254 28.671961 29.723045 31.778231 25.756341 32.842048 26.156078 37.524996 27.863618 28.608990 27.865113 33.926766 24.494959 29.976114 
24.970123 29.429668 31.879654 41.186515 41.296543 38.721424 28.511363 27.624063 24.516457 25.892340 40.509304 29.966055 42.429619 40.993472 28.456114 40.956701 28.786860 27.432853 29.339840 28.567040 40.705956 25.171614 29.452175 
43.151342 29.969626 29.427617 35.385141 34.719733 28.472603 28.967571 32.018139 
29.454241 24.096344 25.966311 34.256763 30.333618 36.477964 26.980001 27.106909 31.051138 
34.064041 32.007776 39.542441 25.616237 30.587410 32.671708 42.341079 29.583916 37.525456 41.157770 26.906808 33.656075 27.540197 25.738564 25.582426 28.594404 27.944935 27.099050 44.218362 27.426833 26.149057 33.410701 28.918090 28.198225 26.619237 34.206843 40.075939 30.146081 
28.840152 25.473467 29.943769 32.755020 26.860357 29.870452 29.006774 28.017518 24.329883 30.858738 25.213635 41.086849 26.123179 28.072480 39.428986 28.122675 31.609276 42.670296 41.529811 
31.424703 40.197836 26.537565 30.485964 28.388872 30.308190 30.298307 43.039505 30.772765 38.871696 27.092608 37.843313 35.313866 24.800130 28.131767 36.054489 32.902931 29.449567 29.981974 40.663499 27.969578 38.947773 42.329564 39.713915 27.072261 25.818560 33.971563 24.793586 26.357811 28.021555 29.537688 27.087231 24.141004 40.448436 29.472378 
42.539890 30.190612 25.154264 26.872668 30.566261 38.042185 28.484600 34.345389 27.484836 28.520848 39.695186 33.265725 23.873309 28.335386 39.754231 36.094981 35.921742 42.162104 36.335043 41.006329 32.653696 26.988857 29.548172 
35.715093 29.206173 25.631416 28.464302 28.696102 28.699466 29.232458 43.549192 26.387179 24.626893 25.238351 38.462360 28.793142 37.105312 37.160790 33.413816 30.082299 26.394739 26.009104 26.674788 27.284545 29.041373 26.880837 28.446246 28.737917 28.558173 24.019057 
25.458066 41.528601 38.224547 33.508314 25.562051 30.392987 30.005421 26.586933 28.629250 28.158240 28.196775 30.157639 33.999279 27.595568 43.021767 40.123455 29.646430 26.793463 25.646469 33.191980 40.563229 26.235205 28.288406 24.760460 28.242453 25.466707 26.819222 
29.397270 28.167370 37.556121 27.366155 27.896251 31.082166 43.770120 30.901510 36.573627 26.738664 32.364838 36.286770 28.882669 24.435850 36.010906 29.612158 27.605933 29.811060 42.685253 30.369094 25.540741 28.964272 
26.662147 29.994278 37.471800 27.662110 33.998789 26.923059 31.459190 24.628573 36.632839 29.747712 27.673228 24.706692 29.887147 41.107833 27.641157 24.227502 44.189342 26.450059 29.229905 24.519570 29.639986 26.480113 32.046842 
29.864549 37.937391 26.675532 40.664818 44.313733 29.354494 27.115358 24.394146 30.155051 33.644178 33.688502 29.655253 29.036899 26.709599 30.911001 40.291346 28.386526 25.825157 43.401654 33.981584 
30.196049 29.082949 26.184037 27.494166 43.751114 29.217249 28.603837 34.402135 36.808092 33.547721 30.893443 26.815286 
33.405774 33.669911 29.630907 40.702399 34.447705 35.869584 30.632544 27.451157 28.386918 25.157731 29.491267 39.617405 33.537651 30.584305 28.093459 25.183441 29.767462 31.591884 
38.233614 34.541124 25.317434 28.648055 29.527902 40.379820 27.669404 32.295343 38.913405 28.446036 27.673691 28.267108 40.041995 35.873341 38.602575 
37.303999 33.827155 27.889644 39.964522 30.886122 36.972196 38.861166 25.813571 29.114066 28.952088 37.888535 
38.827473 43.733106 38.077966 35.848013 25.281833 28.733900 29.147128 25.153005 29.914316 29.645328 28.654802 27.072390 32.205499 26.320742 40.535244 28.468881 
43.763150 25.044231 29.871638 27.946845 24.410564 38.062577 32.130550 29.996270 30.415375 41.368950 34.647483 34.318021 36.686385 29.447950 36.933199 29.673336 28.649548 36.147234 28.171892 37.735804 29.496892 32.204528 29.476463 41.910975 25.341183 
28.873615 41.605995 30.298939 39.669671 24.840576 26.997352 38.190948 29.860706 39.929639 38.669093 28.712988 37.558562 29.232827 27.289508 29.396988 41.096107 25.663088 26.339602 41.553496 39.943133 42.978717 30.853894 32.455918 26.451901 36.280779 28.738758 34.889371 28.418240 29.467329 33.962847 42.279764 
39.562061 27.447623 28.314893 41.022868 29.556604 27.304684 30.304961 29.737864 30.823487 27.980301 37.985280 28.340284 33.502456 29.117223 28.196750 26.990298 28.153901 30.522095 28.375374 38.957345 30.789139 25.808051 28.138740 
24.772595 31.041924 25.872725 32.225046 27.877492 28.648421 38.961626 27.883937 31.744311 28.722398 27.821673 28.548106 40.523246 28.467249 
25.049690 28.989327 42.073623 27.645683 30.910830 23.665997 29.557320 30.234129 36.045799 39.558486 31.524562 27.635911 26.498024 28.221786 27.422907 41.064384 29.014185 35.848966 33.739427 
26.587826 25.036442 38.181499 33.214922 26.771408 25.683950 28.509430 29.924903 40.549367 42.300610 27.429584 28.867800 28.210020 29.097807 29.864808 39.068554 30.526234 27.830607 40.993604 
37.045227 44.104027 37.576322 33.992487 28.481533 39.070481 24.069008 34.862377 25.094418 39.673136 29.213571 33.329434 29.298507 37.968014 32.139284 28.903412 41.489652 40.862123 37.953198 25.669678 
29.702655 27.134326 41.245405 40.304505 28.938607 28.408942 42.425636 29.742847 27.789312 30.597923 42.179731 29.783050 27.343228 23.729113 34.741712 27.440972 40.479864 31.464712 28.034007 24.893662 27.193810 37.004174 25.698649 37.533747 25.184482 28.154486 29.551653 33.512996 
39.312170 34.231299 27.556539 27.818347 29.830813 28.358120 29.104409 24.647732 33.228262 32.048799 40.650130 29.957946 28.889704 34.165218 34.319634 43.768897 40.738177 28.556565 30.354073 29.503166 25.938765 29.666554 41.300919 
40.064303 29.365813 35.898708 24.259815 29.670370 30.117830 32.235558 28.893271 27.599484 24.955308 26.008516 26.760516 27.776180 28.280318 31.978528 29.195064 34.303643 28.614531 32.470853 25.547217 26.048628 28.363408 
41.135505 24.259156 25.290960 39.829872 25.260578 25.251661 24.245696 29.195483 33.087295 29.079172 31.867045 
41.295832 28.707360 28.253488 29.124023 30.133754 27.266615 44.144733 27.971643 41.995310 26.143988 40.771876 28.550673 29.363088 29.307559 40.076754 
33.721809 29.885138 28.623705 38.013459 26.672323 42.273357 37.776898 40.706099 29.465264 28.626321 28.957931 41.183482 23.888272 29.113277 32.071064 30.816333 27.238815 
40.574980 32.915147 23.741115 24.320563 27.256011 30.062977 37.936976 26.310215 28.342749 28.948340 43.367416 24.257309 27.364982 23.941240 28.980562 28.200427 39.159143 29.079723 29.959214 28.964611 36.837341 34.634130 30.239972 29.401895 25.434873 25.144425 40.751291 
