  0.291164 561.096025
  0.279770 568.229681
  0.274166 596.310648
  0.274811 574.021779
  0.277889 564.550365
  0.268533 595.076029
  0.271043 568.083430
  0.262886 552.894999
  0.276344 575.210801
  0.257391 572.595827
  0.268766 572.484763
  0.265342 544.016803
  0.263226 550.817011
  0.265741 550.617574
  0.280582 603.473323
  0.271701 523.751398
  0.286766 570.066508
  0.289448 602.502105
  0.288681 582.776125
  0.295926 544.652703
  0.304644 520.469687
  0.292047 547.011214
  0.293147 591.673201
  0.305714 544.949242
  0.312392 569.268529
  0.299900 529.662864
  0.309763 576.189192
  0.308658 559.456285
  0.297027 540.348932
  0.292311 572.712544
  0.291252 551.947296
  0.289961 568.401101
  0.298594 554.994238
  0.284084 562.008751
  0.287660 582.485484
  0.273670 553.740200
  0.282792 556.454638
  0.286265 568.709280
  0.283506 576.022536
  0.278975 552.136884
  0.274133 537.587042
  0.275183 522.746465
  0.282659 524.095932
  0.290752 554.823172
  0.289142 587.854176
  0.292956 533.511844
  0.303063 597.765874
  0.319553 535.543655
  0.315115 552.068722
  0.324422 539.358820
  0.324371 551.496688
  0.316016 537.428395
  0.331546 567.269201
  0.327849 583.336156
  0.320335 611.551265
  0.329155 570.973004
  0.314241 556.385500
  0.329161 595.313825
  0.330525 562.472090
  0.318819 585.146510
  0.326316 565.545342
  0.320870 574.320063
  0.293564 565.525371
  0.283937 552.968678
  0.284206 517.823459
  0.284280 528.055455
  0.287892 557.105196
  0.287672 559.378164
  0.287623 537.060444
  0.283892 559.731792
  0.302220 577.079445
  0.300007 575.993917
  0.311529 553.349513
  0.313308 569.856287
  0.300030 523.991743
  0.317209 575.785903
  0.310486 588.262556
  0.306639 562.686162
  0.324634 560.211190
  0.322191 574.307362
  0.319792 557.878372
  0.319850 546.132339
  0.327418 556.139529
  0.317832 559.791344
  0.298174 575.095152
  0.294807 567.601332
  0.298501 547.079541
  0.312761 571.601155
  0.321210 574.955452
  0.317271 563.359704
  0.317459 553.980018
  0.312733 549.294764
  0.300173 572.051563
  0.296679 546.940158
  0.291721 569.980075
  0.294874 534.930676
  0.289101 525.465667
  0.277580 574.451653
  0.273933 564.518633
  0.270280 541.523591
