0.927047 0.893878 1.204900 0.838574 0.984495 1.046661 0.861238 0.915528 1.026843 0.926747 1.152779 
0.807828 1.024072 1.201130 1.046505 0.928370 1.026175 0.806975 1.005325 0.966432 0.922842 0.805845 0.845742 1.076856 1.114801 0.951349 0.844232 0.874161 1.057055 1.008279 0.819056 0.918314 1.161287 0.906243 1.064593 0.888857 1.054375 0.912871 0.835338 
0.794949 1.069946 0.986173 1.159696 1.080325 0.898777 1.139192 0.890600 1.115643 0.873427 1.009363 0.934489 0.874860 1.055810 1.190528 1.095421 1.078012 1.250528 1.037253 1.250027 
1.057431 0.872824 1.145773 1.156913 0.969248 1.170347 0.805835 1.041081 0.968942 1.034539 1.065245 1.069207 1.078263 0.801798 
1.049521 1.129122 0.942633 0.847612 1.170561 0.994773 1.120878 1.122458 1.251269 1.095472 1.028599 
0.999158 0.919700 0.866404 1.154496 0.997654 1.092237 0.885587 1.158863 1.059953 1.161886 1.080721 1.082264 1.158096 1.051785 0.893313 0.865069 0.974567 1.012079 
0.988600 1.124217 1.067799 1.026807 0.958607 1.134677 0.859108 0.802924 1.165936 1.083463 0.836546 0.898473 1.229288 0.988170 1.035418 0.941452 
1.203213 0.808389 1.109518 1.015178 1.134136 1.092234 0.827602 0.960155 1.250045 1.132356 1.198637 0.873440 0.805356 0.827067 1.172602 1.056696 0.983915 
1.138240 0.870913 1.087167 0.871317 1.136005 1.195768 1.073931 1.003786 1.003234 0.937206 1.036836 1.034793 1.194406 0.936792 1.172602 1.233477 0.862174 0.857412 0.877503 0.935590 0.826547 0.904325 0.964200 1.229458 0.970385 0.826352 1.112000 1.048197 0.939384 0.795702 1.116530 1.198252 0.824354 1.020207 
0.969577 1.102154 0.978430 0.872708 1.176445 1.112519 0.876878 0.935864 1.111426 1.194188 0.975040 1.020553 1.031692 0.835773 0.987042 0.852899 0.922554 1.026470 1.017342 0.816134 
1.047444 0.985436 1.002661 0.826371 1.071361 1.251320 1.108477 1.169071 1.160841 0.803400 1.094465 0.846610 0.848540 1.229461 0.932941 0.869086 
1.091481 1.111493 0.982803 0.896010 0.919928 1.196255 1.002575 1.254021 1.033433 1.014536 0.967384 0.925566 1.159834 1.106734 0.976054 0.846552 1.255205 0.881436 1.026506 1.109189 1.086940 
1.002791 1.184205 0.795493 1.018617 1.230956 1.063195 1.135447 1.113387 1.010699 1.145906 1.232519 1.108394 1.206509 1.103024 
1.116679 0.977501 1.110045 1.175615 0.992982 1.057045 1.138758 0.860515 0.829259 
1.082858 1.049772 1.230324 0.925105 1.114328 1.099640 0.938611 0.805930 0.902905 0.986167 1.253542 0.945362 0.879231 1.193139 1.179912 1.125361 0.975469 0.933132 0.971275 1.079463 1.237102 1.046869 0.914558 
0.989216 0.991530 0.868460 1.094937 1.120473 1.186417 0.957252 1.078026 1.060896 1.079497 1.106795 0.959942 0.970538 0.991514 1.032676 1.040498 
0.959770 1.012906 1.226624 1.093146 0.957633 0.959495 1.068995 0.972390 0.909802 1.046540 0.925963 0.915047 1.041706 1.242288 0.918086 0.966787 1.010710 1.071398 1.012690 0.925487 
0.860646 1.028232 0.996441 1.141105 0.989403 1.258167 0.909892 0.978504 1.199803 0.816337 1.079152 0.976735 0.884053 1.002879 1.104048 0.887677 1.230813 0.804088 0.906353 0.969850 1.095855 1.138559 0.863270 0.859911 0.887149 0.906509 1.009963 1.067425 
0.911836 0.867124 1.161515 1.238565 1.061550 1.098119 1.237250 0.993059 1.249289 1.119818 1.198409 0.923126 0.892147 1.010187 0.981342 0.837272 0.812274 0.995454 0.890081 
0.875781 0.895407 1.228186 1.176281 1.003259 1.076566 0.996486 1.034463 1.110455 0.859603 1.134596 0.887359 0.949556 1.061577 
1.135205 1.019350 1.121477 1.110373 0.980992 0.895355 0.967937 0.933113 0.969551 1.107145 0.881607 0.796375 1.061996 1.011198 1.050033 0.872510 0.909037 1.165273 0.854436 
0.822021 0.924110 1.100126 0.935536 1.024209 0.911066 1.042597 1.122390 
1.138725 1.214486 0.935201 0.916919 0.983855 1.064521 0.872377 1.207349 0.835599 1.202842 
1.021793 1.185609 0.962781 0.929906 0.979260 1.193332 0.888432 0.874038 0.963748 1.197019 0.965404 1.109285 1.031138 0.809164 1.070110 0.923189 0.973236 1.044016 0.940208 0.991584 1.165032 0.891912 0.987957 0.846513 1.062354 0.870349 0.963570 1.127343 1.073268 0.926529 
1.137991 0.950166 1.177436 0.898640 0.979968 1.239114 0.904168 0.842232 0.900245 0.893205 0.954854 1.122276 0.981149 1.045256 1.186540 1.252133 
1.022465 1.023868 0.842492 1.045192 1.124077 0.959334 0.955800 0.876364 1.070078 0.921212 0.907809 0.971508 
1.021156 0.897690 0.895554 0.881181 0.828659 1.207074 0.874324 0.857242 0.941761 0.892663 1.179073 0.942481 1.146274 0.925393 0.882623 1.207221 
1.021156 0.882458 0.909531 1.159564 0.880930 1.187512 0.969853 0.988524 1.099652 0.899127 1.231319 1.129043 0.905984 0.929788 0.844360 1.254797 1.052505 1.043996 0.955256 0.799512 1.098443 0.864258 1.070277 1.165317 1.027882 0.927666 0.892805 1.093401 1.196245 1.253549 1.093897 1.065608 1.109280 1.184486 0.842423 0.981075 1.113888 
1.199479 1.075937 0.924689 1.068111 1.052343 0.818557 0.981351 1.007716 0.878046 0.965741 0.868991 0.819461 1.074994 0.933287 1.065141 0.873613 1.024312 1.042772 1.055228 1.219031 0.914588 
0.950239 1.091819 1.096270 0.905165 0.950227 0.979464 0.913399 0.949445 0.943445 0.868758 0.885933 0.799832 0.801373 0.854850 1.042048 1.027857 0.822892 0.871710 0.858982 1.025702 1.046406 1.004258 0.908453 0.865366 
0.890633 1.040270 0.861441 1.135496 1.009427 0.826922 1.015916 0.921063 0.803995 1.044844 0.898412 1.068158 0.888981 1.123533 0.803614 1.026519 1.179851 0.967694 0.925889 1.060393 1.197821 1.212131 1.117041 1.190491 0.981722 
0.968173 0.878065 0.880779 1.072027 0.928952 0.907783 0.911490 1.251372 0.940784 0.982805 1.057684 1.090911 1.141432 1.200937 0.861172 0.820615 1.014814 0.843806 
1.036542 0.977819 0.883025 0.978506 0.902878 0.948256 0.914947 0.979826 1.238231 0.996535 0.844231 
1.065330 1.078409 1.032170 0.945180 1.160917 0.893047 0.902639 1.015268 1.103783 1.076108 1.194875 1.126228 0.985225 0.813697 1.008146 1.220828 1.059590 0.854770 1.219764 1.006095 
1.021663 0.810727 1.021191 0.961032 1.066105 1.200534 1.020883 1.188186 0.917147 0.846222 1.122197 1.211446 1.215256 1.012033 0.895288 1.122522 0.820701 1.119299 1.052846 0.928069 1.190199 0.818545 1.251433 1.022820 1.118998 1.090572 1.138893 1.133458 0.923894 1.174562 1.136356 1.205776 1.076331 1.151666 0.971785 1.183011 0.805939 1.064355 
1.029350 1.087185 1.156427 0.973833 1.250873 1.140260 1.140260 0.862610 0.989486 1.085314 0.902915 0.882690 1.045107 0.850657 0.976187 0.927101 1.229266 1.116725 0.915201 0.845170 1.041844 0.979117 1.133272 1.013751 0.982188 0.830181 
0.952677 0.903218 1.029788 0.920873 1.203278 1.045107 1.051865 0.849437 1.077553 0.858602 1.159437 0.996809 1.153855 1.227733 1.011577 0.931873 
1.098770 0.898184 0.803544 1.024364 0.814941 1.048074 1.090749 0.823431 0.952534 1.043051 0.876915 0.851244 0.933191 1.046868 0.843552 1.130202 1.077781 1.077582 1.236672 0.837332 
0.965750 0.892428 0.860296 0.825308 1.128336 1.032121 1.104885 0.841126 0.903924 1.071013 0.951725 1.235673 1.182340 1.119086 1.033663 
0.961463 1.170648 1.033707 1.097601 0.926119 1.080313 0.794996 0.879086 1.090020 0.810333 1.029794 0.999260 1.184551 1.055657 1.071803 0.899381 0.815417 1.196518 
1.130219 1.062151 1.048216 0.959547 0.903242 1.227015 1.229024 1.155250 1.218140 1.236948 0.943789 0.874442 1.122022 0.952883 1.140670 1.039362 0.963393 0.824072 1.176727 0.857775 0.910494 1.208412 0.873065 0.836306 1.100011 0.801739 0.912965 1.033230 1.088552 1.170122 1.200244 
1.085858 0.888466 1.101765 0.931114 1.125127 1.031955 0.857938 0.970777 1.076744 1.064690 0.908355 1.063597 1.055660 0.806377 0.818947 0.963394 0.854744 0.978571 0.862435 
0.930293 0.934262 0.896754 1.178697 0.904687 0.803962 0.988181 1.030243 0.921224 1.178503 1.170346 0.817050 0.980257 1.059087 1.055311 1.068892 1.012267 0.865950 0.834306 1.057313 
1.109345 1.053336 1.054763 1.007105 1.190747 1.115815 1.257466 0.943405 1.213704 0.877526 0.989462 1.133995 0.842379 1.176204 1.016346 1.161288 1.179130 0.854398 0.995626 1.007950 0.949724 0.875557 0.928630 0.857177 0.913569 0.825415 0.835222 1.036925 1.060829 
0.911936 0.971339 1.217955 1.031190 1.131089 0.881889 
0.869712 1.068230 1.003092 1.075219 0.917959 0.809042 0.997722 1.022230 0.983508 1.171344 0.877118 1.012986 1.225979 1.001381 0.960990 1.053805 1.195475 
0.928866 0.945643 0.965346 1.020691 0.820530 1.103495 0.884015 0.881870 1.134222 0.959502 1.143136 1.069496 1.166741 0.818507 1.092189 1.051508 1.052140 1.230859 1.131784 0.862767 0.902311 1.094909 
1.016096 0.905747 1.064522 0.865545 1.095503 1.117328 0.827140 0.990611 1.043359 0.893286 0.937681 1.045818 1.190737 1.017857 0.966902 1.193580 1.088914 1.237641 0.910255 0.815901 1.112094 
0.843295 1.003116 0.957302 0.920439 0.865375 0.929719 1.137544 0.858064 0.804927 0.943332 1.107725 0.890369 1.210150 0.982931 0.950702 0.842584 1.168826 1.243954 0.816133 1.086981 1.014801 0.930332 1.044722 0.952998 0.857991 1.088805 0.958186 1.038417 0.901259 0.912021 0.830573 0.942984 1.191456 
0.804217 1.227272 0.827817 0.905154 1.222580 0.841870 0.902900 0.904846 0.990528 1.126209 0.967011 0.942016 1.006636 0.848998 
0.886313 0.818842 0.926930 1.170215 0.960948 0.811744 1.130427 0.902586 1.082639 1.161408 1.085666 0.797657 1.077718 
0.918701 1.009302 1.162159 0.843376 0.866223 0.934998 0.872742 1.244619 1.196686 1.154702 1.009835 0.988309 0.839068 0.876032 0.959750 0.864208 0.932192 1.107020 1.071968 0.835534 1.206314 
1.176898 0.805535 0.894270 1.027730 0.897326 0.802401 
1.175369 0.884796 0.956107 0.956504 0.854148 0.886003 1.102017 1.127877 1.191922 1.035221 1.100531 0.919849 1.048692 0.959575 0.847013 0.959733 0.931734 0.825924 1.205203 
0.844600 0.907902 0.897198 0.955426 1.094095 1.092233 1.199225 0.927060 0.843922 0.804503 1.176225 0.827143 
0.913830 0.885435 0.881031 0.896261 0.842337 0.913343 0.948688 0.818986 1.253507 0.886900 1.232193 0.795498 1.001003 1.129173 0.954785 0.852074 1.185009 0.991173 1.076135 0.878261 0.943210 
0.823582 0.900303 1.001341 0.957060 0.942015 1.155156 0.858137 1.034491 1.239047 
0.877681 0.878383 0.806100 0.939775 0.898503 1.243629 1.201786 0.870591 1.034281 0.807820 0.817924 0.908750 0.819972 1.004234 0.861408 0.808066 0.945343 0.916110 0.868967 
0.886492 1.016439 0.872082 1.049263 0.816308 0.868101 1.066539 1.033950 1.242654 1.247006 1.058976 0.806461 0.921504 0.829598 0.953349 0.981945 1.092671 1.085867 1.073988 
0.910539 1.084791 1.050560 0.798974 0.928194 0.876782 1.015079 1.053640 0.865485 0.968584 0.825865 0.822060 0.895808 1.179950 0.834649 1.187304 0.853328 1.066215 
0.954012 0.894846 0.818747 0.900541 1.153165 0.961483 0.852615 0.841776 0.893712 0.844618 0.870205 1.076655 1.046297 0.943037 0.930764 0.951458 1.157249 0.904077 0.967479 0.893836 0.946214 1.112950 1.159180 0.843735 0.979456 0.988338 1.223947 1.072560 0.879807 0.906092 0.867593 0.930634 
0.979344 0.867617 1.182210 0.836920 1.100082 0.925687 1.072104 0.979616 1.235840 0.896375 1.059348 0.916444 1.023003 1.036379 1.067082 1.218235 1.142467 0.808001 1.067930 
1.207413 0.958166 0.907559 0.848049 0.997126 1.189461 1.010366 1.134274 0.960166 1.237615 0.975273 0.964541 1.025297 0.820094 1.088505 
1.059480 1.060544 1.027447 0.973938 0.817683 0.902810 0.965950 1.094819 1.187099 1.221814 
0.827653 1.155752 1.007426 0.922862 1.102757 1.011836 0.831417 1.177740 1.030161 0.913501 0.892031 1.030773 0.899832 0.991564 0.962707 1.246371 0.934712 0.961899 1.247568 0.970934 
0.809453 1.091253 1.158521 0.983031 1.090744 1.017079 0.963454 0.994364 1.059939 1.006450 1.251633 1.180429 0.815981 1.044284 0.813743 1.010296 0.978708 0.988740 1.255557 0.929092 1.075359 0.889358 1.196818 1.190253 1.127678 
0.926965 0.957582 0.992522 1.034407 1.096318 1.256686 0.976374 0.999294 1.037719 1.144350 0.949284 0.887988 0.842539 1.142608 1.064239 
0.958602 1.034982 0.908590 0.921075 1.154849 0.895713 1.074637 1.056523 
1.018193 0.970611 0.981581 1.075009 0.802178 0.869968 1.023234 
1.138679 0.917552 0.988256 1.063348 0.970186 1.021601 1.218656 0.816799 
0.859681 0.969849 0.896968 1.023103 0.889246 1.193061 0.832577 0.961617 0.913930 0.867276 1.165957 1.059501 0.854103 0.885472 1.057151 0.902070 0.994601 0.820181 0.801905 0.929693 
1.141853 0.969849 1.218295 1.023103 0.941081 1.005912 0.921247 0.850643 0.838373 0.869372 0.807477 0.921214 1.115792 0.897662 0.870327 0.994189 1.197283 0.903706 
0.840484 0.966958 0.798101 0.915405 1.014733 0.939248 1.107041 0.900397 0.902335 
1.085646 1.191399 1.022031 0.843719 0.976054 0.862330 0.962328 0.878223 0.865641 0.990893 0.934870 0.984484 1.030926 0.955040 1.032109 0.796922 1.146009 0.997229 
0.984204 0.918279 0.933900 0.808955 0.968457 0.808898 0.945958 0.895804 0.886861 0.812852 1.052235 1.202705 1.040074 1.028273 0.941632 1.231545 0.852148 0.889050 1.096532 
0.980062 1.022219 0.839472 0.931264 1.186084 0.816874 1.176631 0.876981 1.031050 1.001498 0.911054 0.912304 0.891949 1.125997 0.971041 1.011755 1.167742 0.986349 0.934344 1.048765 0.831403 1.103267 
0.863519 0.990451 1.134134 1.166567 1.248803 1.064573 0.873416 0.860104 0.944585 0.829045 0.997805 0.839963 1.166278 0.840806 0.916687 1.210461 0.837675 
0.875283 1.174641 1.162906 0.961580 1.240771 0.980677 0.918435 0.987574 1.255012 1.019023 1.200662 1.213041 1.021896 0.886875 1.184255 0.886192 0.919537 1.012993 0.891479 
1.180424 0.880479 1.071777 0.933003 0.915032 0.825458 0.868590 1.223503 1.199997 0.895176 0.817052 1.014971 1.003446 
1.163408 0.957132 0.877940 0.846511 0.913763 0.812279 0.868201 1.128024 0.828862 1.040365 0.853041 0.982844 1.198340 0.849949 0.983886 
0.920623 0.962532 0.856440 0.835949 0.907722 0.995729 0.814489 1.189042 0.860548 1.042543 1.084733 1.192665 1.239207 1.206357 0.838983 1.147322 1.104559 0.869334 
0.930133 1.001751 0.971617 0.872457 1.036460 0.979771 0.907835 1.024872 0.909848 1.183495 0.809782 0.872262 1.098700 0.910307 1.117090 0.857642 0.902027 0.880912 1.218484 1.226228 1.050153 0.860161 1.095835 1.210522 0.847015 0.984392 
1.093488 0.934544 1.026109 0.828399 0.984992 1.230064 0.836448 0.886943 1.101533 0.914378 1.180396 0.982786 1.219696 0.922805 1.110578 0.956167 1.171384 0.871965 0.987641 1.152637 1.160192 1.237073 0.973801 1.001920 0.893824 1.024670 1.085940 1.041273 1.203834 
0.827224 0.928752 1.170786 1.097491 0.943558 1.056079 1.231091 1.011693 0.916534 0.887052 1.173605 0.940840 0.921142 1.029118 0.982619 1.137530 0.939099 0.847999 0.864579 0.911933 0.819519 1.222512 0.907594 1.168562 1.168826 1.092076 0.906743 
1.023775 0.873499 1.151141 1.093905 0.823355 1.095432 1.052114 0.846448 1.007664 0.947081 1.102166 0.878708 
0.993143 0.814617 0.951789 1.088069 1.055894 0.886178 1.193499 0.907633 1.150132 0.860996 0.953596 0.946357 
0.974298 0.857670 0.970901 1.026140 1.067042 1.147770 1.000095 1.083711 1.118691 0.805588 0.879776 1.191020 0.981565 0.807935 1.209069 0.871378 1.172499 1.076719 0.843196 0.812458 1.026534 
1.152700 1.058534 1.051140 0.989736 0.954759 0.936867 0.846477 1.201116 1.009021 1.118633 0.847235 0.917014 1.192915 1.128612 0.964054 0.917764 1.108492 0.966765 0.897449 1.076525 
0.914419 0.946797 0.840034 0.973633 0.906876 1.094712 1.232318 1.080128 1.208452 0.815383 0.877204 0.917758 1.068583 0.841545 1.243200 0.957279 0.937740 1.080045 1.181079 1.034919 0.824871 0.919175 1.054278 0.983175 0.986696 0.807959 0.837906 0.945898 
0.952656 0.966178 0.933794 1.085158 0.839319 0.822905 0.930923 0.985248 1.049266 1.208178 0.946380 0.917758 1.164891 1.231726 0.935427 1.234696 1.172487 1.029889 0.903559 0.913750 1.016568 0.951099 0.818008 1.085075 0.956609 0.998777 1.116778 1.060443 0.886500 0.927970 1.108335 1.083872 1.149831 0.826692 0.841449 0.861880 1.201516 1.074763 0.874052 0.953331 
0.893522 1.169804 0.936559 0.829748 0.977050 1.111111 0.971678 0.818966 0.855912 1.105491 1.107762 1.009288 0.913930 0.996636 1.046287 1.043334 1.071674 0.972957 0.806874 1.171339 1.187413 
0.940922 0.851333 1.043254 1.127033 0.860511 0.905565 1.026396 1.080044 0.978990 0.814011 0.913582 0.870469 1.083545 0.989912 1.036675 0.946490 0.981268 
0.891149 0.941587 1.004946 0.877425 1.056028 1.224843 1.078394 0.917691 0.795426 0.866202 1.224707 0.965184 1.148567 1.086501 0.971114 1.164067 1.203065 1.029498 1.206240 0.998107 1.015229 0.846514 1.005719 
1.185582 0.872592 0.993038 1.058025 0.916896 1.056978 1.239105 0.877629 0.975856 1.137177 1.001986 0.894558 1.035106 1.159811 0.798919 0.959224 0.984776 1.051796 0.966737 1.054975 0.961058 1.245314 
1.137551 0.969413 1.025490 0.876564 1.006845 0.928132 1.066777 0.976671 1.111227 0.978302 0.913831 1.102266 1.195472 0.948504 0.896582 
0.963514 0.997627 1.179475 1.166006 0.904683 1.162080 1.051979 0.883038 1.150547 0.991358 1.226774 1.066624 0.847342 0.859389 0.944098 0.992657 1.052605 1.122864 1.087613 1.068502 0.885166 1.026175 0.858564 1.170665 
0.840859 0.958421 0.908135 1.187593 0.870427 0.985831 1.155864 0.905815 0.903767 1.039655 1.039283 0.847123 0.978628 0.967902 1.019361 1.242479 1.085228 1.253570 1.000311 0.945928 0.816363 1.218006 1.017005 0.893360 1.034906 0.892327 0.921180 
0.980214 0.829744 1.006176 0.814498 0.855812 1.197686 0.936104 1.077905 1.214985 1.046848 1.056379 1.063015 0.950790 0.911947 0.838231 0.951751 0.881524 1.017608 0.927093 1.012148 1.148371 1.158921 1.188847 0.858796 
1.128043 1.064197 1.074224 0.993855 0.804449 0.855537 0.914122 1.245434 0.894289 1.201086 0.823842 0.974087 1.020460 
1.060982 1.087313 1.091658 0.965160 1.181192 1.096852 1.100097 1.090511 0.848536 0.951519 1.171714 0.911405 0.962007 1.247199 0.992228 1.201124 1.096607 
