  52.597071 2978.844047
  86.705169 2978.920212
  72.588190 2975.192174
  55.908735 2976.536364
  46.377058 2976.983828
  60.273818 2975.913964
  58.051676 2974.258914
  64.540035 2980.268524
  97.248051 2971.492333
  69.258847 2978.908111
  61.818320 2980.014322
  72.611745 2978.269746
  57.490445 2980.433041
  46.028707 2972.407728
  70.524131 2972.557622
  63.147035 2974.835979
  71.826589 2972.810729
  87.385758 2975.025937
  64.925752 2978.421713
  56.742870 2974.003905
  66.690786 2973.667446
  43.912329 2967.875230
  46.493644 2974.733747
  84.954096 2977.088739
  60.960272 2977.145267
  54.660916 2966.778494
  62.021822 2968.576080
 106.875058 2970.866422
  70.142379 2982.101153
  77.780445 2970.585741
  82.355841 2977.257292
  67.126174 2977.784624
  48.084781 2976.983049
  75.336026 2975.576283
 108.832742 2981.026838
  81.393927 2979.379797
  59.054924 2976.625985
  69.886580 2978.557521
  60.599757 2978.159101
  67.508655 2976.776268
  91.153228 2973.580127
  70.295482 2974.967707
  69.604350 2973.440292
  90.837932 2979.151773
  37.737330 2972.372762
  61.442475 2972.536538
  76.757388 2977.782535
  70.797543 2973.410791
  94.922335 2974.482563
  56.746228 2977.198435
  52.688047 2977.814701
  70.508328 2979.511941
  33.144448 2973.637319
  67.732572 2976.879292
  51.562621 2972.091329
  74.576561 2980.620771
  47.192737 2976.309572
  66.463599 2980.076051
  72.336473 2974.860907
  64.993708 2977.492216
  99.682288 2979.302140
  64.441429 2982.205703
  49.549111 2976.459958
  49.141865 2979.826718
  72.948294 2974.550316
  77.393485 2971.509566
  58.416148 2979.543606
  39.535476 2974.355167
  39.533621 2975.022322
  40.454762 2972.482847
  68.544969 2978.165709
  64.249394 2977.823172
  45.783922 2968.645559
  63.762397 2976.253477
  71.340656 2979.152226
  74.697699 2971.621729
  62.491139 2976.152345
  66.285097 2974.297255
  55.429300 2970.656121
  59.989430 2973.794764
  67.548680 2975.540609
  84.064273 2974.596124
  89.674333 2978.638827
  85.112955 2978.853136
  51.854407 2974.515561
  52.521745 2980.766249
  60.184449 2980.560113
  66.080453 2977.400637
  83.129924 2975.148750
 107.877010 2978.362271
  63.437812 2976.613963
  60.320513 2979.365854
  77.196589 2977.696846
  72.187683 2969.742793
  57.893817 2974.860684
  80.824988 2980.990414
  78.582580 2975.547037
  84.665794 2979.867355
  57.099691 2979.536726
  58.634003 2974.780756
