0.184525 898.450287 135.543370 11.724826 233.898435 0.344128 547.422719 519.633400 25.956401 16.405395 776.853441 0.704576 
0.207266 0.426692 898.780838 40.583681 27.423175 0.234168 311.539736 89.291523 546.290366 113.794407 22.206161 354.785097 0.248670 4.190042 0.219844 635.746934 581.897825 
0.326587 0.257172 235.873197 13.551953 487.265263 1121.723059 1.139176 90.033526 1293.928140 545.228010 0.392379 6.752973 0.916957 
0.284348 0.170500 571.474863 14.155406 0.154783 408.975641 324.103465 7.407148 692.115842 83.270030 1263.752589 532.300729 7.482529 568.114116 59.312991 58.196466 
0.326032 0.134949 161.975433 11.756233 0.632484 1062.240920 494.176031 6.478436 332.330355 695.088397 565.668690 172.198224 1162.658665 
0.213656 0.256245 370.012738 12.894831 297.687530 888.663000 0.761450 432.396747 21.794506 1443.381111 151.599477 96.982063 1.818142 667.269430 491.979613 155.510558 224.379849 72.518584 79.419162 1591.687282 
0.343128 0.252707 226.919289 14.558911 5.707215 358.992169 688.314727 2248.431081 2249.172055 148.942929 0.546632 3.119195 26.574751 67.647791 0.524499 2.680477 
0.203592 0.273014 248.343411 116.545233 107.077410 430.968168 369.635861 0.214911 16.281300 1174.988649 757.168615 382.619004 27.619698 
0.223314 0.310306 463.080973 1.877367 76.327887 25.308878 690.977849 1866.947998 1213.467128 
0.204569 407.517079 414.518629 1431.847678 166.925398 0.297162 3.940286 289.381328 0.189509 387.919365 15.513221 181.800146 
0.254606 15.187838 1314.691746 1506.885190 118.074224 0.510902 1680.772951 789.875394 0.236166 4.921179 2.810444 505.617058 16.735420 1186.168901 20.631671 
0.195644 16.154238 744.595237 350.760270 231.713500 0.743978 0.194859 996.399038 10.001828 35.748534 179.289274 178.696011 0.283618 
0.190343 14.938117 137.432625 606.888594 551.784687 1092.659536 0.300178 162.691080 5.651192 0.828920 143.267767 562.962257 0.241349 66.934865 19.657832 451.028191 
0.391543 241.260622 280.516938 643.045802 252.927953 518.828281 0.159365 16.568516 49.872906 0.207504 114.909960 21.117657 
0.243513 8.193412 1392.242057 249.213335 1323.154113 439.790172 0.269518 44.828181 207.774642 0.995365 12.102241 404.176269 321.539926 32.655571 19.945242 3.828486 1376.461005 7.867452 113.194435 202.092334 0.679473 342.937589 32.795963 0.701200 125.317243 20.735642 
13.840452 1689.517987 578.523493 14.110372 144.214191 4.450914 0.268877 247.468095 0.367450 0.219407 592.878751 30.055375 110.060511 676.815826 838.772137 3.290805 24.002651 
728.314538 11.914121 205.293498 2.672350 1.233924 63.841896 0.257117 300.135801 0.318247 133.893475 1278.044528 8.052012 46.373690 0.664688 440.520332 1044.750836 1418.856971 
530.218710 13.922740 473.310967 0.427336 941.095231 0.242504 1138.197425 74.204933 0.198059 459.796977 38.211429 295.218021 21.807506 21.886605 397.894087 401.622153 4.231727 
360.216651 153.635498 363.242075 275.386579 22.409359 0.259411 0.892348 17.042307 0.265899 1885.594813 400.182967 158.384261 199.337213 
369.695872 8.654883 0.359196 96.202495 172.702998 0.236972 241.470908 240.128005 30.200818 1.134574 1072.528045 21.543193 287.940395 304.875850 0.877186 1003.637414 544.338296 1040.339838 3.704012 626.964131 
1209.199171 23.103626 0.360118 348.770682 152.871822 0.264173 0.240753 1084.969723 19.216318 5.100560 1.550450 90.733872 0.318782 86.962144 89.287633 1492.897709 24.363491 1238.535802 
534.118280 309.033001 0.298733 2.421293 509.234715 17.155599 0.219108 365.742538 244.997570 160.484266 351.445316 157.563162 133.096254 235.101049 189.528705 1162.130978 
478.637710 1016.561853 0.325400 0.223203 746.615820 19.422970 0.204388 188.721749 778.050765 66.979391 694.369782 237.563497 825.604069 
1391.888097 1076.552754 0.198871 394.852197 534.378007 11.607294 0.339475 790.210382 25.311994 534.560552 0.761276 2.689585 0.624443 1031.312956 289.718322 51.619849 
1.015935 253.251621 0.301446 1336.180938 270.837317 18.829300 0.348447 384.158617 1026.503065 389.474351 
1.814614 203.685037 0.238926 28.108714 133.867696 25.423295 0.381053 1054.476583 410.807849 790.792641 547.882110 20.460433 
753.977340 217.159344 0.457600 599.996699 2.192675 11.172186 0.176595 1521.078904 604.745174 213.826178 260.907745 99.809518 1.970867 
158.689513 358.906507 0.198087 84.558236 0.841162 57.570158 0.458677 527.529838 1481.627910 233.041632 674.077405 6.440567 591.666112 182.447257 9.981883 6.769693 
588.579143 74.013860 0.420277 900.787363 0.805773 360.474671 0.149991 87.219574 1346.341468 56.320524 10.066708 105.031139 167.140063 13.279248 77.793790 12.119161 179.175582 
0.869525 45.359027 0.332695 634.684192 1.750546 927.523394 0.269664 145.725003 26.304213 1270.851084 437.807874 1560.456764 498.643594 1497.057989 
0.405836 0.231337 0.382773 205.096189 227.755814 444.599590 0.245214 941.965475 18.931022 282.545868 14.468253 10.571339 511.676277 689.428496 12.389024 417.006109 274.538205 
207.876088 0.372353 0.199976 298.590271 1213.277328 226.137033 0.213030 261.033713 0.125596 9.475744 11.299487 228.269123 
352.823905 0.156506 0.777799 57.180110 1009.645905 13.343995 1143.863721 0.168686 0.227560 109.367466 15.005995 3.960956 350.386922 5.356330 557.531365 227.717130 179.738585 4.514110 36.635790 216.031005 
964.578138 0.210509 1447.947471 23.027886 50.926451 0.477200 343.858020 0.457956 173.467178 266.766319 
492.740814 0.217691 1203.869651 17.300815 159.839345 0.259971 887.383557 0.683706 198.738865 6.380704 626.584907 284.619946 0.736684 
168.601292 0.136410 853.572757 8.427629 136.438317 1033.703411 271.737720 0.971985 4.119983 174.573911 0.710156 26.800475 588.211403 15.857927 725.491523 
476.048454 0.127938 649.064714 817.869166 104.435491 0.123478 99.392735 1.139168 5.538329 28.208178 6.500920 25.519322 608.705578 0.720422 288.159931 520.685851 1078.973309 
149.615161 334.549246 249.033656 1199.883239 541.439407 0.264014 0.205338 0.436633 10.067582 268.653136 544.381522 285.218229 29.226922 156.387370 407.866551 
177.003991 963.210088 660.694457 0.223685 785.275796 342.051894 0.230918 0.381726 21.504696 693.888492 14.014446 0.335038 729.291335 
284.167273 1263.490812 13.844428 0.232334 22.184624 599.893532 0.202584 0.290465 756.364088 0.712439 367.028480 438.298776 54.897764 
230.617032 302.298751 30.179577 0.544717 66.711716 3.669420 0.227295 0.317323 277.417563 298.519877 161.049858 66.687092 6.927504 582.441608 2.764050 549.033730 122.818823 1.072616 150.666600 
91.814718 293.117827 34.238774 2040.072426 8.722763 529.335471 0.272034 0.298644 14.296420 0.366202 0.257420 1048.195959 
186.232013 1528.941502 32.667816 14.874151 20.313183 459.266437 0.166026 0.336665 8.708285 0.535108 153.937105 243.438827 225.767975 295.557947 
1291.826616 898.924294 86.121486 18.029245 0.443478 820.494751 0.225396 0.242648 109.566361 85.667370 189.567911 1207.220714 1228.345708 36.646905 781.267928 39.707860 
263.842542 772.907527 12.062876 35.225863 3.224352 551.549069 0.087911 0.721316 76.749029 17.478773 642.526116 699.604389 
75.450172 4.315568 21.996353 468.996915 542.421186 379.494203 0.276250 0.293654 389.394486 30.014329 106.503677 880.881433 28.838735 766.872736 30.538012 453.271381 16.816180 8.018181 976.753076 2.408798 0.299460 9.003650 9.306550 0.519921 
13.295614 0.297586 1079.147180 35.463045 0.513419 599.331719 0.223186 2.632774 101.551863 810.735200 970.966316 411.513354 
104.268396 0.305396 1187.573356 71.999541 198.515124 330.259028 0.245360 19.783695 1023.731021 1154.370713 0.796365 0.409257 1.960374 1801.769865 171.878168 555.189897 435.070667 8.175314 31.775440 18.688034 49.203836 0.845161 10.667783 36.898495 
56.594620 0.476705 21.608409 0.483346 729.488572 231.176494 0.242735 136.931311 0.185969 269.781770 
272.112199 770.529365 1531.887956 24.213754 0.325624 1027.855437 0.257894 395.225534 0.364648 19.168655 741.557347 0.276556 1.292477 
0.219134 20.987462 0.560560 58.125199 0.838490 265.217595 0.557497 164.912254 3.632031 831.465058 748.428736 748.659836 164.165249 
0.243521 0.626346 90.578663 6.355333 311.616759 588.075530 0.263122 148.655973 480.510452 15.203168 104.238387 774.362212 310.665469 1880.581746 89.166963 
0.107352 781.036443 0.349306 863.680164 835.624071 20.352499 0.150115 72.456793 963.143097 228.125685 10.819619 3.002964 6.846122 55.857733 14.977399 
0.304109 66.841230 1.006580 449.763123 666.633619 114.331515 1385.258266 0.246288 549.724929 11.069959 36.000449 1583.296678 1.678594 845.946919 578.667437 893.249309 
0.095236 113.316779 16.849759 0.990189 254.723433 380.395226 26.652408 263.149297 0.112420 172.673432 697.490955 162.598483 32.031310 388.466441 817.852125 0.169421 582.688212 275.790508 
0.217317 166.692346 1189.926836 0.447716 0.296932 760.640237 325.716693 231.599910 7.191897 22.706891 48.466111 
0.291859 1096.691810 12.107422 0.292024 61.631733 147.903185 500.493751 516.659643 590.799070 0.339105 49.889567 355.828097 352.005081 
0.249712 209.836614 864.318990 0.328642 274.833015 0.917452 1281.279440 162.297314 1139.900332 2.305607 13.262448 1943.353056 568.546791 557.284475 1.860907 298.172731 
0.309380 536.574571 18.421390 0.240987 4.119462 1524.359409 36.786237 759.429194 0.885178 978.313457 190.467836 
0.299026 4.082826 0.923469 0.403984 92.625620 368.381404 63.032526 657.499884 168.139917 12.069301 2101.856114 1893.766231 406.175387 281.435276 1828.517217 
0.156143 51.340788 0.529132 0.437304 614.296124 187.182405 313.038640 936.916005 528.563419 3.335189 11.928295 
0.271738 621.342584 0.239170 0.266322 1858.533042 135.287588 13.565516 548.973893 15.383188 742.885650 20.428110 42.980089 766.166782 376.107563 
0.269267 913.948634 0.216306 0.203472 6.354797 298.171629 19.523145 351.620750 0.333646 26.629267 1177.534245 263.488629 414.091780 589.470422 22.354524 220.315005 699.192819 1244.591434 1074.603910 1316.993907 224.479988 68.927285 75.149189 
0.288148 2.058619 9.387390 0.291910 369.558178 1041.998735 188.860862 1536.137497 0.342385 94.686921 296.548074 13.645182 8.600407 1705.846277 
0.178758 1.056918 15.777873 0.268324 573.611673 695.768827 215.773229 400.277364 1115.907831 93.925832 35.555530 
0.405577 142.445752 20.582855 0.207432 17.993817 796.180514 1010.333576 267.660551 8.442703 0.254200 114.921969 57.028581 272.919194 549.020210 2040.134110 194.519530 305.583868 452.423384 42.678355 221.447424 728.772655 179.664486 18.199325 916.361025 46.700531 10.241638 
0.276304 400.566799 490.505863 0.209599 17.648641 0.295476 315.265543 238.366991 897.431179 615.181643 23.199972 
0.354572 248.837476 1069.677244 0.234975 825.986043 4.262677 0.865818 2027.927791 99.190372 7.733244 1.863890 43.841564 448.578894 817.166763 594.006133 80.432454 205.999176 31.276735 16.910481 47.145001 21.230430 
13.532327 206.783578 7.882569 0.299956 102.324168 1509.689036 1.857605 1078.009846 6.959982 870.455840 0.258023 299.159772 253.708083 
16.090118 111.034816 869.368433 0.304617 0.221086 1226.568140 267.137623 313.655448 46.798153 0.202267 18.923134 547.562416 174.833256 5.055448 479.774291 48.721049 692.555062 
1210.954990 85.637019 1311.711022 0.319925 0.641774 0.264154 4.000914 517.310450 647.558295 46.166760 527.846950 977.228877 13.953423 3.037786 943.322143 2070.048957 313.047491 
85.268151 438.497850 0.426138 0.181576 837.218473 0.207587 7.822898 186.829158 797.376877 438.370730 30.015856 295.723210 0.372024 1.877227 78.256798 0.239354 
884.684080 53.919641 1.542738 10.011991 479.673609 0.212916 0.457686 159.848064 442.257299 36.352793 860.194639 
0.120998 730.430264 44.758346 436.863776 561.347607 0.335751 0.632664 1009.714074 303.925224 0.660150 17.042347 76.969370 19.105787 14.255454 54.474158 
0.776102 169.879056 15.084156 964.397639 45.430602 0.122098 0.451168 895.209110 736.235400 175.688479 33.687455 16.915728 
0.578236 280.711462 18.380086 787.729385 339.715658 0.220424 1200.175492 0.178365 222.273440 20.510162 27.637382 19.247201 
352.965175 886.082757 30.873909 175.442215 1038.415350 0.196341 0.399547 133.232350 3.021884 0.481238 0.464725 0.498341 14.318223 109.821719 387.443412 26.565761 3.891351 
19.260790 151.470477 2.744281 0.195867 75.100228 0.188986 1.431729 531.053260 50.500016 121.573011 4.695301 651.378366 908.555130 110.390528 703.368362 2.394513 0.621696 618.154152 1213.132807 112.597437 57.540246 
205.808448 986.610092 0.379871 488.288766 552.659912 0.202702 18.299053 0.758664 232.545077 451.625909 
641.190656 116.119328 0.406085 373.073275 371.991301 0.226449 1218.591474 17.295248 1.873538 16.341688 60.766481 39.091159 5.475298 212.859208 268.403070 
0.871743 254.243987 0.206287 15.182157 469.708815 0.278497 565.525315 921.430536 318.057219 103.513784 44.325520 125.271778 221.009831 1133.813695 
664.114559 126.634004 0.536484 22.431724 244.783377 0.271198 1.034025 172.232733 418.862248 528.929674 597.799637 40.829223 841.609674 30.104377 135.692511 
1830.934917 251.480787 16.935627 1.850571 358.621755 0.254996 1112.422186 0.381149 182.407154 0.917955 83.172159 665.520695 1061.752802 7.638641 1786.974803 125.121947 
591.831282 629.137213 18.772805 0.168333 352.337779 0.323668 0.288072 239.961667 362.573788 591.603146 461.339159 29.223206 286.615407 0.358936 509.003188 9.429352 16.737878 
905.681308 177.767191 796.328452 0.203331 591.102293 22.418118 0.204006 0.297988 38.796431 232.519446 1133.612051 196.990743 91.045775 
974.963024 109.851229 17.153343 0.162572 326.891554 19.073341 0.620751 0.196700 899.435078 170.802817 301.065871 27.503097 981.975836 609.224319 
293.321428 297.676260 0.584605 0.336235 521.747923 0.171803 21.494420 0.166054 147.036391 22.448894 990.549792 0.163405 257.262381 1.223206 1134.860445 18.262795 98.778044 749.441523 32.499810 1.705663 935.319165 56.246237 86.936531 
283.036973 1373.216155 3.313616 0.216828 221.284313 183.646576 15.460584 0.339895 581.215429 0.192237 1529.194113 5.559567 48.181096 479.454898 83.022995 14.838511 7.073331 1269.981851 0.581673 34.184496 82.369018 
0.542615 121.062415 572.653664 10.386630 635.921076 342.748807 40.697548 557.425300 486.180666 0.338742 68.211920 491.866330 2.415244 0.226932 
279.351763 198.831010 2.441544 4.854341 1704.194670 0.315242 42.364780 808.299080 0.650223 0.282645 102.760637 0.792168 1713.375517 1834.124866 888.974580 271.977076 10.505119 134.380121 871.967248 11.050101 
1383.254195 0.997142 274.185457 1020.957506 202.276488 757.044680 39.749690 11.857556 1.061379 0.280404 780.789692 64.635255 19.388660 0.255564 0.189823 14.645385 656.637592 396.195755 81.537640 1.912217 1.011581 285.976403 0.379891 108.669973 41.994369 18.768020 39.355978 
1.729185 0.258979 1362.602690 0.496434 345.238561 5.943450 12.220768 253.804389 52.715803 0.192607 1577.389041 245.260115 162.267273 716.560425 13.081338 
1.845846 0.211635 38.738460 0.319992 1396.485961 157.825494 14.184871 88.791025 7.644033 283.292237 738.740528 99.247851 305.301143 0.798793 208.933644 10.731662 626.656387 21.447651 25.362098 
797.557122 0.135948 3.273681 0.593187 935.901308 618.291794 9.223804 133.686648 3.071568 188.077640 358.096799 1081.009067 17.293655 32.041592 3.710583 303.988473 
1.114455 0.167135 127.206977 226.261936 435.117117 508.923563 16.940644 482.034298 0.964383 0.405865 149.504351 11.737462 908.664867 40.155482 21.232122 
1.247712 0.198014 1184.686226 19.758857 325.655542 0.443195 19.743772 104.700832 216.209444 1044.327248 1250.903695 1.779274 
0.244087 0.231460 25.477030 12.100393 866.480216 0.291471 676.304616 1550.590817 17.065916 5.721255 478.325104 186.050598 169.149545 299.175671 401.598216 2.072212 14.212979 34.638549 873.936119 137.099268 90.602981 6.993771 
26.793192 0.145343 1203.297616 75.095887 223.217707 0.468999 83.927146 974.542651 11.814750 0.816492 189.181857 
17.255308 0.269208 1251.168385 890.270867 261.828050 0.310218 104.000176 0.236232 116.082805 179.986355 9.622448 520.591546 1143.715564 50.866109 
13.707933 0.225022 549.351745 404.571488 491.254236 0.295568 655.337401 0.331463 529.833450 4.314920 146.246730 163.577365 141.787518 423.595239 0.461717 537.007416 
