0.000000 0.067596
0.000000 0.022196
0.000000 0.038676
0.000000 0.063363
0.000000 0.025727
0.000000 0.023447
0.000000 0.027419
0.000000 0.036966
0.000000 0.013609
0.000000 0.021191
0.000000 0.036602
0.000000 0.035953
0.000000 0.048132
0.000000 0.056639
0.000000 0.023055
0.000000 0.053010
0.000000 0.042250
0.000000 0.023943
0.000000 0.018693
0.000000 0.063892
0.000000 0.029897
0.000000 0.098764
0.000000 0.049200
0.000000 0.013008
0.000000 0.027929
0.000000 0.042849
0.000000 0.051919
0.000000 0.020320
0.000000 0.021930
0.000000 0.020572
0.000000 0.029939
0.000000 0.037118
0.000000 0.496457
0.000000 0.044994
0.000000 0.017469
0.000000 0.018207
0.000000 0.035453
0.000000 0.027287
0.000000 0.041947
0.000000 0.045412
0.000000 0.018617
0.000000 0.036002
0.000000 0.023118
0.000000 0.035236
0.000000 0.068640
0.000000 0.059270
0.000000 0.028510
0.000000 0.036855
0.000000 0.013049
0.000000 0.035253
0.000000 0.025243
0.000000 0.021584
0.000000 0.045732
0.000000 0.029958
0.000000 0.123575
0.000000 0.030350
0.000000 0.068770
0.000000 0.033219
0.000000 0.046607
0.000000 0.027382
0.000000 0.024847
0.000000 0.022905
0.000000 0.028206
0.000000 0.068887
0.000000 0.030340
0.000000 0.031159
0.000000 0.032094
0.000000 0.132983
0.000000 0.042998
0.000000 0.046223
0.000000 0.026311
0.000000 0.035791
0.000000 0.038548
0.000000 0.024992
0.000000 0.043648
0.000000 0.021921
0.000000 0.030280
0.000000 0.035771
0.000000 0.036074
0.000000 0.036099
0.000000 0.037540
0.000000 0.024724
0.000000 0.023012
0.000000 0.027160
0.000000 0.037635
0.000000 0.051982
0.000000 0.019095
0.000000 0.027831
0.000000 0.014973
0.000000 0.014093
0.000000 0.022961
0.000000 0.026931
0.000000 0.030459
0.000000 0.021513
0.000000 0.026124
0.000000 0.030370
0.000000 0.016165
0.000000 0.041328
0.000000 0.075194
0.000000 0.019614
