29.229968 35.065410 30.643783 38.611789 28.083934 29.997330 37.726855 29.947978 40.475513 43.588074 28.196334 37.815467 
28.762431 28.775281 30.677633 38.371247 26.513394 29.811127 28.220588 41.846857 28.124963 30.827847 38.243179 30.083890 38.445658 42.867293 29.480709 36.058087 28.079593 
29.210281 29.384676 30.842104 38.985291 43.781007 27.629360 43.536495 36.996216 28.372818 38.696026 38.229603 43.148042 38.580861 
29.467366 29.583837 30.694801 39.495851 38.338034 30.616299 28.220786 40.471088 28.181621 40.507342 37.324225 26.247962 40.330208 34.301231 24.671546 36.005993 
28.555007 29.527929 30.594307 39.591483 37.092531 29.597515 25.928643 36.618795 28.199278 29.973417 25.449334 34.760023 38.580187 
29.160878 29.295201 30.918672 39.436632 35.627720 28.517921 38.779993 25.021211 43.064944 39.872158 37.148949 30.202119 43.732650 32.005583 33.485104 29.431961 28.505132 32.666563 33.810146 33.190186 
29.442929 29.456768 30.669515 39.394564 39.268737 28.736082 30.148810 34.925787 25.386408 38.038687 38.289079 24.461717 36.887391 42.089562 41.363012 37.200751 
29.549812 29.474768 30.520474 29.876478 37.040864 28.441060 27.434404 39.030549 39.335712 30.424820 33.510566 36.233894 36.600430 
29.118775 29.518104 28.328220 37.953327 30.826401 38.985672 30.183002 36.725972 23.717140 
29.156814 41.274338 28.287631 25.135504 30.793177 37.534245 41.440996 35.932177 29.378954 30.388046 39.089581 38.104683 
29.437251 40.911550 28.644058 27.295035 30.368399 36.535904 26.356155 35.694746 29.710726 26.307480 27.123308 30.012337 36.157253 28.382382 24.221295 
30.204139 39.116313 28.261824 35.417565 30.742346 37.741804 29.588829 29.515072 43.349818 43.168036 36.273914 26.992014 30.223363 
29.466466 39.922252 28.095711 36.298409 30.465828 40.930659 29.621643 27.559320 41.991341 37.976681 39.525804 25.761305 40.274544 27.131417 30.819584 40.527653 
29.634064 28.161455 28.109112 29.527867 30.711234 35.666094 29.431048 40.507236 26.992650 36.275795 27.625749 42.296748 
29.527210 43.070447 28.552479 29.877847 30.713113 32.562999 29.439334 41.545968 36.091669 36.624812 39.507227 42.673235 31.716626 40.056877 42.821796 41.925450 26.311003 27.168354 25.892105 28.771692 38.930539 25.070773 24.034767 28.127706 40.086841 26.108541 
30.952575 29.536652 28.107583 39.604803 30.716744 42.272932 29.742034 29.663964 28.475906 36.705958 36.216395 26.960084 40.989125 30.787461 42.423094 39.623185 26.486651 
30.771223 39.905960 28.114133 38.504782 37.652910 37.747040 29.972460 30.069115 28.081300 32.375224 28.296543 40.233579 40.383831 40.588059 33.140494 40.522801 26.650575 
30.667182 39.312507 27.992157 36.681973 30.503689 30.249301 36.612560 42.598494 29.371318 32.850888 27.030920 36.210349 31.777184 39.053238 31.795020 29.011190 33.125355 
30.975469 36.640558 34.318641 30.681403 39.897645 29.682916 38.439557 39.647876 28.811203 28.849212 28.340353 27.239574 32.588708 
30.942850 39.628178 28.646803 28.229414 28.511999 29.485921 26.199567 36.673906 40.611064 37.248421 29.037258 34.666304 34.468693 39.918968 28.195777 29.201807 29.769377 29.074099 30.471116 27.979516 
30.647252 40.315026 29.022128 30.028104 32.494269 30.166016 29.631064 28.253744 38.835378 28.957436 37.496746 37.222057 34.739388 34.477384 34.116090 32.184994 40.714742 30.270968 
30.772685 29.749683 29.463965 37.229319 30.808357 39.798855 29.797068 28.151547 33.597024 42.768642 35.473786 28.093306 30.146510 28.934833 30.565469 28.661977 
30.785957 27.513174 30.462708 36.865698 30.429246 39.601663 28.736099 28.378780 36.336822 33.171911 31.954633 27.332446 27.306790 
35.398640 30.394146 29.818164 32.226213 29.158734 39.557220 28.838679 28.317479 39.781312 36.849784 37.122954 34.077327 34.594802 24.372248 28.752550 27.218763 
37.654429 35.038166 29.717550 37.388164 30.918139 38.823938 28.968022 28.236641 30.107018 36.852210 
38.003513 35.634196 29.799228 42.592025 30.526358 38.389101 29.226068 28.327236 27.753826 30.775630 25.106318 40.809668 
26.069328 34.249505 29.812337 36.316058 37.912032 40.195511 29.691057 32.486991 30.574795 30.802541 43.881961 28.118594 38.448994 
29.646365 43.291914 29.466900 34.537512 38.212085 38.107182 29.015469 30.927947 31.398169 28.287379 33.041770 33.394848 36.494470 36.427541 41.100121 39.530509 
28.785574 30.628742 29.583440 28.812101 36.413587 36.043080 29.219030 30.866941 33.502316 40.947406 39.548161 26.061233 28.780436 40.985968 40.053286 42.134192 30.691564 
38.350751 36.610191 29.444417 28.280507 42.208075 39.647825 29.730187 30.595554 39.187961 30.324979 42.583506 32.633355 35.880584 35.844379 
38.226572 30.234247 28.071190 28.724189 38.083130 28.632392 29.097023 30.706944 44.315880 36.910511 38.539926 39.534043 26.512973 39.821336 28.567995 28.357901 28.959388 
42.671565 29.880649 28.155134 28.254817 37.211963 30.515486 29.672590 30.156800 38.554830 40.921281 39.261164 41.181991 
30.538764 29.920043 28.471318 41.199424 36.264278 34.006991 34.263311 36.016611 38.076802 25.546411 39.821936 39.565423 28.102230 41.290405 30.877281 32.761038 43.861307 40.796249 33.363326 32.806410 
29.902824 29.395385 29.229319 39.201516 30.899125 38.560733 36.311841 28.171968 28.551883 27.450865 
27.960295 29.556235 29.575977 39.037410 30.893160 38.233924 37.822365 28.410612 42.297194 40.768973 36.473200 26.442266 42.196473 
28.381615 29.420361 30.612244 39.428358 30.549814 28.339510 39.290568 28.103222 43.020855 43.116824 38.705722 39.844538 26.773631 26.106998 35.788167 
28.221645 29.503375 29.417685 36.787837 30.874059 37.780260 44.143559 28.257706 39.378801 39.798247 34.478756 33.358544 27.579359 27.932952 33.240024 35.774897 30.704669 
30.960578 28.211441 30.474173 27.806809 32.944524 36.140809 29.568908 28.752422 39.780474 36.130677 28.658521 43.336019 31.210798 41.834206 30.922604 
30.854242 28.093082 29.567938 37.890779 32.980393 25.920637 29.888199 29.217076 38.816818 37.952238 40.694942 23.742402 33.145261 
30.945616 28.414545 39.990460 38.873638 39.216458 29.371599 29.632231 29.188137 36.508135 35.358341 29.897846 26.091336 39.214823 
30.907972 28.200144 39.394520 38.398133 42.174920 41.958560 29.592334 28.143064 38.073899 30.481544 36.938330 30.165161 42.048660 28.106856 30.310155 25.643478 28.267015 23.871453 24.077221 
30.844471 28.819023 38.291342 36.585307 36.132353 29.972137 29.495680 29.500295 41.327162 37.925893 37.381284 29.217562 
36.530611 28.370382 40.762447 40.247778 30.011746 32.076749 29.655492 29.261158 40.431173 38.100167 29.167170 30.919905 29.316036 28.615256 
30.624229 28.449624 26.548359 39.505024 38.457469 27.876747 29.574422 29.643314 30.553262 36.404927 36.542797 34.787608 28.493202 38.666794 26.297183 35.370961 
30.548133 37.307768 39.324857 39.189668 38.910177 28.096477 29.619618 29.116862 30.924769 40.805318 28.444523 25.967408 
33.478979 39.818828 42.057831 26.764988 33.452337 28.172049 29.886279 29.112436 30.852555 29.182457 37.546754 30.242789 39.111618 41.938290 39.136471 36.004891 33.637923 40.316728 29.461733 35.865319 38.478868 40.054523 36.038654 42.175977 
44.181172 28.301616 40.207407 37.899361 37.949778 28.193541 29.767755 40.886098 30.720163 28.078345 28.571674 36.457669 
42.663465 28.980848 30.106068 40.581340 38.128477 28.736245 29.396501 39.012783 30.730637 36.584750 35.357331 37.941485 42.678316 33.767855 25.036937 28.727054 25.372158 28.580879 40.225207 42.920012 26.757473 34.475414 42.087274 39.951303 
37.009657 28.361517 38.215829 38.000686 37.605384 28.382688 29.358219 30.541320 29.557933 29.246691 
29.073092 36.929828 34.687902 41.461040 38.166769 28.213890 28.136992 30.878974 29.587144 40.059107 28.683792 36.210986 35.273865 
29.334259 42.328545 41.676812 40.114565 38.433064 28.167992 28.161061 30.850194 41.717098 30.577038 41.017394 36.734359 30.641905 
29.274266 37.745516 43.025837 39.982491 28.831571 37.894657 29.726368 30.901273 30.277101 38.432229 35.658463 26.592389 30.313561 34.855419 38.441088 
29.133235 39.613641 38.339838 34.613722 28.538947 38.734935 29.493351 30.637989 30.485994 36.372039 41.881698 29.462943 40.144620 27.713108 43.160366 
29.247946 30.723072 38.293902 29.450520 28.130813 40.832446 35.644282 28.935081 40.003035 41.568341 40.761599 36.381585 36.455030 39.715778 24.196160 26.556842 
30.117602 30.697620 39.888889 28.416985 28.082182 36.888355 30.483235 30.121397 38.093667 35.848080 29.189817 36.355595 43.484632 40.963308 23.957883 38.484232 31.737305 25.726709 
29.243008 30.873443 38.263678 28.969632 37.817938 30.098958 36.888434 28.159383 39.443882 38.281251 40.981704 
29.343471 30.835453 40.269348 29.106861 41.577298 36.107898 30.577845 28.122918 31.505182 37.325934 27.549266 34.591434 26.833522 
29.827075 30.486226 32.057291 29.422953 39.135872 38.493439 30.117981 28.472089 43.099020 39.160169 39.135271 37.439012 27.726291 42.290664 42.916284 30.006086 
29.343922 30.743124 42.669111 29.244588 43.131457 34.346872 40.530298 28.244626 36.614857 30.470050 35.854225 
29.277196 39.531071 37.554262 29.460793 37.416087 30.880797 37.870293 28.588909 40.132961 39.888590 26.681646 28.622945 35.855131 26.531007 26.515380 
29.030038 36.886327 37.674062 29.799395 36.016492 30.683578 26.826603 28.499684 30.636851 36.032641 43.649996 
29.117889 28.073801 37.882975 29.623904 29.503602 30.371367 39.250707 28.217721 39.334813 36.870125 40.256697 41.696341 36.680949 28.290538 
29.463861 26.695993 27.002515 30.326850 42.215048 30.592516 40.049705 28.168677 38.212513 27.493583 27.194035 28.393266 36.896899 25.533530 24.919157 41.047412 28.732753 24.764182 28.428412 31.727884 24.591655 24.332771 24.957013 
29.527531 40.012209 43.578326 29.662109 41.302423 30.907144 24.256475 28.771199 38.502572 30.728577 37.783112 38.801454 41.172506 30.125506 
29.730016 36.518541 39.141739 30.095712 31.340531 30.491478 26.075053 28.102271 35.743776 30.413519 42.652577 
29.151273 30.637917 35.274577 29.661592 25.848778 30.563886 28.745772 28.139390 40.195287 38.248799 39.717703 27.234187 34.659782 24.788123 26.376238 37.323075 28.445457 26.397110 38.819095 39.072356 32.171620 25.093580 34.437360 24.467106 36.764437 39.392122 
29.670013 30.731710 37.197962 29.240470 39.635861 38.472376 30.559695 28.231912 33.601855 25.125064 39.838264 
29.115989 30.846564 31.073823 29.253809 40.831691 39.904640 37.682911 28.295345 27.509132 38.729590 40.549207 40.353349 37.476568 29.797715 31.241807 26.046307 26.245130 41.634709 26.195488 27.078689 42.603844 
39.290710 30.899110 41.905961 29.180892 36.294969 37.721128 37.359226 28.654470 44.407052 29.151875 29.765940 41.317550 34.927741 
40.686757 30.758146 26.262930 29.206411 36.999933 29.918181 33.252325 28.158151 36.514199 29.735781 40.805939 23.853687 29.317336 36.839909 29.687409 28.326976 33.189019 
27.174720 30.740359 28.838337 29.078219 37.704020 30.127586 43.137198 28.193162 41.404841 37.675692 36.691198 39.440553 37.492794 37.404858 30.273938 30.942843 36.714909 
40.454464 30.752537 38.631539 29.135716 36.242331 29.475507 42.669406 28.153300 29.810015 27.455038 38.287493 24.905835 28.449144 39.769680 38.654698 30.038510 
29.780201 30.572068 37.713744 40.771752 36.224511 29.902231 28.674714 28.210728 25.630820 39.625121 25.876405 
29.098044 30.671554 38.876070 34.545847 38.097128 29.809956 38.306234 30.184381 28.189959 39.649981 39.203530 39.087619 39.957413 41.032421 38.956139 
28.748161 30.936899 39.751165 28.412744 28.288345 29.341878 37.719400 28.687699 36.574844 37.081246 38.973199 40.109957 
28.647512 30.809514 38.700230 28.414694 29.385769 29.340957 26.316876 38.463424 35.900933 43.879872 25.937389 25.787149 
34.083883 30.839594 40.076811 28.610157 30.214177 29.734774 38.728446 37.240561 36.282530 29.416581 39.868689 28.161022 39.155466 35.323545 42.381748 40.924434 40.897861 
38.453369 30.857642 40.392580 29.100297 43.294720 29.718978 37.663203 37.802371 39.509862 28.736580 35.747713 29.596450 42.817230 28.477608 27.303524 30.394589 28.659349 35.057890 26.515773 40.275085 29.966378 
30.158695 30.618352 29.420527 37.128622 28.264413 29.381666 39.149562 38.751228 31.790615 35.506549 
32.993444 30.397194 29.084495 30.027846 28.526603 29.677218 27.904223 38.880614 38.405190 43.950853 30.064607 35.602354 41.140056 37.139683 39.770035 
38.367956 30.856851 29.777344 39.643222 28.100200 30.170432 27.616471 30.864959 28.164605 37.303404 25.963521 25.710405 28.290651 26.009494 
23.979232 30.736468 29.120512 38.710586 27.951859 29.274561 38.390752 26.659147 35.920119 31.837764 30.502135 37.203635 37.606656 43.387085 26.871496 
30.120734 30.582705 39.879839 32.538127 28.079602 29.554599 33.010245 29.242428 29.570290 37.621190 42.666978 36.739854 31.578299 40.464007 41.195409 44.518359 
30.241885 30.956165 39.182203 36.541876 28.155224 29.410272 29.570764 36.628347 34.817911 26.540444 26.895969 40.708805 29.730676 28.330869 27.183648 25.464580 44.379101 
30.234000 30.712533 36.243457 36.967227 28.240692 37.958632 29.023349 29.304578 35.036891 27.547266 32.306981 33.699371 26.169738 
28.701051 30.915288 40.301763 38.283135 28.097898 38.849328 28.464744 29.796847 31.506335 30.448791 37.543432 39.960063 30.940664 31.199897 
30.512641 30.689680 28.502953 38.598220 28.261365 25.850492 39.563011 29.720103 27.289873 42.459649 36.205229 30.187665 38.701594 43.511288 39.951157 27.250799 26.317058 26.082713 25.542734 42.127312 26.568477 28.205344 27.394099 
38.699485 30.475520 26.672910 38.762522 28.284929 35.280523 39.019928 29.812665 30.808395 29.801551 30.623120 42.220712 40.154794 24.988809 42.120215 31.203709 35.723149 27.560160 28.599071 40.561833 26.594144 
38.550788 30.531584 37.346853 40.906282 28.464679 25.412524 39.840493 38.481871 30.719210 29.914164 41.553181 28.201316 40.228758 29.125188 
41.334851 30.895840 38.908060 38.577301 28.162423 29.941930 39.733610 29.599104 38.619012 29.931031 30.359122 37.775512 38.599479 25.174893 36.854602 37.458397 39.536276 38.687996 27.710448 40.717914 
30.368184 25.394689 39.263624 26.337224 28.564725 28.644696 39.675583 41.185144 39.157364 29.833292 35.174457 30.545951 39.292299 26.523995 28.177054 25.195416 26.770395 30.392628 33.996046 23.673202 28.565676 30.903040 29.396423 28.012687 41.045413 29.164459 39.285709 
37.329164 29.461631 29.496069 28.496102 28.242032 41.792924 39.291249 38.983711 40.809946 30.069401 37.468263 34.674411 30.440257 29.511436 41.398454 
30.601946 29.739028 41.317422 28.191276 29.786136 26.498364 38.501107 30.967578 33.633184 34.509108 28.463996 30.048345 37.688360 37.247100 28.425827 40.075046 32.922684 25.422655 41.176053 
29.375679 29.906342 26.486356 28.895416 28.184206 30.034005 40.000687 30.716792 37.561593 32.712510 26.433338 37.169511 44.165555 41.282612 39.862557 25.928797 
36.774988 29.607419 36.263550 33.262312 28.190806 30.048283 39.833797 30.727715 29.322972 28.115499 34.622856 34.685889 29.253574 28.994511 29.412746 
38.243694 29.833636 30.415588 37.967772 28.120438 28.985964 39.373648 30.584146 35.699935 37.560155 25.670867 24.236085 
37.578023 29.246839 41.018527 32.437368 27.999754 28.950832 30.989220 31.868759 39.354973 40.289549 29.846381 33.519943 37.677873 40.645753 31.934374 42.674818 42.114307 33.036962 37.192177 34.770143 32.959731 33.695135 
42.753957 29.879121 29.642840 36.791327 27.974067 28.208304 30.186447 35.493304 39.587000 37.491092 41.495854 
40.813300 30.108354 28.652852 28.039449 36.829205 28.239128 30.546099 37.115568 36.290399 34.400109 35.698306 26.601807 28.057436 33.595105 
40.651031 29.801392 29.391349 28.175032 35.216260 28.859737 30.877811 36.668465 36.521719 43.295522 27.648033 38.965088 40.368076 24.227456 40.539508 25.550684 
