-93.888873 -76.178004 -91.734289 -74.515954 -92.670634 -91.667713 -74.333367 -85.915363 -70.979634 -69.908996 -94.671512 -76.156080 
-92.645820 -93.916291 -91.491333 -73.740688 -95.377373 -91.775772 -93.757489 -69.554083 -91.778124 -89.817100 -73.347809 -87.825033 -76.303963 -69.444478 -90.708243 -73.895328 -95.870290 
-92.074418 -91.409723 -91.238297 -74.645784 -68.584985 -80.306317 -69.283267 -74.780006 -92.037538 -74.342717 -75.690181 -68.504497 -74.582799 
-92.157647 -90.821510 -91.655734 -75.362835 -75.707398 -89.528487 -82.955088 -68.891661 -91.993940 -68.572954 -74.183396 -79.727907 -69.014770 -75.168390 -82.959748 -76.203768 
-92.156160 -91.709414 -91.642429 -73.797484 -76.676123 -83.849127 -83.985839 -76.419983 -92.161017 -86.762324 -97.370768 -76.293371 -73.632855 
-93.269094 -91.886546 -92.108803 -75.079630 -76.110095 -92.305807 -76.098184 -80.718068 -70.360743 -69.101844 -73.680295 -80.702112 -68.758488 -80.391851 -77.729330 -87.087115 -94.788090 -77.618937 -76.037376 -76.416302 
-92.489798 -91.618112 -92.046350 -74.278442 -72.515217 -92.107546 -85.958146 -75.786604 -79.626604 -73.987431 -76.131373 -79.486565 -76.130190 -70.301911 -68.393963 -75.810566 
-92.294620 -91.560419 -91.674211 -87.437522 -75.434881 -92.042552 -82.770797 -75.795345 -75.575606 -81.626336 -78.827076 -74.560357 -76.743267 
-92.323403 -91.581800 -92.272266 -75.926029 -91.474072 -73.830034 -87.610706 -75.031956 -80.651762 
-92.081186 -69.331227 -92.157782 -78.319112 -91.238785 -76.421596 -69.175371 -74.533558 -90.658840 -88.632733 -74.087515 -73.797645 
-92.390763 -72.366059 -92.321153 -97.183375 -91.653582 -76.799680 -80.015321 -75.336840 -91.505006 -79.237767 -97.639811 -87.092403 -76.036805 -79.239941 -79.120440 
-94.151482 -73.658072 -92.254164 -74.306014 -91.781399 -76.426358 -91.945461 -79.323565 -69.625732 -69.168979 -74.300536 -96.664410 -91.885882 
-93.615892 -74.120645 -92.435019 -75.203691 -91.843161 -71.459233 -91.871328 -94.456679 -69.303329 -76.723723 -72.529910 -82.855682 -72.999566 -95.685698 -93.427890 -70.848143 
-93.095228 -79.209216 -92.479885 -79.158037 -91.964981 -75.570083 -92.043410 -72.486934 -97.957991 -76.536904 -97.325232 -69.184581 
-93.461081 -68.956858 -92.396995 -86.967930 -92.236026 -78.750078 -91.976926 -70.905764 -74.314297 -76.586903 -72.716290 -69.771230 -80.960705 -70.504700 -70.480243 -70.354500 -95.997688 -96.488631 -79.789371 -80.086952 -71.523199 -80.621310 -82.452480 -97.084253 -69.427728 -78.022158 
-81.405598 -85.055914 -92.425611 -72.563172 -92.315756 -69.291900 -92.372539 -86.987203 -88.449548 -76.946651 -74.253261 -95.524976 -72.353470 -79.799137 -68.059948 -71.110098 -96.433855 
-92.487026 -73.990152 -92.296589 -73.060594 -77.078669 -73.314933 -92.489027 -87.772877 -89.805759 -80.163749 -84.050279 -70.076700 -69.131853 -69.113813 -77.189317 -69.902628 -95.240024 
-92.456933 -73.013570 -92.618138 -75.808304 -88.100057 -92.588174 -75.230797 -69.267808 -89.031374 -78.599348 -96.446497 -75.069675 -77.947627 -71.444530 -80.674697 -95.640148 -78.796547 
-92.890688 -73.899029 -76.214285 -87.964872 -70.917238 -92.581351 -76.483112 -73.829603 -89.382745 -88.051069 -92.451116 -95.821634 -76.822953 
-92.087576 -69.551221 -89.272076 -91.977859 -78.570212 -92.382404 -95.784852 -74.724984 -73.848998 -76.586909 -79.593140 -76.647312 -76.668029 -72.746462 -87.872033 -82.617157 -88.578700 -85.568220 -87.673012 -97.211106 
-92.449089 -73.230290 -88.675954 -87.902983 -77.061937 -93.158560 -91.694562 -92.362908 -73.158482 -88.611038 -76.750151 -73.557991 -76.420924 -75.891701 -76.645170 -79.898778 -72.183876 -88.171481 
-92.060345 -85.788138 -90.155798 -77.114651 -89.883070 -72.480021 -92.076273 -92.187927 -76.249056 -68.202433 -74.306897 -80.030286 -87.487836 -84.271464 -80.967687 -84.510941 
-90.880529 -78.275439 -90.900792 -76.172100 -87.907607 -73.501308 -92.202024 -92.253910 -74.670673 -77.541332 -79.315300 -96.896147 -95.384491 
-76.033312 -91.447099 -91.441279 -77.145436 -86.056850 -73.471122 -92.369490 -92.322994 -69.758355 -74.399034 -76.078678 -75.458091 -75.878767 -78.885473 -80.380912 -97.991928 
-75.801166 -76.219183 -91.697934 -74.566334 -91.450571 -74.198937 -92.491078 -92.522129 -84.239420 -74.341601 
-76.641214 -74.205760 -91.430536 -68.282155 -91.458757 -74.060102 -92.296541 -92.306587 -79.842410 -91.136023 -80.001841 -73.096390 
-78.458245 -76.287475 -91.206220 -75.690988 -77.007051 -73.568730 -92.443690 -78.009242 -92.220145 -90.979539 -69.271014 -92.185932 -76.873224 
-87.372610 -69.964401 -91.338596 -74.620897 -77.067062 -73.205104 -92.114486 -91.662914 -79.401348 -92.134980 -77.143859 -77.614649 -76.755266 -73.978587 -72.485754 -72.480249 
-92.121078 -89.587427 -90.481379 -87.632917 -76.788357 -74.475570 -92.203513 -91.512105 -76.724133 -68.560076 -71.587131 -97.785811 -96.041176 -73.604680 -71.274871 -69.516733 -88.592516 
-76.597469 -74.297805 -90.865178 -91.873099 -68.527499 -69.704005 -92.226910 -91.959688 -73.335555 -88.211155 -68.250020 -78.704483 -74.811036 -75.604385 
-75.792847 -93.260359 -89.515985 -92.136247 -74.791969 -88.520078 -92.152439 -92.516242 -69.658093 -76.050873 -74.932984 -71.399306 -95.751535 -70.630794 -88.745458 -83.976504 -82.995608 
-69.855763 -92.692815 -89.713376 -92.335453 -74.129265 -88.032473 -92.444381 -92.555263 -75.769893 -70.213782 -74.600757 -69.879326 
-87.638219 -92.475558 -89.331253 -71.693508 -74.458851 -76.699183 -77.276246 -74.085063 -76.810551 -97.373788 -73.696544 -71.681659 -92.523734 -70.066789 -92.239650 -79.540098 -70.031402 -69.497323 -75.556881 -79.117847 
-84.012585 -92.653215 -87.912202 -74.248517 -92.507887 -76.700289 -74.367827 -89.494121 -92.572253 -95.606155 
-92.618351 -92.623361 -87.317391 -74.346703 -92.534174 -75.156635 -74.336196 -88.459892 -70.658406 -73.059445 -74.055438 -96.644652 -68.096239 
-92.960343 -92.814816 -87.294672 -75.096714 -92.819367 -86.084678 -74.071855 -88.426666 -69.281032 -68.885656 -75.859618 -73.773593 -96.855718 -98.051150 -75.592888 
-92.657775 -92.590375 -87.417553 -76.454435 -92.581296 -76.793455 -69.830229 -88.796252 -70.349182 -73.099738 -74.462966 -78.992708 -95.904609 -96.268205 -78.560466 -76.437585 -81.457965 
-92.525008 -92.526944 -88.508267 -79.962928 -76.809441 -75.444098 -92.589297 -89.413616 -72.816397 -74.584387 -83.201773 -70.012535 -81.381732 -68.004789 -81.427643 
-92.573379 -92.383988 -88.280092 -76.708635 -79.120260 -79.911202 -92.460197 -88.844900 -73.761314 -73.561622 -69.529238 -79.314717 -75.979141 
-92.202018 -92.077342 -68.970869 -76.217670 -74.378403 -88.925988 -92.068569 -89.715766 -75.596179 -74.369983 -80.441580 -78.173729 -70.790394 
-92.201777 -92.055209 -74.130932 -75.363314 -70.434303 -70.267987 -92.399176 -89.850021 -74.278642 -87.887417 -77.052202 -87.118002 -69.512217 -84.123767 -87.091434 -79.164673 -83.505572 -80.092211 -80.553119 
-91.650085 -91.847488 -73.703911 -75.897689 -73.813437 -86.835237 -92.018210 -91.146927 -71.391841 -76.282791 -76.646752 -82.903174 
-75.654615 -91.911588 -70.249498 -73.751244 -86.896246 -78.904785 -92.179326 -91.487851 -70.039433 -76.845789 -86.735568 -91.837699 -86.423321 -82.657835 
-88.545427 -92.055238 -95.722606 -73.308785 -76.721085 -83.589953 -92.271910 -91.246987 -91.631367 -75.425462 -75.127808 -74.632364 -95.618665 -73.388888 -82.412357 -74.541076 
-88.432737 -73.734131 -72.958799 -75.680603 -75.709895 -91.726856 -91.950897 -89.430039 -91.551706 -70.045715 -84.767292 -82.435770 
-76.664765 -74.217423 -68.710654 -83.640354 -78.487052 -91.577305 -91.874798 -91.092166 -91.682384 -87.434434 -75.026180 -87.656596 -70.923735 -68.167641 -74.124939 -74.061019 -78.832693 -68.368302 -87.083342 -75.573008 -75.857586 -70.246649 -75.379758 -68.352620 
-69.138383 -90.388865 -69.755234 -73.354739 -76.830013 -91.627272 -92.046381 -71.530939 -92.040346 -79.509495 -88.104445 -74.573006 
-70.275257 -87.932614 -87.391435 -70.170657 -74.846628 -91.857855 -91.862556 -74.237995 -91.826750 -75.171507 -75.513153 -75.152697 -68.990268 -76.553289 -83.085165 -79.945364 -79.629205 -78.482514 -69.927216 -70.280430 -78.168611 -74.720076 -69.179539 -70.972003 
-73.790823 -89.615919 -74.582452 -75.188493 -75.041613 -91.630093 -91.350931 -91.656787 -91.877832 -88.757855 
-87.982591 -75.022918 -75.905215 -69.471933 -76.245948 -91.713671 -90.031151 -91.879751 -92.213120 -74.051646 -83.819447 -76.383609 -76.533266 
-91.897386 -70.475222 -69.482469 -73.318473 -76.951476 -92.008816 -90.062501 -91.887924 -69.615298 -88.185682 -69.558642 -76.611257 -88.394734 
-92.138349 -76.390645 -70.429284 -72.247652 -92.095929 -73.648416 -89.926580 -92.046004 -89.080989 -73.542211 -74.476010 -96.226217 -89.796331 -74.784031 -73.357674 
-91.879916 -72.556195 -75.736970 -75.425749 -91.866202 -75.144599 -90.613998 -91.053081 -88.925551 -74.180361 -68.606313 -90.956488 -73.170457 -97.406515 -70.569668 
-91.815986 -91.796542 -76.684445 -89.348720 -91.925625 -72.614357 -75.950103 -90.111372 -72.919968 -69.608638 -74.008952 -74.112694 -76.616578 -72.976717 -83.162040 -79.208545 
-92.216844 -92.232704 -73.628072 -89.499365 -92.223210 -74.159522 -86.678225 -87.106093 -76.928267 -76.217800 -84.442370 -74.123541 -68.804832 -71.257672 -80.776025 -72.882244 -81.060734 -97.615048 
-91.931142 -91.952058 -74.127824 -89.934856 -75.669510 -88.680247 -76.107495 -91.771274 -71.162473 -74.755960 -69.391547 
-91.753837 -91.798643 -73.027633 -90.384411 -70.364937 -75.365581 -89.129087 -91.633803 -78.472323 -76.723480 -97.018464 -76.056373 -97.132328 
-92.327530 -92.357216 -77.554254 -91.281598 -73.280216 -75.824411 -88.217141 -91.855741 -68.788270 -71.048113 -74.906116 -73.748926 -97.644263 -68.753394 -69.144878 -84.216867 
-92.116678 -91.649045 -70.065027 -91.564154 -69.176573 -76.104909 -73.094924 -92.009636 -76.697619 -87.678880 -74.796773 
-92.429257 -72.533004 -76.558796 -91.409046 -77.069630 -91.480413 -73.230643 -92.210937 -70.653263 -73.585051 -96.472652 -84.885342 -75.342925 -84.158532 -83.053097 
-92.426831 -73.639254 -77.091637 -91.401423 -74.827632 -91.359561 -95.971854 -92.355149 -88.493035 -73.980509 -70.151112 
-92.309359 -78.622714 -75.979234 -91.272917 -87.534837 -91.278788 -71.642018 -92.211890 -73.985953 -74.317056 -72.994398 -70.719428 -75.307230 -86.036928 
-92.041017 -82.384305 -82.403209 -91.421550 -68.280780 -91.417063 -74.012075 -92.269166 -76.645767 -77.992546 -78.018710 -85.310342 -74.745023 -79.742878 -79.326734 -68.510970 -79.604897 -83.407994 -96.114530 -79.537170 -81.091032 -80.180220 -81.539355 
-92.341121 -70.004088 -68.716221 -91.394757 -70.529135 -90.982457 -78.651559 -92.023429 -74.496268 -91.647650 -74.447346 -74.399470 -73.161232 -79.649266 
-92.697442 -76.758502 -72.678166 -91.258121 -81.043703 -91.194122 -83.913967 -92.005987 -75.491957 -92.630256 -70.035974 
-92.542086 -91.428556 -74.228320 -91.380562 -83.288415 -91.271543 -80.421362 -92.310910 -69.963581 -75.817432 -71.377398 -82.550108 -75.463424 -82.028478 -83.902361 -74.395621 -84.618924 -95.882782 -76.562312 -71.298247 -77.501616 -82.873840 -77.302309 -79.579493 -75.899975 -71.336993 
-92.367259 -91.860888 -75.550217 -91.831901 -75.524248 -76.145527 -86.919420 -92.181524 -76.469133 -83.072028 -73.975367 
-92.790980 -91.771129 -79.512544 -91.610981 -69.516833 -70.643919 -75.362639 -92.119566 -95.470171 -73.352783 -68.768213 -73.580184 -74.846148 -85.407749 -81.131572 -97.746123 -95.465984 -68.719620 -96.882397 -96.479330 -70.365203 
-73.356680 -92.005491 -69.694222 -91.797787 -76.043798 -73.728342 -75.623533 -92.099182 -69.379318 -87.120974 -92.689125 -69.668161 -75.935681 
-73.971309 -92.123012 -96.188607 -92.069295 -75.908012 -84.386122 -78.461085 -92.299827 -74.786560 -92.553443 -72.320535 -80.881091 -86.689654 -76.226002 -86.556786 -95.075544 -76.912275 
-95.676621 -92.586273 -86.325727 -92.066363 -75.878431 -93.137659 -70.233355 -92.233960 -69.854512 -74.099257 -75.670098 -71.001125 -76.957064 -76.108327 -81.440976 -80.811643 -74.197831 
-70.221460 -92.108857 -76.819287 -91.909150 -74.189198 -92.260739 -70.178617 -92.120259 -88.005988 -83.386511 -73.240133 -78.680742 -88.951376 -69.652659 -72.490957 -91.879955 
-88.817074 -92.117051 -76.388654 -68.353491 -74.593907 -92.043077 -89.679050 -91.757084 -82.015634 -73.614318 -81.485863 
-89.690216 -92.402629 -74.578849 -76.089405 -73.680369 -92.282440 -75.562260 -88.895857 -92.282322 -75.903188 -73.047943 -71.885084 -72.728066 -69.118822 -71.613365 
-89.617013 -91.891726 -73.842665 -92.082007 -91.993227 -92.057525 -75.789819 -88.221062 -75.069229 -73.817882 -71.858653 -69.706782 
-88.915015 -92.055859 -74.463538 -92.026429 -88.356786 -92.170610 -97.278090 -76.290643 -75.307108 -69.087418 -96.885825 -95.709762 
-78.101096 -92.610897 -70.192975 -92.764937 -87.390981 -92.291283 -75.570752 -74.441242 -76.015780 -93.029264 -68.876410 -88.821720 -74.994745 -76.732270 -70.683976 -73.745847 -72.646171 
-74.027828 -92.496639 -72.348803 -92.866374 -69.177588 -92.519004 -75.934686 -74.254952 -72.688989 -92.834910 -74.216722 -87.783062 -70.773209 -86.884424 -96.586308 -86.587090 -87.790922 -75.062734 -79.807410 -73.291797 -86.467098 
-88.426875 -92.413222 -89.038670 -74.258539 -92.488931 -92.420186 -74.122281 -76.568141 -78.453147 -76.324251 
-76.034608 -92.165179 -89.603061 -88.471691 -92.137034 -92.160400 -84.271741 -73.769903 -77.042714 -68.805946 -85.675007 -74.605827 -71.415168 -73.847313 -70.463231 
-75.750285 -92.167288 -90.694322 -75.530912 -91.605801 -92.404450 -78.389166 -90.355117 -79.059374 -74.461917 -95.986005 -96.588403 -96.796018 -96.975931 
-80.661744 -92.546115 -89.280978 -74.631343 -92.705720 -92.534965 -75.681001 -96.092171 -74.525316 -79.071629 -88.188783 -77.033318 -75.205255 -70.316211 -95.054958 
-85.851002 -92.451324 -73.833524 -79.871168 -92.538808 -92.438565 -76.915699 -88.931679 -88.787563 -76.403157 -69.504912 -74.083470 -80.177132 -72.598491 -71.078406 -69.723357 
-89.627208 -92.235255 -73.007836 -75.976094 -92.141848 -92.232780 -90.045765 -74.096281 -74.922966 -97.288581 -95.360595 -72.776671 -84.627976 -96.610689 -84.129505 -97.360152 -70.034981 
-88.226347 -92.248439 -73.993093 -76.402938 -92.246274 -73.600655 -88.518572 -92.303261 -76.145489 -97.638171 -80.391745 -75.724572 -95.700930 
-87.782505 -92.535726 -73.063034 -75.214124 -92.418152 -74.791023 -88.848298 -92.440034 -80.352967 -87.524490 -74.205304 -69.174323 -80.831568 -80.299971 
-87.756739 -92.912215 -89.065465 -75.986684 -92.749819 -97.799752 -75.530563 -92.566621 -95.925272 -69.520569 -74.772231 -93.364267 -73.630773 -70.054135 -69.646985 -97.000573 -96.653684 -82.128163 -97.731779 -68.371508 -84.210709 -88.091208 -97.173559 
-74.099998 -92.346168 -78.207899 -75.774403 -92.219042 -75.719059 -75.436726 -91.521815 -79.410072 -92.441439 -88.247054 -70.211093 -72.918491 -82.272297 -70.682567 -79.707593 -74.328011 -79.262370 -88.812728 -73.263296 -96.781545 
-75.842617 -92.314777 -74.265543 -72.940961 -91.719162 -79.400005 -75.466631 -74.083361 -89.077182 -92.438965 -70.424707 -87.183386 -73.141417 -91.417282 
-69.681843 -92.537337 -72.505076 -74.900135 -92.358622 -90.139753 -75.537837 -85.926818 -75.599431 -92.476832 -89.842036 -75.191267 -73.884762 -80.156498 -75.411770 -74.310399 -70.451180 -72.698242 -97.646659 -69.358194 
-87.927406 -97.013647 -74.255057 -82.375473 -91.407623 -96.048250 -75.852794 -68.177426 -75.680867 -92.809810 -76.423408 -92.341215 -72.306788 -83.655177 -89.621809 -96.114899 -77.959083 -86.166694 -75.047863 -79.351598 -87.914142 -92.179915 -91.465687 -84.893822 -72.948877 -88.531703 -73.144824 
-76.454289 -91.888592 -87.762714 -89.030679 -92.045556 -69.116153 -73.565343 -72.450773 -70.156889 -92.392981 -73.641938 -74.515818 -92.177462 -79.696543 -68.747254 
-87.531681 -92.120651 -71.134910 -89.577411 -80.472807 -97.789458 -73.732310 -92.303929 -75.044923 -74.575745 -86.572383 -88.094943 -74.036932 -76.216042 -92.026196 -72.455548 -76.605614 -96.691079 -69.480004 
-84.010510 -92.282317 -95.231459 -89.392337 -92.135762 -88.632372 -73.807513 -92.404185 -76.326040 -78.966475 -96.010343 -73.987609 -68.994379 -69.431902 -68.978604 -95.942722 
-75.919304 -92.450819 -74.630844 -79.123798 -92.404658 -88.229528 -73.631502 -92.432702 -88.467653 -88.122287 -76.773401 -74.928240 -84.604511 -88.189394 -88.315862 
-76.583713 -92.849118 -88.210792 -73.291273 -92.854664 -88.792277 -74.334532 -92.955263 -74.167827 -73.703699 -79.017900 -79.106357 
-75.867980 -92.862857 -72.057258 -79.560455 -92.937784 -88.287273 -92.806320 -78.672302 -74.379826 -68.933236 -87.385346 -77.636963 -74.730234 -71.954237 -77.982112 -70.635509 -69.796466 -75.975425 -75.482267 -75.521375 -76.098934 -74.673628 
-70.519485 -92.897296 -87.395089 -74.407004 -92.742728 -88.624727 -92.894429 -75.714115 -73.692723 -75.986692 -68.060495 
-73.556993 -93.205816 -88.098980 -93.200099 -73.815307 -88.621377 -93.240937 -76.701271 -76.567057 -76.481581 -75.336422 -95.998954 -84.353712 -75.393717 
-73.457950 -93.226050 -87.859149 -93.299311 -76.029369 -88.282562 -93.310755 -76.624722 -74.110087 -68.701105 -80.072772 -72.639358 -70.492909 -80.059507 -71.325770 -78.256036 
