26.576196 29.079917 26.751039 29.221137 28.196413 23.674035 28.442442 30.865120 34.104992 24.658194 29.699303 
28.593812 29.775499 27.348245 38.081637 27.555847 30.029168 26.148750 40.482948 34.844914 43.012126 28.705091 42.903238 28.180839 43.327258 30.423521 28.880408 42.491562 29.749711 30.980955 42.501790 28.147343 30.572102 27.458294 27.999657 24.751611 42.664086 28.093104 26.231626 
24.727745 35.670905 28.493452 29.589009 29.940968 28.426843 38.644115 28.967724 42.422134 26.830190 26.366062 27.705097 25.230913 30.736162 29.471444 35.927695 38.754302 25.901027 32.036161 29.848837 
34.054687 32.699061 25.584612 40.635981 27.589743 24.961864 32.961918 29.383244 29.736181 29.627490 27.610605 42.599021 26.501237 29.679044 
37.111294 27.424973 25.177381 28.008901 28.327121 28.124041 43.216423 24.294935 28.218395 40.969309 29.654637 
39.839788 28.807094 29.191127 30.367419 29.054067 37.131690 34.220966 43.998610 30.629926 36.073591 30.601872 28.341956 24.896530 30.819479 42.391292 41.992339 33.629855 23.947743 
28.281218 33.417925 39.218842 29.012307 30.498186 41.757854 30.138412 31.525907 24.807265 37.975419 40.036148 37.894428 38.665598 39.744255 28.036977 37.686728 
41.561443 38.779640 39.347408 28.641173 30.099233 30.193088 25.910536 30.329327 31.178612 31.499416 30.837193 26.010131 31.901582 26.751207 43.289955 33.342204 25.065987 
29.442476 30.692194 38.663037 27.899284 28.019019 27.165731 39.550946 26.755429 30.807160 27.092095 27.258914 29.856363 24.665579 32.425160 43.568802 32.030596 37.067057 25.702456 29.990351 40.634502 28.610586 29.226176 41.044781 39.305117 35.553830 28.852288 28.185448 30.761615 41.610575 25.707036 24.022311 26.115720 30.243156 25.342250 
28.076865 37.172581 25.780832 30.144523 28.441854 25.984225 29.607764 25.463651 29.410860 44.302479 24.929245 30.052261 27.304874 36.833470 36.692288 30.640432 27.431481 29.174553 28.863399 30.024314 
25.679517 25.319399 28.409735 25.597896 28.199091 28.818156 29.397851 43.145940 40.066849 40.124037 38.777148 40.985519 29.415732 25.649460 27.966167 28.269452 
25.822566 39.163163 32.984877 28.697974 39.983081 28.577063 30.506256 23.650992 28.195516 27.299218 25.933101 24.996456 42.836019 29.594998 42.254890 24.896017 29.291219 28.681265 40.081587 25.223996 33.247004 
27.739402 40.650127 25.845131 31.308691 28.563918 30.722515 34.943199 38.660400 29.889483 32.347002 26.356756 30.641366 29.640805 37.477505 
31.985166 41.005795 40.959181 43.467129 29.136774 27.862316 29.543420 30.309384 29.576278 
29.160937 37.879498 24.058658 28.416027 43.527147 40.579243 27.270034 27.612555 29.485610 29.839104 43.107668 29.369301 29.800537 26.016504 28.840728 30.127068 26.382515 27.552254 41.226309 29.184999 25.627418 39.509516 29.182897 
29.722715 29.676390 28.383569 30.919366 29.202209 29.270566 25.856308 34.980634 29.891604 23.988488 39.362679 28.426618 29.423550 25.000344 29.390489 26.667550 
28.284499 38.320175 28.845995 25.757476 28.228363 26.841476 23.620925 29.861731 26.182350 28.892396 28.781580 26.881453 37.528191 29.769053 29.816708 29.678213 30.292478 28.466888 26.051860 23.833963 
37.500103 39.091236 42.311256 26.411139 28.929188 40.899377 26.671038 43.084165 28.207113 25.098957 44.257180 40.945867 39.961593 29.825318 42.297657 28.577453 28.286651 40.869954 30.104094 25.167782 26.290103 34.077803 24.932533 37.332282 38.733121 38.816510 23.942034 29.326290 
26.234064 28.612888 30.898595 27.180120 43.454178 40.523562 35.073015 29.636572 29.709322 24.707184 34.970863 28.356579 25.482702 39.457449 30.645063 28.968159 30.221811 36.905424 40.148191 
28.196310 30.490111 30.609317 33.381122 39.712294 29.824378 28.451369 41.387037 24.777246 31.525970 30.395505 24.566490 28.882527 39.619053 
28.183433 27.302261 24.904482 28.939814 28.532157 28.332438 32.430795 30.436509 40.097314 28.304572 28.668460 27.215436 25.447457 40.668845 25.750409 30.839863 31.395267 28.119129 29.221688 
26.155476 27.852572 40.137765 28.455616 36.846220 30.348715 28.709330 40.403607 
29.083391 39.782829 28.112965 32.393412 39.021026 41.930779 29.364381 41.052956 32.499440 23.957209 
24.723260 38.801068 36.530905 29.685699 41.207488 28.282281 26.985129 28.919915 34.985020 28.312989 38.303645 30.778883 29.691301 27.702126 24.933948 30.714897 24.142267 26.846718 27.310566 31.422951 28.414147 30.789056 31.163444 31.307442 36.903379 37.543087 37.785507 26.252445 23.829844 30.285557 
34.398363 36.407578 29.629598 30.728317 44.110047 29.501608 26.704948 28.303827 28.948217 26.400500 41.744028 27.401653 24.506428 32.669950 26.336224 41.367011 
25.257199 25.222677 28.585453 40.721076 28.847818 38.522505 30.022881 32.079448 34.173533 40.229437 28.241369 32.668547 
41.545981 30.926152 33.315902 40.677733 33.040965 39.509041 25.290684 38.265776 24.054664 27.631546 28.688847 38.792048 34.648808 40.279511 28.521160 33.983465 
43.141222 29.870784 42.307975 25.881631 27.052521 28.140904 29.855517 28.721666 31.817675 29.559357 30.730739 33.024643 24.675672 41.650350 28.698419 25.853921 31.082210 27.820373 37.197141 27.109455 28.429536 29.499839 31.074277 39.455349 33.730730 26.204275 42.822945 28.450008 26.168201 29.420365 29.238240 40.413381 26.368846 33.098372 40.323301 23.863655 31.741051 
39.461387 29.353335 28.574230 25.380122 30.059007 29.532065 37.521481 33.418723 30.883756 28.845822 39.955223 29.006789 39.471487 30.568593 27.801322 29.504475 41.620640 43.318653 28.905240 39.753111 29.170345 
30.163461 42.723603 29.922304 27.820561 25.176452 39.316115 34.938810 32.862040 24.173399 38.160476 33.999560 29.028683 26.811745 25.458224 29.825922 28.172710 24.114357 35.447129 28.720635 33.287152 28.015344 30.323096 24.213153 30.117539 
27.542702 37.199253 29.204154 40.232609 38.371326 25.328605 29.942754 36.302992 24.988378 28.952803 27.999505 29.038276 27.156075 40.096907 29.406893 27.957746 38.978345 30.995517 28.750308 41.709477 39.438680 35.313912 36.485424 25.586957 29.184931 
31.929843 24.501475 30.397959 29.044050 29.001285 30.472892 29.844238 27.640083 25.526084 38.558854 42.439440 30.211608 31.523265 40.164858 34.489051 41.582843 30.118995 27.128209 
43.428445 36.702713 26.491163 29.440297 26.916503 30.010034 30.067530 25.461675 27.314034 26.287229 26.012041 
30.788076 28.855577 25.469662 26.659448 36.733502 29.697660 40.651317 38.231477 43.654804 26.255557 26.266458 28.098112 28.366805 43.790669 28.997907 26.929305 25.694299 39.857198 29.297351 27.129177 
30.095869 39.637793 38.091489 29.435592 24.210873 29.642690 32.432967 26.489049 26.681865 29.642864 24.015930 25.545544 30.407438 29.231497 38.325505 25.765799 38.786080 28.642416 42.178718 28.604994 31.189943 39.545742 29.618154 41.501627 36.093463 23.976328 35.908796 28.146328 41.499659 28.107924 40.745516 29.244077 27.787418 25.119612 26.850264 30.465514 24.938853 29.187885 
38.939325 40.428025 23.792143 26.511171 24.940516 26.451578 28.628198 33.680012 39.858916 30.090845 32.608719 40.965996 38.728323 24.705169 28.588117 28.368664 31.672513 23.705790 29.160041 29.600160 28.242130 31.777204 42.504605 30.271787 42.162256 26.975613 
29.385779 28.218992 39.588129 28.324741 38.985409 39.206303 30.989144 31.422327 39.976302 27.871153 33.045357 25.916229 28.211893 26.109369 24.332775 27.891505 
28.206867 30.388822 28.585658 39.666041 28.234751 30.137480 41.970771 29.722951 25.552107 27.719387 23.988111 25.245640 28.582756 27.423858 39.802041 29.740284 25.041343 44.136729 42.849077 26.145225 
28.584068 27.578867 24.052690 40.898421 29.407072 38.890190 41.438242 28.753388 40.741609 41.142840 29.831964 33.619139 41.163570 24.143402 28.840571 
27.534586 29.286486 36.984196 41.939234 28.785827 32.410009 27.186351 41.678175 33.792165 31.489249 29.133233 29.677148 24.863804 31.361890 36.831584 28.160704 27.121143 30.046261 
35.094666 29.857976 38.609024 27.956193 24.242865 30.656968 36.942189 33.140826 28.456572 27.689236 28.938376 30.045016 28.635510 25.354388 44.232297 39.333491 40.752936 33.630280 29.602683 30.347660 29.940806 43.439468 32.150974 29.854740 28.928773 25.184985 30.989168 28.311338 42.764063 32.606723 27.067498 
42.655331 35.807255 33.010394 41.673944 32.017593 29.023587 32.910959 29.532611 39.174400 30.418973 41.666325 28.259612 38.566393 33.287143 37.306022 28.670341 34.834733 41.099288 26.647975 
27.957230 42.233018 29.296382 26.711964 28.298088 33.854201 30.640338 37.024325 29.999947 34.877925 34.397868 25.254804 25.880233 27.303661 42.267707 42.185806 34.704518 28.488278 24.838895 33.215478 
28.555468 39.671162 43.347993 29.280759 40.978178 28.295013 28.332049 28.443243 28.699931 27.701602 38.895178 27.817577 28.797984 28.774625 29.383336 33.773784 41.200264 24.222824 26.014803 24.418832 28.814594 27.049343 35.478252 28.791322 34.461485 27.579417 29.549169 41.384118 26.107903 
25.026773 30.501294 30.115014 38.692543 33.173039 27.340989 
28.750023 43.279755 37.902567 37.744236 33.074409 29.611433 26.743136 29.802860 37.553674 24.693411 28.701737 30.069614 25.151807 29.107819 29.541766 32.078927 34.122588 
28.443833 39.966769 38.365100 44.083431 39.120186 36.704678 27.282194 28.555040 25.715225 26.296427 29.790756 23.674404 32.806432 39.470616 42.079942 25.523528 25.737057 24.266485 29.844003 30.326422 43.270464 33.705577 
36.784545 36.921638 28.490021 25.869845 33.685910 29.192519 28.499472 37.377172 29.182069 30.498080 26.034744 25.259043 24.848722 29.941656 27.843667 29.140580 26.085327 29.729111 26.524762 26.259705 29.391683 
28.502728 27.908051 28.285349 37.825594 34.539772 29.290694 35.774220 30.567865 37.958345 28.406752 29.178410 30.179411 28.814867 39.513550 37.036105 25.132461 28.332365 39.901515 27.820091 33.907376 39.523661 34.954756 24.608162 25.594049 32.252733 34.634164 24.954669 36.856510 28.579794 25.533390 28.350738 25.151186 26.957560 
41.935464 29.664850 28.169100 39.457021 27.586808 28.263838 29.309066 29.528608 43.085065 24.643801 30.478891 28.957115 24.357627 41.403863 
27.490811 26.132866 29.448371 37.524449 42.543284 29.802113 40.229608 38.005972 34.836079 26.469129 32.548984 26.512192 29.924257 
38.577438 33.334892 28.576813 31.299265 30.754316 28.435728 35.124607 28.410805 25.381530 25.813134 38.897020 43.390464 26.134893 28.515439 26.417719 29.016325 25.399743 38.212935 26.950402 41.470668 34.703096 
26.607865 29.407371 37.096094 40.264799 42.026910 26.117317 
29.595980 38.642207 24.203583 41.393409 28.097154 28.160497 25.699830 30.340941 26.375794 40.613683 39.083381 28.936845 28.367860 38.247024 25.831990 25.014614 34.239559 29.320394 27.259314 
28.899315 31.504254 37.582235 27.556836 34.780831 42.260621 24.758029 42.255659 28.466950 26.029369 28.471908 34.435609 
28.707594 28.206248 38.485377 25.935344 28.627390 36.310815 28.770485 27.037180 29.353558 29.440845 33.325998 29.286655 32.560398 30.220154 40.881412 29.590307 27.712186 29.742969 36.390074 26.585987 44.460102 
25.946824 39.428964 41.444856 25.440682 28.109694 41.205093 27.548246 30.820862 26.894757 
30.422809 34.978944 30.044046 41.513905 40.934829 27.878818 29.103330 34.546019 34.129211 25.443658 30.321144 28.252427 28.514034 29.840674 26.815631 28.112577 25.679630 29.194084 33.141237 
28.547915 33.507001 38.123833 27.541454 29.255016 24.690970 35.932701 29.030185 28.375011 29.335695 28.286545 27.802314 32.513523 28.251946 42.627299 27.971471 30.884195 27.316497 33.128377 
30.894968 32.689297 28.355552 25.757975 38.721983 40.998213 39.095936 28.909193 28.129968 43.936870 30.732502 27.282734 36.500307 33.617950 23.912791 35.641071 35.207232 28.664721 
27.786785 29.455413 29.006865 38.584293 29.569398 43.776453 25.776423 27.261173 26.169606 44.345801 41.334187 27.057996 27.640092 33.921531 38.962693 27.248964 40.756594 43.518487 41.794107 29.063739 29.631496 27.417996 34.332961 24.437297 30.811357 27.186270 28.249319 40.272609 30.553094 36.931848 30.393890 34.152605 
41.066359 30.433259 27.345455 28.425184 35.521616 30.620570 25.881533 43.688671 25.082232 28.461083 25.450123 38.298732 31.122655 28.263025 28.765493 26.184725 26.233820 40.084099 39.724650 
29.520243 27.255428 28.466306 28.810144 40.417683 25.501403 38.013047 31.706791 28.081578 33.371801 32.503717 29.481464 39.880669 37.899495 25.399571 
43.429515 39.067804 38.918210 30.669887 40.585043 40.330398 27.659384 44.437850 24.527534 28.721855 
30.563587 27.190404 40.983044 26.597171 39.848825 38.001312 23.938284 29.513918 29.562858 28.543578 26.491074 29.778384 27.736711 26.310756 25.702553 26.213356 30.469308 28.965705 25.043268 26.878383 
41.016250 29.147445 44.488756 33.181703 43.750053 39.486315 28.838496 29.773553 28.001135 38.731959 42.913033 28.935503 29.951374 30.974723 29.411299 30.062867 29.031211 33.257909 31.089348 27.360130 26.090009 31.798720 25.972110 30.749330 29.439123 
29.023374 25.895922 25.559323 30.179011 42.745878 41.330232 33.495963 29.724568 38.356366 40.051954 26.275255 30.757712 39.267464 25.783733 27.547398 
29.412769 35.157729 42.860908 42.494916 41.989729 31.787394 44.366536 28.079913 
36.607839 24.151808 30.840313 43.645294 40.862171 27.898763 30.429067 
30.122140 30.480478 42.450216 42.760187 28.063876 35.591528 27.695046 31.701814 
28.675874 38.029974 27.134826 43.496624 30.500138 28.518051 38.034897 29.127680 40.730203 32.266806 24.887309 35.126081 26.657789 31.958196 33.763141 29.588533 26.025587 40.797747 33.910946 29.031784 
40.330555 38.894511 33.277872 43.479868 40.715315 31.581446 28.520297 26.788692 26.209746 29.642527 40.855255 33.990644 42.720448 30.761641 43.033970 30.845090 32.657122 27.493204 
29.686096 31.312971 27.025716 28.564551 28.655056 29.505381 30.616461 25.986376 30.156507 
29.263879 33.649268 30.171405 44.026212 30.290541 26.985555 23.981783 28.888435 26.226053 43.924434 39.031608 28.634600 34.466789 29.539093 23.874666 27.418503 30.282374 37.587875 
30.429056 43.887857 28.863864 27.657297 39.738228 32.307674 27.537606 42.151461 27.562835 42.839160 28.096523 28.266406 43.784330 29.086626 27.172967 28.301873 28.398425 28.787322 40.598602 
25.468325 27.887945 25.265416 28.602780 39.943239 29.247754 30.196956 25.854095 40.452544 44.016371 38.503666 32.080165 28.188125 41.112515 24.361628 39.999760 29.178697 40.231125 37.181455 36.414572 29.418419 28.287170 
30.091710 43.829599 28.259086 35.810473 40.423602 27.741789 28.112883 30.285179 38.551913 31.983594 28.775682 30.661505 27.522693 31.513097 30.670701 27.846340 28.408878 
28.409832 28.605962 34.243796 37.609791 30.830283 42.099203 24.660018 25.011757 30.186203 26.948684 29.944807 26.732028 29.856503 26.113130 24.907742 34.059303 33.200711 30.412040 41.381212 
29.861181 40.829803 27.443089 42.216189 28.504092 27.908425 28.678768 28.275182 28.953111 29.018824 25.110268 30.564119 27.824760 
37.213420 42.142553 36.275912 28.526480 38.555888 27.251863 28.621394 30.298211 26.857631 24.499686 28.727506 41.361728 38.767303 29.960302 28.942733 
29.923772 42.226018 27.451024 29.657443 38.718631 29.352104 26.458274 33.931975 41.540697 29.964230 40.137097 25.332586 39.653236 29.530785 31.582707 40.960885 42.053724 34.008013 
32.504437 29.674866 41.774887 28.988593 28.710018 26.138189 36.085432 40.596264 25.986096 29.790902 26.775146 28.111559 27.086755 37.693991 39.836532 24.964859 38.624893 25.456979 27.144481 29.551294 29.039945 28.851131 32.246421 37.449840 26.645188 29.318959 
23.671468 44.087021 34.838993 25.952900 43.738293 28.944753 28.735026 28.145196 24.012862 42.214960 43.842174 42.489585 42.714227 32.173170 39.131887 25.962989 33.825056 26.892127 40.579504 35.176705 29.150966 29.019320 32.316723 24.893227 36.773844 34.908309 29.231325 28.891057 34.108437 
38.292684 28.312015 25.919304 41.201291 39.653084 24.610042 39.191801 30.864041 29.409326 39.692274 33.639088 29.749957 29.242156 44.254863 44.063454 40.547821 23.639048 33.157401 26.558951 40.155023 28.768741 44.380043 42.136843 32.263693 25.186689 28.839323 29.819880 
41.170820 29.225728 26.200244 28.383061 28.790717 23.826077 29.713985 28.741398 38.215323 29.617482 40.960852 25.179113 
39.148673 29.357358 26.216647 28.302399 44.172229 27.445804 43.208293 28.160210 25.695750 39.231489 25.820917 28.266643 
39.492682 28.789110 30.218518 29.206437 30.029801 33.551561 42.206734 34.339898 40.711536 28.276493 26.141905 28.870214 25.839877 28.839788 30.352336 40.387344 27.462223 25.909170 25.066675 33.124687 42.201149 
31.080814 27.449528 28.754321 41.848863 29.025234 39.355192 30.212226 32.235654 28.066510 32.562498 28.478885 30.270814 28.674481 29.860638 24.617584 31.761433 28.048241 28.810733 33.614657 25.608152 
37.282936 38.043113 26.353733 43.229673 29.860711 32.521419 24.994345 35.960009 33.024387 42.375728 28.153709 28.952454 32.455527 29.375042 33.049397 35.705345 28.335085 29.099235 33.269095 40.602228 30.286126 29.850544 26.172725 31.843915 25.743049 26.085145 28.914315 29.942107 
36.554242 44.402192 39.139234 35.850330 27.345408 24.428694 40.359829 24.739842 26.277412 29.610466 28.445301 29.546051 26.425825 31.157526 29.397314 29.063351 40.949225 38.604873 39.009030 28.052978 24.275620 33.751114 37.297974 38.507484 37.082469 25.596053 38.287579 27.275362 32.611326 24.551644 27.755468 28.120480 24.800409 28.250887 23.856493 32.313842 29.634093 28.106771 24.108587 37.881579 
23.741723 41.793211 37.846793 29.315715 28.013766 32.607458 40.704912 28.269705 27.656251 26.127121 28.746448 29.024064 29.368863 31.151800 30.697457 30.807008 28.650922 41.990136 25.446623 41.176093 30.050665 
37.760070 29.492747 26.462806 29.744951 34.350531 33.860970 31.816559 28.938162 41.680491 30.156929 30.243703 27.024373 23.986758 28.460591 39.710898 40.788391 25.958976 
29.032248 41.973579 42.240702 27.830762 30.659225 24.279260 28.715449 30.306724 40.928667 28.926378 41.154764 27.439043 28.231266 29.475554 39.037557 34.137078 28.026042 28.832293 29.647192 33.452797 26.494319 28.454421 28.965132 
29.129280 26.266298 29.610012 25.973895 33.072781 42.885575 27.574976 27.923371 29.492912 28.425076 37.666773 30.297660 25.235817 33.898265 39.938922 33.204983 33.583044 28.019437 30.152502 28.010261 35.096287 29.571399 
26.420832 29.771468 27.849376 32.067640 39.155107 30.601062 43.359867 30.067311 33.668714 27.274812 30.007244 33.236927 25.900114 29.026900 33.200565 
25.199207 36.954353 24.816533 34.709165 29.315362 27.257483 43.580795 26.723055 42.040093 28.991168 32.302488 41.683911 32.713118 28.539600 41.171280 24.161106 33.340037 34.220818 33.155964 26.945628 28.558388 24.397677 26.548561 29.509136 
25.547272 41.748402 29.733794 37.394465 44.534753 29.947157 27.758734 26.191330 36.301820 37.822935 28.719241 26.143672 29.800114 41.080468 32.035717 33.408038 43.459892 27.865385 41.146045 29.786194 40.863297 28.587096 24.183959 28.867680 26.657323 39.684825 42.692129 
34.129757 39.588275 29.583406 30.223492 40.439748 31.803343 27.042739 44.342261 29.962906 39.041432 24.686125 30.688528 29.885326 29.010939 29.421722 28.912869 26.687731 41.573174 28.137947 39.944658 41.798673 27.316484 41.236358 30.394425 
42.289999 30.685488 40.415307 30.084874 31.325348 29.012091 25.090860 26.618432 29.508481 28.343139 28.359204 32.788055 25.264815 
26.878411 30.010442 29.904137 29.001538 31.608073 35.400221 29.343825 38.471493 39.149456 24.557465 40.331170 29.553369 40.028280 30.453826 29.644095 29.431627 39.646216 
