1.165941 2.244914
1.176649 3.141351
1.242286 2.224238
1.121669 1.382584
1.120256 2.685652
1.297246 1.615045
1.385983 1.462950
1.259452 2.085166
1.336703 2.980239
1.232776 3.809452
1.362017 4.570704
1.188298 1.070198
1.097179 2.814805
1.014350 1.830583
1.381989 1.484483
1.301868 1.990718
1.174939 2.224837
1.107898 2.634048
1.333205 3.737637
1.351050 1.966474
1.363891 2.124866
1.219545 3.881640
1.285311 1.880576
1.190105 2.523630
1.354886 1.541462
1.317471 3.152619
1.200918 1.186046
1.182347 1.378093
1.161875 1.491300
1.247056 4.513734
1.238564 2.847828
1.087841 1.846961
1.164488 1.242526
1.162077 4.238599
1.088484 3.095177
1.036756 3.892200
1.068884 1.743396
1.113023 3.503537
1.188144 4.074979
1.147636 1.829643
1.312412 1.333242
1.333218 2.277183
1.203970 1.854194
1.139626 1.664941
0.931137 1.958607
1.188960 1.285012
1.231442 3.369989
1.384606 2.582527
1.197790 3.487191
1.250573 3.149326
1.239840 2.840246
1.275042 2.431872
0.995550 1.271957
1.326161 3.176906
0.954766 2.280021
1.132697 1.888979
1.442309 3.032148
1.340713 1.839292
1.291168 2.490921
1.455216 2.717238
1.191430 1.603961
1.366551 1.298886
1.193452 1.632525
1.329694 2.822485
1.142373 4.869192
1.316422 1.679851
1.250620 1.340131
1.334395 1.019957
1.214228 2.259960
1.183809 2.274952
1.417251 3.178259
1.248007 1.511561
1.243752 2.563860
1.032848 1.574627
1.029105 1.744388
1.094074 2.222456
1.032397 2.584214
1.217599 1.932109
1.180708 2.125681
1.277546 1.444997
1.169561 2.972837
1.285025 1.406896
1.277731 2.452289
0.977999 2.363112
1.162195 2.393455
1.129442 1.960763
1.113680 1.253932
1.209449 1.468732
1.323297 1.875506
1.300600 2.856941
1.234500 1.504530
1.278392 1.136562
1.306477 1.277764
1.087151 1.761094
1.138199 1.950479
1.171024 1.411289
1.222103 2.049552
1.100295 2.927758
1.275658 2.318464
1.155381 2.974233
