-95.729381 -91.663249 -82.502173 -89.427632 -93.336032 -80.555249 -88.009928 -90.463681 -76.610140 -79.795517 -83.483290 
-89.046394 -93.475659 -78.370938 -77.082707 -96.502091 -88.802475 -79.263932 -69.376714 -75.107587 -70.539177 -79.831371 -70.757462 -93.265448 -69.011260 -90.092696 -83.433409 -68.577311 -94.011339 -79.937296 -69.699149 -94.269366 -79.967141 -84.272407 -83.054834 -81.683019 -68.578885 -79.571265 -78.562883 
-80.070702 -75.367971 -89.704032 -80.786406 -93.177626 -88.920217 -73.827243 -93.293493 -70.232978 -79.503996 -83.626273 -96.039526 -80.641685 -81.073726 -86.844628 -75.323409 -73.930705 -82.800865 -80.963198 -86.042913 
-74.674436 -77.036587 -78.817207 -68.868819 -97.176873 -78.822507 -78.411133 -92.903379 -92.389917 -86.232792 -97.427888 -69.732143 -78.592795 -88.197551 
-73.532443 -80.103147 -80.612293 -83.674798 -79.860825 -89.686789 -69.996647 -80.160595 -79.912111 -71.259392 -89.332006 
-69.021673 -88.389449 -88.608139 -86.646693 -91.969888 -76.866625 -74.752555 -68.745965 -79.900607 -75.586316 -91.974117 -87.975335 -81.267476 -92.967982 -70.443542 -68.439946 -75.700015 -80.221327 
-87.370059 -76.374373 -75.667253 -94.363829 -88.291032 -69.758612 -85.585904 -81.026112 -79.195192 -76.601061 -73.209410 -74.514753 -73.513549 -71.202465 -96.817628 -73.604017 
-71.490992 -73.275619 -75.794758 -96.254426 -85.877912 -93.809096 -83.953143 -90.432959 -80.050575 -80.899248 -80.052000 -79.636334 -80.929767 -77.986937 -69.249045 -75.218767 -83.203442 
-85.745489 -92.945921 -75.669929 -94.584610 -95.717092 -84.627941 -72.410746 -96.273964 -90.740360 -80.036196 -84.547483 -93.424701 -78.632658 -77.335968 -69.312158 -80.593103 -74.099412 -81.572518 -92.363678 -69.695540 -87.496820 -79.504833 -72.974418 -70.601092 -74.100743 -84.578280 -96.977342 -81.452685 -68.729432 -81.917479 -78.915589 -83.675437 -86.958798 -79.587611 
-84.016874 -76.375334 -83.731196 -89.528166 -86.824657 -81.814096 -91.344279 -78.300881 -93.436785 -68.789476 -79.636946 -94.312416 -77.871178 -76.461886 -76.467379 -93.250884 -78.638598 -90.190352 -92.461263 -88.812018 
-95.684204 -97.279922 -91.721093 -82.179257 -93.168625 -86.040861 -84.815770 -68.660264 -72.764100 -72.866981 -73.741516 -70.915937 -85.676888 -80.099220 -95.427631 -86.899744 
-97.737494 -72.487432 -76.997040 -79.223524 -72.174685 -83.276317 -89.110410 -80.181417 -90.537431 -96.960227 -96.469750 -80.300202 -68.754612 -94.971796 -68.194223 -81.426475 -79.778749 -88.172156 -71.793788 -82.420203 -78.609413 
-94.724623 -68.880054 -82.080525 -81.139493 -84.782881 -92.269385 -76.713620 -72.186667 -90.755497 -77.401214 -77.963372 -92.700122 -89.752395 -77.011730 
-78.560929 -70.216704 -73.409560 -69.669319 -89.719853 -79.002997 -88.590356 -87.273640 -87.035947 
-89.366751 -76.991627 -80.528850 -86.171476 -69.519698 -72.109204 -83.439134 -95.086706 -81.210737 -92.190979 -69.643137 -90.101452 -90.125680 -82.456297 -83.281451 -86.183217 -96.003848 -82.616396 -69.471286 -86.201773 -83.360742 -71.002634 -84.749961 
-89.406843 -93.705940 -80.594519 -80.627680 -87.209895 -88.839405 -98.094286 -76.692319 -93.245109 -83.253452 -70.337097 -80.548256 -93.098814 -81.189043 -88.894951 -82.816580 
-86.626225 -76.615688 -80.871051 -96.266762 -95.674523 -97.218957 -79.187322 -85.786325 -96.870829 -93.921998 -87.216970 -79.271965 -74.211022 -88.248886 -81.237999 -88.807769 -85.939602 -95.989932 -96.891440 -79.756871 
-73.776713 -75.051080 -68.568984 -83.992965 -92.873193 -70.501345 -96.514501 -68.784629 -96.261914 -79.295665 -69.986956 -71.451963 -69.006549 -93.286650 -68.993163 -84.441936 -78.934758 -72.151475 -89.634588 -80.376577 -78.923527 -75.391116 -79.394415 -73.445961 -72.189329 -73.674610 -82.151224 -92.600621 
-97.469913 -86.459988 -91.943559 -96.991766 -68.604366 -69.009067 -75.949478 -95.007308 -89.074149 -79.316071 -76.187160 -90.889891 -83.080200 -76.108706 -89.784599 -88.103170 -88.936882 -75.071608 -70.173371 
-96.593448 -89.989588 -79.608020 -79.250102 -72.854553 -87.143736 -92.965114 -70.476011 -80.526393 -78.726687 -80.783473 -78.727521 -84.249498 -71.457355 
-89.460579 -95.258838 -81.386731 -90.109939 -92.961844 -95.924830 -78.081700 -80.470180 -72.141691 -93.028797 -90.344513 -95.032392 -79.789610 -71.227211 -78.415844 -90.554274 -80.573826 -87.816918 -83.505795 
-81.648394 -96.245354 -70.036836 -95.634931 -76.046259 -87.807672 -79.679078 -71.718598 
-86.218961 -71.891077 -89.349434 -79.008430 -72.020993 -69.923634 -87.079606 -69.911184 -79.525153 -80.441071 
-79.463217 -73.127914 -75.994189 -95.070904 -71.191948 -88.172410 -97.996934 -91.337455 -74.402529 -89.017149 -75.027793 -81.388877 -85.050572 -96.264675 -80.060159 -91.827835 -78.508559 -82.679571 -95.892969 -78.650492 -86.101829 -79.988188 -78.759534 -78.724036 -76.688927 -74.762651 -75.857217 -79.918750 -81.006934 -88.070722 
-75.550226 -76.200408 -94.267876 -93.009452 -69.536316 -86.978778 -97.378619 -88.105445 -84.603065 -82.121459 -68.620149 -79.584069 -81.914300 -78.302715 -83.966619 -68.568119 
-81.292311 -83.701577 -90.355653 -70.154337 -89.848785 -76.579618 -91.477795 -78.166577 -75.285524 -70.414436 -86.914479 -79.854515 
-70.635754 -93.906064 -79.263084 -71.732068 -78.676797 -69.472696 -78.168955 -73.171509 -82.893329 -97.434652 -86.778642 -75.687610 -74.915760 -70.894352 -89.235493 -76.460648 
-68.748606 -87.510818 -69.812260 -82.072180 -96.660365 -80.512545 -84.329543 -93.721472 -80.038326 -88.826267 -80.796871 -77.484987 -81.209714 -69.391631 -90.961470 -78.453386 -81.196978 -83.645603 -76.303833 -78.123889 -84.426216 -84.438372 -80.791991 -71.235420 -77.025457 -78.732310 -69.642399 -84.909616 -95.596094 -85.469687 -83.590290 -72.210695 -78.898312 -78.326644 -70.508019 -79.520894 -80.120975 
-72.243832 -84.592128 -94.967537 -83.645870 -79.639562 -79.736151 -73.742764 -77.417383 -80.248389 -91.751617 -72.465072 -79.774224 -72.389485 -91.018865 -80.404950 -90.302688 -70.665117 -68.561534 -88.935858 -70.731655 -87.184950 
-89.665207 -70.544113 -86.957854 -97.377119 -78.956872 -75.779749 -76.308257 -79.221908 -78.537718 -73.152320 -78.054796 -80.751216 -82.300443 -78.279134 -92.607925 -78.347916 -78.598176 -74.236913 -94.326977 -79.120435 -80.051394 -88.079812 -81.220676 -80.881911 
-83.250510 -76.178968 -90.343360 -72.440152 -76.439564 -82.534569 -80.934417 -75.430627 -79.858382 -90.199759 -79.092613 -91.092647 -97.567465 -70.069577 -79.112895 -79.282627 -72.751866 -81.494096 -79.600035 -68.376422 -70.764328 -74.802389 -75.346369 -97.122882 -91.518346 
-80.329969 -81.759157 -86.942462 -86.390679 -84.528287 -89.199311 -93.683642 -79.380367 -82.008847 -74.320735 -69.871070 -93.078638 -79.862233 -68.811249 -77.571098 -70.293146 -93.586825 -79.253424 
-69.043056 -76.339740 -97.345603 -88.187749 -97.019522 -94.208443 -89.012191 -78.643669 -97.528984 -96.766152 -95.883528 
-91.631799 -78.971834 -79.213079 -97.480782 -73.947249 -89.624930 -68.223492 -77.025178 -69.627613 -97.380744 -84.101870 -82.909289 -88.584269 -68.777290 -93.018501 -83.925898 -83.338447 -68.733230 -84.977399 -95.224891 
-93.675463 -72.997088 -74.969522 -83.048459 -80.354088 -88.808563 -78.788000 -81.894728 -97.108320 -88.900262 -81.328293 -96.475844 -79.654841 -80.116068 -73.486209 -80.169436 -73.388863 -83.896282 -68.856116 -90.936829 -79.045377 -73.492096 -87.985141 -68.686257 -75.841570 -78.828201 -74.142394 -90.980343 -69.057546 -83.740633 -73.858808 -80.791188 -84.276372 -81.725346 -83.301737 -90.495704 -83.136325 -93.111352 
-72.466003 -70.935446 -78.762851 -95.493862 -79.135194 -82.601369 -84.319952 -76.962674 -68.417202 -93.015913 -80.038835 -72.689557 -75.648281 -81.538923 -88.750345 -92.876478 -80.265953 -78.663423 -94.007060 -83.360486 -84.970409 -78.687609 -69.154070 -86.612356 -69.614888 -95.079912 
-95.288683 -93.428242 -75.286331 -94.555441 -73.262918 -75.660933 -93.836553 -78.864857 -73.758100 -83.958914 -78.024177 -82.625579 -84.353024 -81.677975 -80.171418 -93.813472 
-87.063501 -80.990184 -78.477283 -75.876223 -84.189612 -84.331928 -69.458623 -87.515857 -95.865672 -93.742950 -78.811807 -79.150482 -89.830096 -84.691811 -71.626475 -79.736351 -82.897242 -69.658635 -68.377659 -79.868842 
-89.937364 -97.432669 -81.250787 -70.164093 -91.877666 -72.066502 -70.357506 -92.982413 -70.486800 -70.229217 -86.615775 -78.144662 -69.034269 -80.232883 -93.371642 
-96.528930 -85.936159 -76.884506 -70.335638 -95.514972 -76.941189 -95.554125 -69.540714 -74.760175 -80.718012 -93.854513 -89.016470 -83.592936 -79.907536 -73.764859 -96.354256 -82.757112 -79.371212 
-76.472158 -92.951601 -76.505803 -78.680514 -82.985553 -92.630912 -73.761144 -78.351615 -80.433111 -94.896329 -91.898623 -88.020558 -93.286611 -97.490029 -69.106668 -71.836097 -71.026033 -76.462598 -89.225551 -91.700525 -86.297890 -68.754366 -79.575824 -92.191646 -79.471301 -82.638017 -79.446361 -93.853950 -69.876250 -79.932261 -82.384224 
-70.489828 -74.511751 -78.632384 -68.931651 -77.813860 -92.691528 -76.536242 -91.875710 -75.453639 -92.267957 -68.212635 -86.590401 -75.865340 -77.963190 -74.312147 -94.340719 -75.720510 -72.397520 -82.262630 
-94.041048 -68.591842 -83.420293 -95.485787 -84.217329 -77.928121 -91.892081 -74.883144 -84.114030 -74.688274 -74.613207 -80.279750 -96.205437 -79.238078 -70.321348 -69.406189 -76.211875 -92.553929 -78.778849 -76.933488 
-82.943683 -69.091003 -69.060572 -80.877846 -71.025485 -82.692374 -85.607632 -90.441387 -84.578027 -97.935634 -75.223361 -94.138867 -92.722080 -95.486462 -94.530769 -75.718982 -73.072047 -82.435166 -81.409138 -79.871453 -86.645045 -83.249673 -75.603963 -84.526479 -77.568442 -79.700651 -80.716733 -69.263772 -78.019290 
-79.156916 -92.718377 -86.720544 -73.313401 -76.215497 -78.235775 
-94.162076 -70.473185 -73.953910 -73.673077 -79.550990 -86.681082 -79.101309 -93.735781 -74.632583 -78.927430 -87.457489 -87.161496 -80.075236 -83.656232 -90.778495 -80.810601 -75.058146 
-94.514857 -71.673275 -75.713979 -69.660937 -73.656072 -74.636023 -79.446874 -85.851347 -78.295155 -83.731553 -87.044454 -79.296996 -76.543149 -71.735184 -68.185567 -82.448495 -83.040237 -82.002802 -85.730264 -87.380038 -69.225816 -75.366245 
-76.746256 -75.731916 -83.000506 -96.786879 -77.195422 -89.000807 -80.160199 -73.388921 -86.717072 -90.485477 -96.584988 -79.016510 -78.347990 -87.760277 -83.688212 -82.896254 -95.554198 -86.038696 -79.516244 -78.063136 -86.417061 
-92.647066 -83.875233 -88.775658 -74.577414 -76.339210 -87.629448 -74.798273 -93.142309 -73.290980 -93.752564 -80.275909 -86.666422 -94.072082 -71.002751 -75.882862 -97.043048 -86.450981 -72.077102 -84.574322 -78.022813 -72.576001 -76.568832 -82.085765 -82.669630 -80.653626 -76.155140 -82.108829 -74.951189 -93.872379 -83.523761 -87.712061 -80.728414 -80.008162 
-69.705049 -80.982474 -93.623266 -72.136251 -79.100460 -90.677143 -92.647224 -80.669219 -68.667839 -82.178299 -86.622340 -84.360983 -82.427701 -69.426553 
-83.366728 -97.879401 -94.463531 -77.103754 -69.020643 -88.362309 -70.520052 -75.662778 -76.648142 -79.842054 -79.793416 -80.122368 -94.746984 
-75.223543 -78.518591 -85.394091 -78.684788 -89.086275 -88.936567 -74.295040 -79.261686 -78.600440 -96.505253 -76.833241 -68.719291 -97.683117 -91.355092 -84.047573 -88.070053 -81.333221 -74.629415 -96.072385 -70.291568 -76.099374 
-84.180995 -92.882859 -76.586082 -68.564068 -68.062002 -81.853905 
-90.215933 -74.672184 -80.506649 -70.996814 -83.547936 -91.523405 -82.294565 -80.077899 -84.060250 -70.611234 -71.270135 -84.647583 -90.297853 -73.867010 -97.672812 -81.666328 -77.469442 -90.164303 -95.306609 
-93.197126 -79.925776 -74.903389 -96.811166 -75.968865 -68.678627 -79.742130 -69.110230 -84.653401 -97.831211 -87.628963 -75.653613 
-95.188627 -92.679779 -73.119309 -82.756006 -80.361050 -76.183762 -86.746679 -96.460050 -86.558149 -81.066007 -79.105335 -89.080732 -80.184351 -89.134635 -72.303610 -80.817238 -79.570594 -83.759398 -76.675612 -95.291364 -69.602490 
-81.913884 -70.416920 -69.600119 -96.510685 -96.921455 -70.426487 -96.688786 -80.107081 -82.286385 
-93.370904 -76.415784 -90.770679 -68.032601 -71.479311 -83.860889 -80.397883 -74.513294 -76.374511 -95.903201 -90.534382 -91.112052 -84.323340 -80.864442 -95.190964 -90.945900 -82.472253 -86.678531 -79.531259 
-93.730417 -75.015333 -75.638210 -84.446308 -90.699216 -79.274376 -74.846189 -88.921808 -86.072296 -89.868162 -80.632208 -94.559034 -79.924820 -87.151883 -69.574833 -78.733090 -79.383997 -78.539143 -79.221101 
-93.547027 -76.920156 -85.057466 -78.980706 -72.506628 -70.687619 -70.712823 -87.470639 -80.072391 -69.343115 -90.937126 -95.201376 -74.351896 -78.932208 -80.767478 -76.113512 -75.175701 -93.469398 
-84.821266 -89.146672 -89.375602 -76.431562 -80.901728 -69.752501 -82.463674 -96.949535 -81.788073 -68.859160 -71.726956 -95.685084 -83.349046 -77.251013 -71.730597 -97.925523 -69.783885 -69.040194 -68.184672 -92.188259 -84.790002 -82.470586 -74.993236 -83.206048 -90.583578 -82.424593 -87.132629 -68.817619 -88.398426 -74.204824 -87.030252 -75.181278 
-72.808620 -89.568031 -83.293242 -89.394255 -75.012284 -87.922426 -82.553761 -69.200848 -78.228232 -85.335620 -80.109628 -75.498581 -78.770570 -83.139534 -79.923525 -82.896571 -81.741858 -73.308552 -73.835073 
-93.645368 -95.876377 -90.196628 -79.739616 -73.471462 -82.322799 -74.559789 -80.549674 -90.503071 -75.714173 -79.161815 -93.320728 -70.674389 -74.150426 -83.674990 
-68.553400 -71.176871 -73.735397 -81.522201 -72.669689 -71.912870 -96.080450 -69.565825 -79.524378 -80.331924 
-81.231367 -83.260648 -72.801032 -82.876804 -70.895706 -74.041568 -80.383363 -89.155590 -94.980940 -94.394189 -95.926212 -80.619885 -78.904300 -95.564603 -82.668775 -82.146304 -91.821675 -90.585806 -78.260409 -78.153591 
-71.472907 -79.693737 -69.605038 -78.055590 -69.856662 -75.811126 -90.254265 -80.604926 -83.588326 -73.920429 -69.835406 -92.784823 -80.311316 -93.451288 -79.022276 -89.439293 -95.329200 -79.324613 -79.096924 -78.219016 -79.592482 -78.746727 -78.772973 -88.984400 -91.880987 
-89.837785 -80.041904 -79.664419 -90.911644 -69.687632 -68.943694 -78.083091 -85.431191 -74.935973 -73.636052 -97.989480 -89.086930 -73.658920 -83.089161 -96.786505 
-90.993636 -75.305369 -69.551333 -68.371008 -69.880802 -78.652751 -69.065877 -89.362448 
-76.843362 -81.488537 -93.534859 -70.218849 -70.769848 -80.006476 -81.540133 
-89.537801 -90.131581 -70.296208 -68.767898 -93.835006 -74.553754 -82.805110 -80.467184 
-79.921499 -76.045687 -96.787207 -68.627996 -88.994758 -78.464816 -73.262198 -94.121160 -71.905027 -79.696682 -79.338373 -74.239761 -96.700617 -80.843929 -75.471136 -85.820215 -97.123446 -70.497310 -75.847212 -88.056112 
-70.018593 -76.598072 -79.271140 -69.130176 -72.328062 -79.144181 -92.166334 -97.562091 -82.014808 -90.405667 -71.978288 -75.478355 -69.232386 -90.278098 -70.084658 -92.334610 -78.120193 -82.880798 
-89.537986 -79.065979 -95.560987 -95.120796 -95.611855 -80.488851 -90.232995 -81.399061 -88.008089 
-79.556173 -76.523603 -90.152326 -68.708180 -94.180953 -97.369250 -81.515599 -91.342322 -96.870261 -69.735102 -74.648790 -85.249351 -75.001960 -86.330058 -79.433362 -82.801269 -92.535492 -75.761889 
-93.510754 -69.983238 -92.403627 -83.834222 -75.238683 -80.612513 -95.813912 -68.488035 -97.316322 -68.448365 -96.004703 -92.933718 -69.204853 -84.991904 -78.571855 -95.490198 -96.214830 -91.310641 -73.611797 
-96.578343 -94.742326 -82.106898 -93.855386 -73.093757 -89.049610 -88.393519 -97.243469 -71.478035 -69.879934 -74.354656 -77.997411 -80.472507 -71.716213 -83.282006 -72.759513 -95.538519 -72.771724 -75.077303 -75.588479 -85.441081 -92.671522 
-86.281878 -68.756661 -88.493348 -74.064999 -71.664260 -84.865089 -96.898457 -90.185137 -75.230389 -80.661997 -88.866387 -94.033445 -84.455793 -79.767217 -93.724855 -78.187474 -93.715236 
-91.478866 -79.503797 -75.755169 -76.749743 -93.395917 -69.495668 -83.349963 -80.014527 -91.225552 -83.623191 -84.493751 -78.347584 -88.748877 -97.633425 -79.475573 -77.764644 -79.123558 -92.697790 -69.088594 
-83.566024 -73.165836 -78.389140 -69.358175 -91.295662 -95.604326 -90.865872 -79.382616 -84.917729 -94.773276 -80.041515 -80.289583 -84.815996 
-73.949361 -69.770639 -76.236779 -90.825591 -73.376466 -96.036871 -94.031846 -86.689172 -95.408120 -82.877987 -94.476832 -70.040069 -72.882334 -80.912628 -87.306093 
-92.880147 -69.670145 -96.727370 -91.574296 -74.434471 -84.244867 -96.849459 -76.600179 -68.436541 -86.633592 -70.438305 -81.849049 -73.264454 -83.166839 -79.724930 -70.190198 -69.547022 -77.747371 
-80.358135 -84.675484 -69.573724 -94.042241 -83.695991 -96.309170 -76.331854 -71.670718 -83.707911 -85.526432 -97.662098 -84.221586 -78.357018 -75.757161 -69.850858 -81.238315 -75.009654 -97.081024 -79.822845 -91.583081 -79.057932 -91.273902 -79.786858 -76.744511 -95.659332 -89.972085 
-80.328245 -68.699151 -76.944960 -96.865752 -69.132632 -85.181055 -89.991444 -93.287258 -81.719403 -68.759342 -68.597040 -70.574641 -68.465528 -80.389750 -71.716845 -79.963592 -75.255852 -79.052507 -71.105522 -74.649488 -95.048550 -85.048535 -79.760140 -83.025437 -76.062902 -75.901175 -80.744891 -87.029669 -76.573671 
-73.391597 -96.208936 -78.505213 -73.020320 -75.271791 -81.123040 -71.553396 -80.098242 -80.798847 -73.480073 -77.062404 -85.957311 -86.541784 -70.069146 -69.362108 -70.645070 -79.690476 -76.549650 -97.125896 -70.849097 -86.739188 -69.736842 -68.662987 -78.474550 -80.154074 -82.658617 -80.163966 
-69.742492 -90.091495 -82.192842 -88.489194 -87.119432 -78.977279 -91.192719 -94.549126 -76.238500 -93.491984 -68.982530 -82.360645 
-75.221911 -87.985031 -79.898168 -80.685704 -69.290478 -83.700741 -68.583742 -89.241250 -83.244454 -71.346244 -79.827320 -94.832989 
-74.001094 -91.148635 -93.039553 -94.406514 -88.756699 -77.395677 -69.903040 -74.903614 -69.576141 -90.422122 -97.638810 -85.217924 -83.933280 -84.364939 -86.879656 -70.816089 -78.916557 -81.512909 -79.117091 -78.400324 -69.725520 
-79.397041 -78.966058 -78.855076 -69.641484 -83.800356 -75.992529 -92.311481 -79.067848 -93.101559 -78.612587 -95.331969 -93.363438 -79.041736 -92.800042 -81.769655 -81.152896 -94.830282 -80.397699 -78.167268 -78.503617 
-76.966697 -73.355574 -95.343777 -69.045366 -92.469498 -78.537279 -83.663320 -75.174435 -76.431856 -69.156113 -91.230799 -93.460605 -79.423858 -92.447925 -78.171506 -75.477090 -95.968480 -88.097894 -77.380645 -69.750389 -79.715715 -89.092324 -78.584824 -79.508924 -82.642650 -77.975865 -79.235605 -91.563694 
-74.449104 -69.245244 -76.045657 -75.937184 -96.833367 -83.367483 -72.055542 -79.927385 -79.229114 -80.601218 -93.549962 -93.440307 -82.986422 -80.929787 -80.530176 -94.338012 -72.212002 -76.341458 -76.279922 -83.472880 -82.766230 -77.981023 -77.066055 -76.189221 -74.765854 -97.310541 -76.236530 -79.024726 -76.937494 -79.428172 -94.039949 -96.635607 -80.949869 -89.821994 -81.973806 -77.546554 -79.408193 -89.167415 -80.375269 -73.240604 
-79.059473 -70.454592 -76.874903 -92.681986 -83.256951 -79.280853 -70.866343 -91.383822 -94.513692 -79.416326 -86.935479 -79.131901 -93.162709 -81.274981 -89.173569 -92.960447 -92.990379 -68.520521 -78.302248 -72.625377 -89.113256 
-75.312829 -90.357391 -84.043579 -85.838925 -75.223206 -76.318423 -81.086623 -80.075023 -69.622551 -94.606685 -94.124530 -82.908817 -80.813505 -88.462826 -72.603834 -72.850344 -84.038901 
-87.253235 -68.349716 -70.071369 -94.159050 -89.234378 -81.619949 -84.244529 -93.185078 -72.111917 -90.673349 -71.098224 -83.560749 -93.761087 -94.473967 -76.722710 -77.706829 -93.183909 -93.855527 -89.278819 -78.894254 -78.342962 -89.935542 -84.684948 
-94.437824 -83.480519 -93.701032 -79.803560 -79.591227 -68.589591 -95.442056 -96.273613 -81.100080 -85.499210 -73.567065 -80.202385 -82.220230 -74.704369 -70.072291 -77.843495 -76.910993 -93.625064 -90.901744 -95.326929 -75.620323 -86.823043 
-83.750907 -80.459761 -79.932880 -77.624591 -75.618950 -87.923792 -69.867564 -94.413084 -75.054672 -84.104450 -80.009623 -75.525412 -81.960527 -80.828282 -76.842149 
-81.208684 -74.061838 -80.645697 -76.829788 -90.112691 -80.255759 -68.500634 -96.280400 -68.195378 -93.505422 -77.359933 -68.647700 -79.271866 -90.656568 -70.541127 -81.415705 -78.872444 -76.397500 -79.573331 -82.190714 -80.594235 -79.187049 -83.854546 -87.350228 
-79.566126 -68.955678 -89.248256 -74.416963 -69.630522 -91.770499 -78.857066 -97.616469 -75.406970 -76.130256 -84.071724 -95.783772 -92.019988 -69.927376 -80.864423 -78.001100 -69.012958 -94.344505 -68.412287 -89.562474 -68.932705 -87.453250 -80.132084 -80.308185 -82.761554 -70.552023 -70.368129 
-75.125365 -69.576079 -94.107102 -80.759057 -71.900148 -80.544833 -96.618320 -69.963811 -89.535712 -75.452720 -79.566908 -89.657404 -91.274837 -85.589415 -94.240524 -80.574901 -84.203109 -71.437365 -83.806970 -72.246313 -68.791242 -95.153286 -70.697436 -87.912598 
-70.300705 -89.867012 -72.867528 -89.752128 -79.170008 -89.358582 -80.220626 -81.979711 -80.617110 -85.828284 -80.170717 -76.883224 -78.568988 
-79.792084 -92.972065 -79.861368 -90.797086 -78.913593 -75.732702 -90.641781 -75.438192 -72.389043 -79.518255 -69.203473 -90.487697 -73.009018 -89.268493 -89.974034 -86.788394 -72.268941 
