  52.340036 2972.541936
  99.563500 2976.361369
  53.692419 2975.831373
  80.736486 2976.042950
  67.264975 2979.464379
  71.383247 2969.104879
  50.180629 2977.255574
  61.330461 2972.800366
  55.846321 2975.433935
  53.597855 2970.178410
  90.849282 2974.042126
  61.619554 2980.216081
  60.580694 2975.572443
  42.713471 2971.820188
  46.490561 2976.616864
  77.988371 2980.324936
  73.876665 2977.624355
  63.358957 2977.456794
  54.801903 2974.897305
  57.146916 2972.585313
  65.546324 2971.192803
  58.019065 2977.738948
  44.912226 2977.744152
  91.599697 2975.120471
  83.991826 2978.037580
  81.827259 2977.593601
  65.732625 2977.878042
  60.867332 2979.894071
  63.648994 2982.473454
  90.639670 2973.583578
  44.896291 2976.794253
  61.657780 2974.920463
  46.567097 2976.151296
  85.010708 2982.109376
  46.962901 2975.270357
  72.761428 2980.651557
  84.452038 2974.921908
  52.836058 2968.856235
  62.380157 2974.857250
  49.831641 2970.328193
  43.059643 2970.780742
  50.994691 2976.350661
  73.148114 2976.490723
  70.343218 2979.691578
  68.493485 2982.297034
  66.507130 2981.250005
 101.446911 2976.006060
  85.875977 2982.051509
  57.759126 2972.922309
  75.271361 2975.214340
  69.678666 2976.824058
  63.367322 2981.659608
  75.772292 2975.751831
  63.742477 2978.900488
  59.891670 2981.391549
 109.807453 2975.241511
  73.893205 2975.549622
  46.757775 2962.495010
  86.300078 2977.137730
  57.343692 2976.940304
  44.230194 2977.240281
  62.344896 2976.711105
  60.669643 2975.067854
  76.731551 2978.458674
  56.542908 2974.480295
  65.254797 2977.717721
  73.747812 2975.419202
  84.617096 2981.119936
  55.897074 2977.599077
  69.679923 2975.486139
  86.160887 2980.260054
  77.513243 2979.102477
  79.860679 2968.429079
 100.060144 2980.290297
  66.572488 2977.324693
  61.878611 2969.618389
 113.032990 2970.756631
  68.058007 2979.041855
  59.577642 2979.627656
  63.230786 2981.321110
  80.502789 2977.384543
  67.744983 2979.431646
  89.735362 2971.620671
  73.419545 2967.431121
  79.960982 2966.016068
  46.114968 2971.109375
  45.167831 2970.648896
  45.274481 2978.817173
  52.989839 2978.115227
  45.023869 2976.723564
  80.534977 2972.467497
  67.475868 2965.585315
  47.677371 2976.544491
  84.347312 2980.241729
  59.194641 2977.155308
  69.762709 2976.862825
  87.088642 2977.914242
  71.642766 2973.500432
  48.154913 2974.044293
  73.993330 2979.808956
