28.832943 40.817951 37.581099 29.161336 29.458032 37.634940 29.515910 33.755390 36.444623 25.744790 29.193243 34.440357 
26.113056 40.630679 30.108246 30.680824 41.207362 31.647687 30.127141 35.944500 30.305993 26.711937 28.681964 39.873215 26.094384 38.334113 23.965586 36.103120 32.270611 28.076041 29.972276 39.057465 35.454233 39.110779 38.552321 34.679278 28.252222 25.975133 27.762733 28.090150 35.486601 28.988911 27.817708 24.936969 25.770178 29.469209 24.836811 39.850973 
41.411041 30.763430 33.885109 27.763467 40.348387 31.853973 34.341829 42.603195 37.358848 25.678195 28.966132 30.756575 29.441170 25.120213 26.302231 
27.501171 39.502781 24.433115 41.834958 37.405200 39.832410 28.869645 26.440929 42.983044 28.376365 26.898157 41.075664 38.475065 30.301440 26.073439 36.436802 28.244927 30.221510 27.483604 26.222292 28.571464 28.678159 27.925292 25.412115 26.220621 32.130550 36.688685 
28.870663 31.145696 28.214730 40.942004 27.424123 43.095972 25.758016 28.916576 24.133221 35.534071 27.183185 29.698522 29.355345 33.986468 28.098295 27.802474 29.352046 
37.689429 40.495798 29.228302 40.904826 39.652389 25.768461 42.639444 37.548129 24.678551 29.641530 40.015998 29.674267 31.206286 29.900736 29.098340 37.502614 36.264904 27.019728 27.306808 26.016929 41.073622 34.614871 
29.554981 37.117624 41.452604 40.771847 34.482103 26.876289 36.001681 36.307284 26.538132 25.007536 29.607468 29.837346 25.749972 26.689097 
38.792488 34.599143 24.123076 27.273619 37.239351 30.688662 29.097718 28.017362 43.959154 44.056578 28.075530 29.815594 28.049290 26.072182 30.172068 30.542339 30.162651 32.010520 39.379500 31.621627 27.193904 27.695383 
27.616341 41.783273 28.132923 27.538161 43.292784 24.760663 27.251585 43.079392 25.690793 25.105338 29.327736 24.236071 30.022193 30.254646 
38.058630 26.423749 43.321531 25.517034 28.751798 33.858024 26.215843 27.710116 24.682155 37.309967 27.940423 
41.304536 28.721777 30.348845 29.914601 39.923899 30.591136 37.170555 37.508050 25.945901 28.281977 31.909007 26.732628 36.472578 28.482768 28.338534 39.314034 34.529755 31.351126 24.521363 28.372241 24.890141 28.277012 26.365335 25.065280 24.850280 25.542896 41.332576 25.008694 24.102660 28.955529 
35.574093 33.769113 28.363844 32.994543 29.606456 29.794922 26.333246 34.180731 28.705159 28.521703 29.470672 28.247351 32.281609 28.783973 29.956833 42.301989 
29.433446 28.564029 39.184905 25.989360 29.258003 37.000951 26.417656 26.536348 42.849713 29.538061 30.174877 28.290295 37.825516 41.381602 32.544012 25.568242 26.581519 40.149214 34.117700 29.090605 
26.701028 28.248258 31.711930 27.399581 41.919921 27.465822 38.697959 28.106659 27.688773 27.523989 
26.364133 25.908563 29.076115 30.590893 26.476037 38.469491 28.553493 26.052499 41.551011 31.070924 28.665833 41.128483 26.674983 30.610399 41.920415 29.349123 40.749426 29.538117 
26.765377 28.251462 27.576555 38.884177 27.980115 40.564314 34.758548 30.676598 24.736374 28.954796 41.178873 30.121641 25.037604 40.311405 37.415249 33.142226 40.513695 33.243894 29.158447 24.404648 39.839409 36.238548 24.308079 
41.103162 34.120994 33.052252 29.586132 26.501051 40.491055 39.302811 39.833909 32.247941 28.094302 31.138111 30.263533 40.101293 29.732256 28.868236 35.912116 38.206524 27.517599 25.015925 40.181274 24.334438 40.915292 27.023284 26.824022 
24.481949 28.185791 26.995733 28.670594 36.978031 41.966106 26.551789 25.603256 42.218211 38.804090 25.282377 24.955302 26.720995 27.636691 27.739464 26.740350 29.660093 
29.030353 28.779559 30.040914 26.245363 40.626909 33.244968 29.570504 39.318808 29.223915 31.105819 27.673642 
33.334648 27.161611 38.451824 32.815813 29.600678 30.155602 26.952604 24.582810 42.264343 26.160586 29.158664 40.695978 27.002942 26.549539 40.095688 
28.805247 27.496163 27.838541 30.183206 24.851581 30.112715 29.826874 35.256792 32.773569 28.607446 28.601286 26.534528 30.444192 32.882196 24.226591 29.283775 26.600299 41.032729 26.572808 33.428659 29.665857 
43.491648 31.690077 33.082655 28.730453 41.521645 30.077482 38.431833 29.564141 28.231807 43.681955 28.975545 28.690390 27.132663 26.508418 25.061006 39.813013 24.824895 
29.043657 29.259390 31.831977 39.293059 37.807577 25.564811 24.923116 33.643293 26.996154 28.510218 
42.527285 38.095121 32.886002 29.362573 30.873823 26.962795 25.740887 29.983060 32.440317 28.484851 27.860638 27.083520 28.378094 24.107468 34.475555 29.888794 28.719310 34.656162 36.751468 29.306528 35.072394 29.166609 26.213592 40.109500 25.326417 28.374782 28.264350 29.850494 26.333074 39.741768 29.023917 
27.167413 32.242398 25.936381 30.039113 30.720505 31.656017 28.627153 33.489090 42.819601 40.861612 33.940806 37.003570 30.614602 28.097401 28.499751 44.015329 28.687845 37.171166 39.954123 24.858117 33.733398 27.579464 28.941404 41.056568 25.534633 30.313500 
28.219477 41.452754 40.366452 41.799584 28.191237 30.333424 25.747091 39.714509 28.884200 26.917006 29.247661 28.677448 36.449470 35.408303 24.066854 39.149105 28.836825 29.388167 29.411235 40.619020 35.467446 27.930499 40.639921 29.950754 27.733195 41.739349 
23.526479 26.878928 39.407865 42.409977 37.962007 25.398809 30.091084 25.481978 28.771067 26.750309 29.124655 25.759645 31.322552 38.566463 28.199823 34.542851 26.500985 28.399703 39.993613 39.256048 
27.993698 25.892551 29.859782 27.159268 41.395189 29.122201 38.360140 24.941914 26.614795 30.902004 42.074905 27.013659 25.981839 28.134771 35.054888 27.569834 26.787213 37.447739 
38.946839 35.936350 40.844072 33.608519 34.243391 37.625854 28.324965 30.566390 35.686337 27.576454 41.211840 24.261616 30.318201 28.671318 27.824913 28.914723 29.291359 
32.441495 35.449674 28.653020 42.425355 32.871260 28.219284 26.199133 40.181179 41.124628 40.786656 28.471120 38.596580 32.050087 42.351445 42.031654 28.961491 29.911714 32.103084 39.278677 34.349305 29.321658 33.520587 26.383435 40.038926 30.631207 38.092769 40.977067 33.247217 
44.125272 38.806557 28.228813 29.163118 33.907695 32.935054 26.467509 27.880240 
28.968339 40.890096 28.480462 37.327146 27.375539 31.806927 24.551626 29.544566 25.141863 25.911200 29.092104 27.099855 30.737325 30.100711 30.079289 26.001433 
28.846000 40.787252 41.413369 33.920047 30.467600 28.319166 29.615627 26.495936 29.133810 40.014855 
42.003620 36.943780 40.340863 28.972363 24.171160 32.314357 26.189677 36.109080 36.260431 29.748075 32.586662 41.054819 30.928533 25.412280 32.404873 29.081830 27.111199 32.949492 29.599606 24.280400 27.651677 29.616740 40.126464 26.024798 28.501371 24.673540 24.335091 25.180203 
28.546786 35.335609 29.770076 26.670420 27.912917 43.274379 28.727551 26.016343 24.590378 27.579681 
25.861227 33.451191 29.599338 41.077859 28.570183 27.583833 40.672798 28.028441 30.342891 29.097227 24.440537 25.432998 29.934610 43.207467 37.890946 42.822715 42.053582 32.296882 41.057035 37.893031 24.759280 31.295926 
27.348623 27.611803 36.738701 43.721924 29.818087 29.527166 29.127264 29.972965 26.285709 28.408249 40.667724 42.865436 41.784906 24.412100 29.601865 23.974973 26.240942 28.856215 36.953539 30.120624 35.681754 39.219323 28.404478 24.137005 29.733316 
29.163003 28.736839 33.386753 25.789661 25.641574 28.532229 30.382515 37.955928 24.472544 29.343800 26.703952 31.923111 32.239992 
29.201690 23.890807 38.829033 28.068309 39.819273 30.734560 29.201457 39.177032 25.541938 39.613372 30.535684 30.306193 29.562717 39.357654 38.850515 31.389240 29.793244 24.025535 
30.269974 34.993674 41.805772 42.304288 41.200737 39.488115 29.918851 25.387900 28.439209 30.386214 35.099145 28.305882 
33.368138 28.817987 28.748258 30.259837 41.974758 35.732779 28.257319 42.619506 37.150952 
33.044616 27.888476 29.056951 35.042753 28.505518 29.547103 25.584027 28.883747 28.332849 26.212704 26.704871 29.371692 25.947275 28.826252 28.256507 25.633098 
37.954174 25.071638 26.532634 28.152531 24.490559 27.602922 32.958742 43.965032 34.244397 35.141215 27.509837 30.682989 29.351481 33.790713 32.693335 41.334876 27.803772 25.452292 28.370170 26.473301 24.110865 31.670043 
26.035045 27.655852 37.427828 28.740096 41.561582 28.922837 28.483249 30.694224 31.151225 23.672432 29.528816 31.577074 29.980393 39.818248 24.540888 31.840441 34.918731 41.238194 26.156308 28.538169 
35.020635 29.269895 41.463610 26.529959 43.589156 29.716534 26.960037 26.587226 28.849434 30.777314 28.544832 27.425208 28.392897 28.289819 28.256254 26.042133 43.567053 30.039102 27.969366 
26.244671 28.966975 35.196924 39.945212 44.162265 29.629897 26.197387 37.008529 28.757028 30.840989 29.912938 37.415591 29.769283 41.093764 29.545995 28.848354 27.950608 27.967755 28.397697 
35.840054 44.285441 38.972739 24.981946 35.122672 27.732249 29.332322 29.968276 42.713297 43.967233 23.919724 30.083652 40.682203 29.262796 24.765422 29.105547 38.180393 36.091211 24.314679 39.324838 31.319544 39.881599 32.592537 24.264126 42.692165 25.604803 36.712500 35.708439 23.875795 31.812870 29.942088 32.618391 30.271028 26.570296 
28.850017 30.283107 42.177999 28.353040 30.711511 27.605127 29.752938 36.568046 38.456248 29.588462 27.932859 35.158015 25.946167 41.287161 28.381349 40.019255 33.218340 23.935653 40.717927 28.603325 40.638245 29.971710 35.012151 38.220091 26.712357 34.178306 28.094610 
28.091229 40.238572 44.125597 26.571175 29.774158 35.607812 41.936756 30.785854 40.700059 28.613003 29.812118 24.290041 32.802994 30.903157 39.559727 
29.278031 25.797360 37.434787 27.133235 31.167438 41.494728 28.143721 43.956714 30.650586 30.095943 35.080916 33.354544 41.047558 29.355114 37.391369 25.237114 26.810850 30.817205 28.347432 29.170832 37.642930 27.941690 
29.734955 29.989002 29.933771 28.387320 29.935985 26.301251 40.390559 37.867904 30.455401 42.248536 27.443429 39.965675 26.525520 25.377257 27.016466 37.652311 27.138613 30.425616 25.677261 
40.134599 27.936257 40.225584 29.044646 29.045712 30.023133 28.664948 26.900788 29.426692 31.017017 24.238929 39.151008 29.682763 30.917130 27.583298 28.504182 24.849618 
26.053390 43.962004 28.741554 27.171979 29.320310 29.011125 24.788394 38.378008 30.170103 30.702470 24.775867 30.245796 24.981104 28.580209 27.168074 32.322740 28.109421 25.290116 32.935298 29.917377 39.558370 29.057558 29.329074 
24.379202 42.155191 30.018453 27.986513 29.444825 28.819028 26.946864 38.536211 37.826512 40.695719 27.581020 28.917503 28.934586 28.874240 26.772688 23.937190 34.245054 36.021776 39.143213 25.891731 30.567316 
41.283736 42.359373 28.475546 39.697251 27.442463 29.722796 43.918993 29.252531 27.713085 43.177968 29.156260 32.818674 30.867380 25.527460 43.222690 
28.305537 26.497702 27.862670 29.660041 27.278228 34.458518 26.296170 30.877328 29.927756 30.053044 37.224377 24.695639 29.590702 35.006853 28.886166 29.223814 28.478712 28.668042 39.984032 33.126757 39.808402 26.867498 25.971012 25.147395 39.123991 43.942091 28.319258 29.421528 33.760652 28.974088 28.578660 40.935445 33.668826 40.916989 25.249193 28.927869 27.596089 24.825270 
40.319098 28.520692 39.328319 24.663496 28.244492 25.894349 28.568383 35.003287 28.945664 35.302582 29.832756 28.287923 34.646948 28.927650 27.850912 30.218073 28.586591 28.427208 26.943055 26.270340 27.965623 
28.421321 30.139813 30.391069 41.069461 39.204555 28.614570 29.688011 42.911751 30.930197 44.088689 
29.462799 42.472099 33.783970 28.265743 30.527737 28.230711 40.580878 32.024764 27.171035 30.527938 34.904819 29.363781 38.002710 28.603720 28.876513 35.282936 27.336735 27.287663 24.686890 42.216347 41.362580 41.660494 36.412609 28.624333 27.629725 29.690548 41.051797 26.211902 30.530772 
39.927767 27.742136 40.295219 30.420708 29.878649 28.931989 31.963943 42.275651 41.781063 26.586467 28.031918 27.296451 25.727576 23.874876 26.445730 28.177906 
29.315585 30.737672 27.465959 28.459949 40.520264 29.703373 40.472477 28.981987 26.463785 28.519944 39.064508 29.065997 
43.720874 28.128288 40.487136 42.724139 24.378878 38.564255 25.682925 41.418291 30.141582 35.099492 33.410497 40.955471 29.602891 40.525443 42.371621 30.620103 29.361093 39.882349 
29.353244 32.838870 24.280565 29.332713 26.593127 41.656474 37.457755 27.857426 29.196520 25.222533 23.828716 29.683421 42.255843 37.017222 35.679058 32.600578 24.687403 32.640693 28.665983 28.697411 
30.718309 27.144340 29.198349 26.854913 30.376688 30.267193 42.956333 30.762861 30.144436 35.838844 28.912039 33.721078 27.397901 28.141753 26.169095 29.866001 37.482716 39.549879 36.543324 37.726334 33.448333 38.070822 27.414904 39.147313 
30.552196 29.928661 28.827782 26.234810 31.826499 25.453843 44.252646 29.645007 41.226126 32.386063 41.347312 25.256293 28.998551 26.684165 38.252258 32.269780 
29.543843 27.513262 26.779092 30.032228 28.303715 29.293623 37.156800 27.968986 32.617585 29.011853 37.660158 28.188955 27.322812 24.179715 28.177213 29.789021 33.310867 
27.077957 27.370085 26.765880 31.705114 39.603756 31.291750 30.241294 25.763196 37.661012 28.671340 34.988168 41.715212 30.408808 40.411603 28.004709 28.539673 33.544670 30.805729 27.724640 39.459312 24.192830 24.768650 30.269056 40.861851 
26.591011 24.746267 29.985400 28.884526 30.247238 25.910311 27.113853 40.908149 30.226085 29.848663 39.689946 33.433300 29.999111 30.791530 27.818831 28.878543 39.840184 42.882129 35.556104 33.258855 40.078314 36.238412 24.658122 41.096095 40.500199 25.554219 40.923178 27.667748 
33.927501 27.837684 31.790561 39.142915 28.745378 35.446402 26.448282 26.407626 29.409739 35.159803 38.534696 40.029989 27.990368 26.207286 25.290659 
29.655973 31.438329 28.227203 27.071443 34.920065 37.146535 39.521245 34.925563 28.377058 31.973593 40.356524 29.804794 26.736881 28.171623 28.278376 36.071085 31.156416 40.017335 40.116980 39.965161 28.109396 26.080864 33.295448 
36.173179 29.741032 30.215612 29.691928 30.262858 37.685176 29.350027 26.795257 24.499330 32.065455 27.500101 39.411054 26.782286 25.953245 30.756737 31.691518 31.397572 34.572280 25.951005 26.922043 29.934455 27.757239 26.239402 36.631443 28.448346 32.255212 
31.985322 38.166240 40.925313 44.286502 26.266716 28.025629 29.511390 29.741162 26.606413 38.900574 23.998543 41.719560 28.523834 38.609875 37.173413 41.015280 29.863299 26.412958 29.626814 28.873241 26.259957 26.815497 30.150271 29.490696 
33.283654 28.441946 30.182911 30.709809 37.533846 29.417006 27.089978 32.037712 33.411788 34.655971 28.343360 37.861528 36.043997 38.190071 27.795575 29.859522 35.883899 31.696374 35.671457 27.510698 36.299195 28.788017 26.359300 30.451442 25.984690 
40.660023 32.110804 38.345790 42.107002 28.584942 28.227908 39.036587 30.706670 25.820623 38.464684 28.373790 28.444567 33.305331 30.217116 25.882309 29.130281 30.981685 28.163907 28.221363 34.222970 29.584823 38.282148 29.189812 31.969217 36.747930 24.169963 40.859100 28.491000 33.007204 29.607253 27.325730 33.808965 29.515452 
40.464258 43.568895 33.082194 25.823564 38.486600 29.087642 33.242614 30.282993 25.342216 42.871231 42.837611 30.602478 40.225353 39.844064 28.563200 43.906662 39.393216 25.127194 30.149820 29.602102 
27.062377 36.739386 39.126309 27.913350 32.417140 30.225578 35.716377 30.350835 25.570101 36.460591 36.331141 28.321583 26.656373 35.168769 29.723831 35.110131 
24.897519 37.188975 29.723771 41.638195 35.632477 27.586971 26.227054 30.743827 27.049608 30.439365 25.909074 29.284643 26.158113 38.934997 30.871276 34.767684 41.209840 43.995040 24.248362 28.175890 24.838595 30.229624 39.570632 29.679113 24.858188 25.620722 40.441996 23.766394 35.584602 30.408656 30.215382 35.242491 25.892443 30.930726 32.445671 23.958616 32.854574 35.314712 29.390469 28.299997 
42.322177 27.579703 37.331147 28.379368 43.364120 28.202258 34.350218 33.538235 29.117375 32.977574 42.693143 28.771691 27.493766 29.189929 39.230901 43.892462 35.683518 32.469393 29.606172 27.466798 
26.215069 26.086270 30.072078 24.437503 28.606405 26.141466 27.845050 28.365677 29.891508 39.084668 31.949630 37.543787 26.838547 35.114467 28.371852 29.499045 
29.483874 29.759131 30.236516 40.259293 30.343250 30.403797 33.238236 26.817598 29.753226 42.686265 40.383783 29.050669 26.965254 32.136914 27.427534 25.683099 
38.565211 31.768883 38.441257 27.423852 38.519969 27.218289 30.803584 29.733233 33.073225 32.030355 28.403636 28.968782 25.925192 34.276871 38.726807 28.679510 40.333621 40.740516 29.838916 42.609152 40.205381 39.721910 30.972366 28.197534 24.945856 29.728912 42.548826 
33.954890 29.344853 29.599836 26.121629 39.348604 30.449662 29.819098 25.169258 25.553370 28.462381 33.220040 40.970748 28.550097 26.670362 23.667113 23.991966 32.991270 28.354490 39.607256 
28.388945 27.643544 29.342059 43.474897 27.661714 42.441739 37.135200 24.082855 35.648949 28.870314 27.145696 26.821008 26.113500 30.987085 36.323714 37.221425 28.191798 26.626265 26.356511 33.731696 30.779105 23.638505 41.414345 40.622794 43.575046 32.928841 32.890718 28.517859 28.371315 
30.274335 36.745373 26.728006 35.692933 26.624317 31.259704 27.649096 34.889792 43.951909 26.916022 36.021578 26.797256 28.178296 35.235901 40.672360 30.367931 30.006754 36.054686 24.873163 25.804958 42.266122 26.792173 28.250634 
25.562450 42.275422 32.185631 39.947221 33.152253 25.096081 39.209984 25.999758 34.555885 28.315869 27.360087 25.572534 29.153377 30.046855 32.333371 38.419220 30.435901 28.824526 25.969975 41.249438 30.503624 28.193706 39.469742 
39.806979 40.365036 26.448091 27.222663 23.889960 32.993960 29.959560 28.775905 29.862502 
39.820579 30.974638 33.705226 38.198539 31.623794 32.964458 24.595532 24.039800 32.491457 39.072928 
34.214904 28.732081 42.165600 27.012273 37.149301 29.079390 30.905982 37.612845 36.753152 39.652972 
25.279037 28.904238 30.110393 26.699919 29.801846 37.643059 36.124226 27.621390 31.774511 42.295831 29.731734 28.814629 
25.055324 23.568821 28.664375 31.646091 40.956854 43.072950 32.532956 30.811716 25.561668 
40.024396 27.023206 27.010342 37.817152 44.090790 30.290479 30.416951 27.716089 30.640149 30.140218 34.430745 40.625838 30.305792 29.775714 40.932210 28.544638 31.523685 28.472484 42.675371 24.695213 25.073797 30.853742 41.326826 25.142427 
39.209478 29.781567 26.161291 32.263915 44.326349 36.548283 28.065578 30.039714 28.419900 33.855080 29.003268 28.874249 27.159149 29.918944 32.961512 38.665321 32.900002 39.303189 
24.381212 28.438433 29.502064 28.074248 28.991036 35.469547 30.887709 29.672325 28.738065 27.922394 28.204780 
29.458965 24.699885 31.401005 25.686702 27.756607 34.677198 27.055256 36.756158 43.059307 36.155894 27.408093 29.667684 36.855375 28.373422 40.506913 42.504951 27.182025 30.189747 30.564437 29.706614 30.344227 24.574093 41.506290 23.617009 
30.585833 37.736161 28.872338 30.056339 27.425066 42.617573 36.419247 40.578218 27.692561 27.875983 30.103041 28.345353 28.314092 25.183250 29.955601 
31.584307 40.596772 28.122853 40.351315 27.048426 29.737983 39.788939 37.616576 30.611742 25.797186 27.130173 24.679367 28.680265 29.584370 28.373469 28.999214 42.924884 29.075515 26.363160 
25.565113 40.291685 27.069926 27.878491 29.788172 37.945012 28.885314 24.433495 29.607819 33.901690 31.701108 41.137933 27.801450 27.903737 31.719890 29.426486 33.074242 24.974626 37.844884 29.788426 34.471114 31.928177 24.868105 39.226248 25.547459 24.662917 30.105838 28.648262 
40.808293 25.486597 29.753244 29.119395 28.465194 24.268981 29.989057 37.114169 39.807166 43.313888 30.635173 35.219826 27.249432 38.664581 27.861215 34.768805 28.390210 40.612498 35.420143 29.264841 
32.588840 36.057612 32.021979 27.404823 28.093283 28.624081 28.312122 34.118891 28.643603 26.240315 
30.242395 43.270054 32.584942 30.016171 30.068660 28.446776 25.252134 26.180687 39.320945 40.368654 25.583922 31.695081 38.453038 26.253228 24.347362 29.129230 32.882646 28.766946 34.439429 39.030371 29.104728 
