1.344409 1.891217
1.295551 2.091578
1.440234 2.376882
1.115824 1.151631
0.888928 3.725393
0.848470 1.284885
1.309201 2.248554
1.339634 1.533476
1.417558 2.197717
1.332523 2.927488
1.370690 1.903489
1.413658 2.405292
1.190866 2.401266
1.422338 1.613773
1.469000 1.702947
1.315849 1.752514
1.351706 2.527156
1.013649 1.661451
1.314521 2.238340
1.343132 1.282705
1.321228 2.108444
1.007484 1.357230
1.335995 2.699609
1.166176 1.120675
1.071810 1.679421
1.043720 1.745499
1.235259 2.212789
0.960583 1.099426
0.769288 2.317051
1.173163 1.629456
1.192773 4.981724
1.129941 2.662339
1.152896 1.158182
1.373559 1.453558
1.317193 3.631528
1.325148 1.739824
1.300624 3.052418
1.321156 1.742827
1.312920 2.344461
1.071329 2.455885
1.201932 1.613798
1.269749 1.088520
1.409327 2.784539
1.262089 1.521331
1.210294 3.909635
1.201679 1.297022
1.296765 0.875760
1.110038 2.277009
1.209988 2.079611
1.138230 1.840400
1.134281 4.606983
1.207516 2.629347
1.155869 1.173323
1.353168 1.381556
1.303668 2.878574
1.277999 0.884230
1.298872 3.117862
1.220380 3.297951
1.187075 1.660463
1.163388 0.955749
1.401355 1.494909
1.309906 1.416228
1.313989 1.422386
1.226848 1.632217
1.127233 1.164670
1.184848 2.724725
1.165172 2.878601
1.091781 1.317511
0.927978 2.173643
1.144168 1.352512
1.147495 3.490619
1.169941 2.768251
1.195579 1.707302
1.347754 1.707023
1.326976 3.518363
1.082426 3.684134
1.146498 2.619156
0.918208 1.766862
1.101163 2.394320
1.058787 2.672127
1.378485 1.844012
1.130887 1.874916
1.097751 1.680097
1.219345 1.804479
1.287208 3.094039
1.257226 2.526344
1.225817 1.565822
1.150852 2.038821
1.300577 3.146285
1.268520 1.791442
1.243760 1.009957
1.244975 1.708379
1.151305 1.474521
0.825539 3.141420
0.989115 1.985739
1.041008 3.961298
1.035478 2.479969
1.173785 1.638346
1.157343 2.275813
0.980185 6.185841
