30.789821 26.248227 30.832153 37.445927 28.915596 29.912700 32.114473 39.462291 29.780156 28.225661 37.071416 39.940030 29.331463 
26.047694 37.784066 30.917069 37.702298 28.070239 29.330211 26.663551 39.320635 29.177309 28.628835 25.098624 29.190065 27.533959 40.802947 40.710132 40.735824 43.146444 33.905572 34.634586 
27.643008 23.494682 27.387589 42.278810 29.804710 29.420208 27.627207 38.064029 29.072564 28.291489 37.256244 29.338393 30.593773 27.056706 39.137324 38.647736 24.393618 41.092362 
43.334693 38.641236 37.504467 28.626248 40.545204 39.113828 30.891391 29.550436 29.137556 42.206628 29.556491 38.992658 39.454725 40.744268 40.069600 40.216153 25.497302 39.022489 24.177328 42.197901 
35.283362 29.717700 30.373239 28.925300 39.407167 39.466124 30.778688 33.496927 29.194668 39.015959 42.668082 
39.886910 29.716791 29.315292 28.328543 38.892467 35.203950 30.622858 29.402662 36.499492 41.948688 39.169757 
37.081688 29.869184 39.142103 27.910539 35.070925 29.530384 30.667794 38.352883 34.425025 35.776478 29.181310 26.817010 32.338123 28.813720 26.458549 29.748312 39.392633 25.486100 
25.181658 29.947400 39.648940 35.535679 28.370836 29.560541 30.682847 37.707802 41.452459 26.048212 41.889129 26.678024 27.493984 40.380223 28.678356 24.483416 40.699687 32.980153 41.382412 28.381418 44.230519 38.780372 39.629200 28.005111 28.639575 28.676488 26.894275 33.074706 24.896318 40.563864 28.914384 28.213183 
39.616183 30.112501 37.143883 36.539115 28.268184 29.605597 30.494461 37.927537 29.518605 39.355849 24.731452 25.784001 29.403610 26.488652 31.671198 31.646787 32.744593 28.394908 28.712499 26.102062 
40.308666 29.483920 34.014618 37.196360 28.089471 29.234019 30.529779 38.576705 29.484808 38.662788 39.084868 
41.987268 29.730934 39.009146 36.234938 28.242650 39.025735 30.299310 28.964748 29.439704 31.276264 43.348759 26.233274 41.152373 31.115208 23.680575 43.816760 32.061659 40.280319 24.788955 42.474322 
37.297892 29.616272 28.203787 29.453318 28.296977 39.632851 30.768555 27.709446 28.892119 26.601804 26.886560 36.920082 36.224373 37.493193 32.639204 
35.877018 29.592043 40.935212 29.564252 28.646957 40.641425 30.728071 41.810361 37.739003 38.050940 35.829873 43.307154 29.242545 33.543189 28.489611 41.331412 25.431772 39.519783 27.597445 26.008651 30.183165 39.886432 27.710317 31.832534 31.073296 29.427861 27.715212 29.788698 27.475592 
25.654213 29.812152 30.849603 29.604346 28.456869 42.381818 30.786522 41.007200 27.281701 37.822181 40.943809 40.470677 38.625488 26.573848 24.095507 36.427713 41.534389 24.445184 28.824126 25.966233 32.385449 39.130195 27.762867 40.883349 29.188682 
28.233946 29.897461 39.147005 28.993779 28.769704 42.458934 30.376779 30.585224 29.475796 39.792878 43.722251 33.826617 38.178994 36.252025 35.172161 33.783937 31.229883 38.793316 31.382335 40.538830 36.486004 38.261217 25.095998 27.739580 38.396853 24.652338 40.252613 41.860594 29.248215 29.890751 24.890231 34.931424 25.615251 29.204480 29.512386 30.424682 31.296080 24.489414 40.291992 24.815326 34.726738 
40.788517 29.475160 39.646552 29.007648 28.379057 42.075937 30.897157 38.676948 39.535130 41.006619 34.451237 43.090692 30.297059 40.625313 
28.436623 29.587299 24.783122 29.130366 28.147099 29.423759 30.771890 38.784594 39.039060 29.431691 27.592929 24.764791 40.307848 38.380676 41.575424 36.861551 40.858501 41.563444 39.669358 29.941946 29.984093 
30.532154 37.928772 39.798887 29.540245 28.173068 42.413443 39.801614 37.460911 36.405195 30.148506 41.824700 29.301166 39.869946 41.594025 42.992892 30.934605 42.070354 40.913453 
30.573641 40.013791 29.317846 29.894115 28.116741 30.041005 37.648308 36.197560 
30.546926 39.563673 28.922963 29.738851 28.170577 41.009882 37.552115 37.070392 30.440864 42.619068 35.697482 42.459196 39.340986 38.829057 27.198064 29.790989 
30.638984 37.129768 29.162839 29.712621 28.149276 27.647689 35.872802 40.143926 32.752878 41.143809 39.983282 40.626377 29.750242 40.135849 27.434615 43.243479 
30.838971 38.430340 30.015056 29.628703 40.127937 28.095181 26.166637 28.476492 37.021871 35.189894 27.239537 
30.600453 37.625635 30.627083 29.478273 40.528735 28.412702 40.788284 28.965621 41.129132 36.430995 39.641570 27.946993 28.221490 30.480765 28.565520 33.316090 29.806860 29.880178 26.855475 
30.717092 38.006794 41.561518 29.647055 39.599835 28.154480 38.489022 29.854584 41.376973 36.247045 40.758554 26.590488 27.084695 28.751822 26.955811 30.338265 24.736211 26.623120 41.076399 
36.218309 28.213816 29.232343 29.962997 40.860608 29.612726 36.706413 30.593175 28.812077 32.166792 32.679117 25.269250 
41.529331 28.355615 29.841533 29.503573 38.833394 30.134738 37.609015 30.903510 39.472886 37.940522 40.645838 38.857874 41.029393 28.344630 28.678113 26.764859 
38.307525 28.393049 28.400080 29.504399 39.429038 29.240525 34.320655 30.841410 37.897697 34.740682 37.675381 27.699072 35.641074 29.352706 33.077055 27.821406 34.301098 33.209527 
39.012732 28.118622 28.081103 29.717064 39.038711 38.374462 34.904582 30.722761 25.090779 29.177643 33.825489 36.353801 40.478660 38.844450 37.763006 41.404843 27.497397 
39.292526 28.385709 28.734893 29.320129 37.007458 38.390811 28.821812 30.925183 40.666501 42.420597 
39.164434 28.359101 29.539048 29.468123 36.928151 38.677135 30.160212 30.921633 41.675752 34.000338 34.893297 37.566531 34.297496 
39.572979 28.109648 37.877630 29.616027 37.150399 31.870427 30.782424 30.741961 29.870843 36.845098 29.759901 27.324189 
40.103910 37.508491 28.610464 29.206713 43.806527 29.449491 37.727599 30.562676 30.316536 34.841159 25.046115 39.882051 41.609201 32.830982 
39.029280 36.486375 40.292913 28.683823 37.131583 29.642768 44.030549 30.748459 28.320584 30.623549 33.224679 41.393804 41.031926 28.345725 
40.111211 39.269952 36.757235 28.789449 37.012470 29.959745 39.335214 30.924438 28.275315 42.053939 28.764077 28.235123 
29.518657 30.797789 41.500570 29.816553 36.732297 36.064778 39.512337 30.775451 28.090979 24.259849 25.130219 30.869198 41.540739 42.233799 39.831748 26.848736 
29.210962 30.732388 36.461069 30.090167 38.731752 33.298674 39.971849 30.894671 28.743162 27.532791 34.106395 40.982937 28.117045 25.919085 
28.809958 30.372827 28.354627 30.058847 38.624249 39.472770 39.391615 37.936381 28.616016 42.748305 39.626097 28.026408 41.317069 36.696328 28.342934 
28.946656 42.400587 30.465231 30.193660 37.938547 39.764868 28.425874 35.953852 40.408723 37.565013 28.414754 38.955133 33.037319 35.699938 33.922201 
28.771626 39.733556 30.465231 30.193660 27.475730 38.852749 28.450779 26.961731 38.589334 37.989081 41.644478 39.690817 40.539413 26.046411 30.923968 38.703704 41.619922 
28.470467 25.399254 41.292010 29.961725 25.911914 30.356309 27.993360 30.588213 37.215749 39.445793 33.672002 38.174628 28.094321 41.295740 43.857825 28.521622 36.951632 33.849397 32.973277 
29.146107 39.887582 36.636342 29.805103 28.388457 33.674540 27.986325 30.714074 36.617561 36.736297 27.279747 27.322663 27.375733 44.182227 28.342979 
28.805614 39.630935 28.727834 29.623436 28.139522 37.205384 28.068262 29.873734 38.685662 26.193920 30.789770 29.164441 
29.653808 39.451762 30.600034 29.657102 39.951514 40.925678 28.229345 37.107091 38.898738 43.212795 32.170126 39.946388 33.131971 27.385583 32.156226 31.100272 25.456909 
29.332552 39.859584 30.746309 30.111898 37.027213 30.886656 28.087647 29.664725 35.400203 41.937173 24.287583 38.233195 36.720151 
30.741084 38.536042 30.799255 30.580501 38.373808 40.370263 28.035165 29.428201 40.000910 36.388615 25.285840 38.665492 36.756028 42.928016 41.564403 
30.741084 39.870216 30.554063 30.517424 28.283556 37.242077 28.359380 29.288217 39.323900 37.324449 41.034241 35.770651 34.963089 41.392204 39.520097 41.746894 
30.741084 38.856827 28.323342 30.506289 34.098494 27.626247 30.933391 29.191540 37.263186 36.779150 
30.242994 40.643443 28.704099 30.501962 41.681300 30.937259 40.431985 39.605013 29.447317 37.518505 30.922644 38.354050 41.258230 29.999975 30.294913 38.921453 
30.072996 27.934402 24.966110 30.026919 38.490629 30.754712 36.910557 34.680667 39.786484 39.523059 30.625000 33.255465 42.029544 33.274861 30.484031 41.351481 
29.522890 28.148609 35.857517 29.876497 38.768605 30.626432 29.111631 30.881850 39.271156 38.974246 34.450792 35.913286 36.879037 
28.987896 28.578756 39.554894 29.933959 30.843034 39.648405 38.403607 30.692647 37.832455 28.958819 
29.531710 37.890538 39.204317 29.650343 28.225305 28.570656 38.107631 30.378227 32.873968 
29.228352 30.287859 33.878631 30.283418 27.898614 35.920281 36.545254 30.401489 40.628140 29.169522 26.962620 39.120447 28.171811 28.987603 34.796174 
28.975089 26.405214 29.572474 30.257089 28.433962 36.962402 24.575121 30.476534 35.455399 27.712189 37.724982 26.170729 39.445846 29.613274 37.584113 39.814625 39.277867 32.666388 35.050033 39.171453 27.286409 25.162559 
29.150864 28.611441 43.292804 30.269284 36.714548 27.201535 25.598166 30.424750 40.676917 35.891942 24.595634 28.446572 34.207587 28.932028 26.546650 27.275478 
29.156080 28.096261 32.945769 30.269284 39.745360 38.065483 39.344311 30.526884 35.724628 43.404874 38.391646 39.370436 39.405069 36.456812 34.571703 35.629730 
28.553219 28.116440 42.676568 30.373490 36.594262 38.595319 38.978525 30.928779 43.571342 37.252009 30.915130 30.093275 33.533412 
30.910863 27.902090 36.491228 30.507950 39.438264 40.449278 28.369398 30.812822 29.441085 26.650346 24.537923 36.195659 26.685579 41.888700 38.981489 25.616217 36.246753 
41.545310 36.063306 28.015545 30.308415 36.012595 27.305047 30.861456 30.682044 29.700016 40.133266 31.457022 32.500943 33.449725 
37.703190 39.427409 28.773051 30.127127 40.524145 39.928424 29.179127 30.682044 36.578705 26.640625 26.414092 24.253594 
33.604021 41.317718 28.277865 30.212016 37.532047 40.140624 28.787202 30.938645 28.401783 26.486236 39.386894 31.829563 38.094749 28.676328 27.768075 28.277968 34.777063 41.968639 32.290328 27.820330 43.718321 39.987712 26.619092 33.940094 40.058984 32.377783 28.376718 
28.382624 36.741566 28.034100 29.700355 35.785248 41.158903 29.939331 30.877296 32.698915 39.079943 39.548707 26.391624 30.701218 30.062438 30.211415 29.189696 37.339984 39.250928 
41.747441 29.645624 28.168747 29.647593 37.175346 39.027889 32.807909 33.943523 38.315545 43.009945 30.943702 39.020420 33.223223 25.677637 26.111355 26.956985 37.349567 29.026383 41.266164 39.244920 38.625435 32.093055 27.867791 24.829912 40.518859 29.291018 41.670294 
27.814310 40.469843 28.394913 29.764464 29.384899 25.541287 26.506010 30.876342 36.580124 42.124955 36.100040 23.794460 29.284287 23.911506 42.692166 32.599677 32.524917 43.251645 42.345368 40.644382 26.741120 43.242373 
27.233821 39.362363 28.414429 30.172017 29.161035 33.752727 35.500331 30.782066 35.891462 29.507407 33.102233 25.202641 25.828810 24.242206 28.986651 
39.567483 29.077105 27.888863 30.054635 40.715445 36.195543 36.455477 30.894260 38.684329 28.105418 26.141187 
40.148464 35.842544 29.359214 30.054635 28.500159 38.176633 40.584123 30.828850 28.867120 28.576196 28.460646 39.097683 28.249977 27.225508 
40.738527 36.689142 29.489142 30.003793 27.866752 37.076935 40.488583 30.932665 41.369331 27.026489 26.123417 44.458591 35.916146 34.245935 43.583388 
38.560005 25.105433 37.710481 30.030693 27.839041 37.857916 40.797838 30.613907 39.676770 41.471636 29.821678 36.092357 32.982791 36.216824 
36.904337 33.086199 29.425223 29.894467 28.083333 27.817885 39.312649 30.824997 39.892996 24.459656 29.756125 38.181448 29.876769 29.952644 27.820287 41.058557 29.444215 40.554078 37.133397 
25.121248 39.101847 30.073519 29.876451 28.034153 38.085637 27.843817 30.873431 41.101679 37.060028 37.171906 39.131431 32.469154 32.243200 
36.755754 35.687250 29.677763 29.436681 28.223030 39.302955 36.726624 30.950744 27.419670 36.053889 35.126857 28.692995 33.250191 30.257033 40.938095 
40.565785 28.226706 29.903514 29.436681 28.515907 25.744209 23.614836 30.873706 36.395354 40.545047 37.878792 43.814884 28.072457 25.788691 25.820139 25.911518 35.123527 40.292496 24.550997 33.647405 34.608238 
38.601058 29.504133 30.452938 29.226561 28.477546 35.660453 37.797502 30.899005 39.102136 37.491194 40.022659 26.954906 43.665666 
25.855031 40.562056 29.159784 29.130875 28.382120 35.954680 36.772572 30.904419 27.732655 29.346494 28.196665 29.554081 30.316851 26.523108 32.969141 42.817121 35.108449 26.025556 32.655241 
29.287267 38.600319 29.530754 29.181052 28.512710 28.407122 36.361376 30.904419 39.112353 28.912112 34.333359 37.690782 
39.518331 38.044141 37.809259 29.189032 28.229851 26.148937 29.238243 30.864311 30.145774 41.287580 33.065131 42.862220 27.545614 42.951944 
28.875587 37.107221 38.160508 29.396070 28.000842 29.810166 36.978511 30.644419 40.706538 34.500216 28.781282 41.728181 36.057462 44.057379 25.258707 27.457996 
36.755281 37.489232 39.837926 28.949914 28.313279 30.280488 38.924545 30.514861 40.689835 39.858868 39.021598 29.123627 24.791874 27.225087 30.988233 37.272510 42.462525 38.260654 24.038136 26.539116 
29.717135 38.350441 29.797536 29.350076 28.192378 29.950333 37.699900 30.688922 39.134755 27.188292 
26.983936 30.929033 39.781036 29.347543 28.292916 29.605159 36.753979 30.918845 37.601374 36.295613 41.076943 34.025545 41.407810 24.614661 28.959551 41.920799 41.380307 40.679770 37.437797 
29.642807 28.503099 36.412338 29.506321 40.976998 39.947503 36.110355 30.757933 23.845743 33.312994 29.620595 24.318823 40.368246 30.137014 
30.116606 28.045966 36.476916 29.425590 39.029240 38.212904 29.599377 30.949256 36.873225 28.232299 26.549042 35.478346 
29.159782 28.108073 37.289057 29.859769 27.656866 32.895029 28.257157 30.704614 42.972881 40.426666 38.425484 36.081667 27.817853 41.632497 29.578712 
30.048623 28.273012 27.246330 29.476178 32.843170 29.956557 38.121924 30.774998 37.778164 41.489920 23.876396 30.967117 29.360264 40.509088 31.839984 40.062998 
38.269654 28.071060 29.280939 29.312309 30.859878 34.064009 36.416529 32.992351 37.481888 31.732977 36.819561 
40.698367 28.071060 29.471524 29.312309 30.962125 42.508574 25.938339 37.669254 26.487027 25.432655 41.215708 29.924582 30.267998 29.616388 35.704081 34.612469 35.977588 
35.692269 28.128061 29.439617 29.444786 30.855748 35.766985 41.182990 29.393203 28.238081 39.933788 42.692697 41.792465 25.545824 39.992766 
35.386021 41.925792 35.787416 29.469399 30.658480 23.718616 26.659607 30.180094 40.917405 28.163988 30.000175 34.033154 24.206925 
29.747799 32.748948 36.619616 29.445512 30.844666 24.597736 35.873407 39.713257 38.968138 28.093142 26.810660 30.743108 
34.707116 37.552603 39.814365 29.445512 30.929756 28.093142 24.703719 37.947970 28.790904 42.687000 38.196968 24.471599 
39.388230 36.584975 33.342195 29.445512 30.684632 28.093142 26.605091 38.703128 29.017330 26.749536 
39.507017 40.556634 39.084487 29.402868 30.911736 28.093142 41.166510 37.447498 40.552466 40.306670 28.888512 24.703378 
36.433335 40.666072 29.405488 29.437464 30.701777 28.028357 36.766637 31.163391 33.770663 
41.731104 37.867457 29.275184 29.851134 30.917468 28.557018 38.959884 36.368203 29.375458 40.094642 29.551608 
39.196858 25.335888 36.671605 29.939629 30.855602 28.002852 36.743730 42.358090 29.344118 30.120536 39.851145 39.602523 33.994002 
28.413606 39.656185 29.765553 29.968258 30.852550 28.085345 39.169817 36.521496 29.015868 28.740309 
36.796490 39.571178 29.234031 29.782439 30.661899 28.357884 38.589480 26.866209 29.049899 26.917979 43.667902 
28.421390 34.687846 29.487684 29.899562 30.742927 28.261890 38.599973 39.972273 39.129489 37.945293 37.129839 
39.573235 28.692702 37.071749 30.055775 30.656988 28.010674 39.368008 38.146388 27.065161 29.114447 32.473580 
