980.431196 723.310987 131.961942 1.177889 0.337818 938.984076 1818.546523 23.330708 0.226645 142.414020 153.448415 20.506137 1266.852658 
0.817476 268.441661 144.318248 0.222878 0.609556 0.275283 940.398997 15.998425 0.263688 1112.626542 1567.785220 862.401268 548.618147 4.077769 9.833563 80.103212 29.640461 169.700560 64.960009 
2217.922714 2702.574880 627.596942 9.523394 0.312793 0.454069 600.031335 12.919354 0.384394 185.329539 894.863266 2155.477555 967.008033 1380.409329 244.600068 0.652380 100.283742 1.258971 
49.007591 0.333292 855.703812 199.205118 229.109338 39.776200 850.251599 1159.850817 0.217262 0.967372 0.474957 0.225692 2.052995 3.203743 20.667763 0.389273 400.007269 2.268966 117.819135 8.754396 
459.150217 0.417701 763.255797 404.633103 0.145964 43.251532 635.831733 369.781854 0.086017 22.091423 17.342312 
192.912247 0.328943 632.887779 84.469490 1.803851 114.649567 169.339018 0.159980 687.201207 7.988745 72.177265 
868.263062 0.270459 19.991404 1638.162367 0.351654 0.225560 151.711428 0.234254 845.750103 164.973213 161.928197 323.589534 1549.342551 115.375625 358.566154 34.529534 19.713923 1165.883228 
8.040040 0.269733 19.175869 215.589326 1874.453191 0.259948 413.001971 1.269828 0.660375 8.065160 696.162548 637.274995 7.843099 5.798922 150.531247 2018.614455 510.080707 207.710630 4.277259 7.018643 12.499439 86.151559 2.696378 3.578942 57.020726 1048.508121 1661.921999 982.882697 36.344222 4.877015 173.347850 155.559395 
1265.738720 0.266231 44.153892 1405.540936 298.102819 0.297648 980.369138 0.277442 38.007261 6.015653 606.389372 37.154490 748.962009 28.416010 39.181988 1839.101704 143.571705 542.704345 1162.605927 1004.023301 
9.452029 0.243821 278.361536 1013.103390 214.667191 0.502882 273.157199 0.564177 312.724953 40.794339 304.049528 
39.866290 0.337052 1.173536 865.878613 249.655359 11.690211 398.391799 865.087081 0.300477 2.909122 1.620792 1840.418050 1.176085 898.331547 284.895490 1.042181 2245.999245 51.810259 191.211038 128.822519 
376.111925 0.273621 136.473202 0.359406 1119.188369 18.700823 540.277200 195.764895 1367.564788 1277.044141 365.089828 82.980581 539.413205 0.294254 1216.396399 
10.027112 0.284401 85.444521 0.336172 334.989866 3.043346 1020.772453 0.206773 561.026876 0.467159 1337.281790 306.064623 972.927018 964.248299 3.332712 56.277892 93.076664 19.080309 176.234026 1281.302987 208.914494 1.146739 18.707539 963.847647 2.190783 0.575837 250.229107 465.435562 82.044329 
734.928750 0.356601 345.101178 0.265307 190.747474 9.154941 160.433171 302.537800 153.583300 1.644400 74.803156 23.291481 22.744793 185.472629 8.269718 1730.695603 1.760690 428.430921 149.882523 1183.003917 763.255982 881.596962 115.222996 1189.706547 179.774603 
564.884516 0.351786 21.245264 0.343375 625.674476 0.432395 2296.670840 824.090002 221.363067 226.754476 8.036528 3.457652 1.016980 2.160372 87.007800 907.574140 3.754901 376.631746 961.539948 2.908427 182.312211 460.272654 505.787379 176.194451 24.487011 17.603069 30.518746 104.583755 39.006659 3.881785 2380.669730 2559.592667 125.946288 37.242376 1.996445 71.942337 8.600622 126.286815 713.481469 1179.273394 1612.041776 
20.403856 0.287600 13.101903 0.281959 232.889601 19.352001 112.572707 0.817513 885.811916 4.075669 877.479557 100.474423 590.960252 1.393882 
2.376915 0.264872 1.163741 0.336332 1165.578184 1636.903950 486.885266 0.669534 17.069668 402.885826 77.687435 713.130936 40.243824 149.365465 10.578414 629.550298 59.912508 1.791302 415.648911 165.174461 133.334958 
67.217602 0.302469 11.466423 0.236918 593.085744 136.450348 20.712607 422.241736 266.451449 650.275009 12.576544 0.296790 19.648338 3.325999 1.686816 561.985200 35.993236 0.387999 
63.168621 24.094958 0.231440 0.230818 222.900059 530.135207 0.321164 519.343313 
58.666658 40.566771 0.257450 0.338380 261.062362 384.567975 0.678471 1185.386739 487.862540 6.739633 316.135848 10.006507 578.308980 141.273083 670.286503 835.219041 
1262.315552 0.578908 0.297768 0.304592 1965.336147 97.400629 409.739930 48.191701 1568.483391 0.996769 19.816562 2.814939 472.604335 62.580811 735.487190 51.380215 
685.125556 0.180543 253.031176 0.179103 16.926440 590.908706 765.552989 0.778496 590.574683 541.636491 0.361734 
43.840659 0.405067 368.582102 0.226363 12.306706 1921.852826 49.572985 0.340658 7.199380 151.853004 1249.599674 726.950132 1.350465 0.993517 582.728388 863.051547 1482.379501 0.972206 358.868037 
280.372647 0.849460 0.785468 0.159123 12.122159 228.749621 188.798962 0.487993 16.764697 131.973193 29.761639 327.062985 2.920628 958.190010 15.577323 240.047543 468.481466 994.520249 4.661466 
780.409607 316.245598 0.385890 0.278381 16.731583 610.348571 0.311683 228.033706 311.401147 707.873008 811.562824 620.584632 
180.973988 226.478184 0.353808 0.186161 34.120024 1089.109813 177.373235 72.882914 1.260329 0.247742 23.232891 0.593729 0.684053 726.573021 229.501640 993.728351 
741.529713 131.347189 0.347466 0.191876 13.009824 740.566962 90.430833 366.019518 0.180947 88.020028 2.435248 531.004610 261.394476 86.541307 3.786766 834.051542 612.619671 280.563222 
61.732503 809.322437 0.744010 0.092681 12.308577 264.460615 321.731960 132.934996 26.242117 409.720841 60.074002 24.968132 3.359849 0.464941 0.662509 32.452099 322.825823 
12.386457 353.566434 0.533279 0.137939 474.785903 0.151882 542.712511 105.574205 482.942243 8.870282 
11.425457 417.023710 0.305311 0.176863 366.960047 0.603522 1099.282007 176.411674 12.098379 372.965251 46.748083 0.428852 133.882414 
16.927897 1262.564019 0.398101 0.212391 419.381732 449.518127 696.175830 106.421017 0.247643 1345.327985 149.752850 212.378793 
10.237466 577.655433 199.129326 0.246042 111.228821 0.230429 0.324366 94.541622 1037.770966 817.551075 893.485016 5.873168 388.087694 1086.709723 
10.908280 650.811020 32.193309 0.249840 0.788903 0.292304 537.416392 180.526334 648.069426 1348.350388 181.552164 10.504164 7.989866 407.376478 
12.392940 0.469584 1929.009048 0.313338 0.349093 0.271260 242.410963 207.390826 1665.610787 14.971747 300.599408 539.610657 
0.246558 1397.195589 744.563338 0.225813 1.805491 160.243098 16.081342 80.202595 509.133645 243.416113 1954.573668 1.030248 0.746604 35.003595 0.419628 326.141940 
0.231529 1549.865234 529.116480 0.225583 0.298609 2004.296852 14.841464 39.603751 612.338446 580.341228 10.477252 24.875623 1800.933840 222.240233 
0.242343 1226.009387 372.520414 0.253802 0.321330 2.561994 13.095880 631.638175 605.424050 13.930702 313.980257 926.640797 127.490625 62.225454 1564.222352 
0.217877 6.686584 217.440931 0.326988 0.355080 566.254165 134.929309 140.933331 67.357033 156.610259 1889.491476 1.598170 810.681454 1.969102 177.689483 
0.250855 2.126274 195.178706 0.263444 314.584410 2.660713 84.435024 1101.903838 30.943180 668.558376 116.195285 10.688261 19.175873 379.076360 296.093684 17.281988 388.689891 
0.196147 1.266134 1.701544 0.265182 276.580249 759.306538 332.517660 259.213501 107.191146 1164.370050 214.617725 12.329326 1096.873232 266.939206 5.187689 23.109172 0.193122 70.175668 10.209816 
0.385608 16.771035 5.131397 0.239646 973.295054 725.220339 229.965873 290.798438 0.782987 1096.901563 415.823213 61.109399 428.596212 12.867427 146.698758 
0.238491 14.367303 772.803598 0.188252 35.247793 846.960528 1192.736478 854.523217 0.721253 115.373959 223.988824 855.945165 
0.294183 14.266139 271.887541 0.262697 13.290690 2.690486 205.747252 637.648507 0.892574 401.509951 49.137804 1867.272491 470.680787 630.502328 14.164729 478.402382 41.829359 
131.610363 11.079059 63.819512 0.192983 812.197646 1390.499744 343.572370 0.240305 443.613533 14.705574 667.721321 0.622007 486.640419 
744.248342 15.385526 48.350315 0.209692 0.273254 120.675389 301.287428 0.217548 0.654233 1460.709911 1567.084890 72.637365 1355.868334 10.701034 17.123093 
850.841143 12.637088 67.933884 0.229692 1063.324143 702.503488 213.146430 0.249617 29.485523 1.312823 4.587070 380.495445 952.520271 12.756581 1.512603 575.422180 
803.544819 17.475435 1398.736526 0.208769 609.912816 18.080749 39.349982 0.302615 1.031137 251.470003 
0.624662 112.639580 537.863659 0.177012 6.066157 69.652028 72.900692 16.806038 0.144739 589.977139 888.214785 0.154050 8.378845 684.928400 90.442153 12.780758 
0.278754 400.404874 305.352276 0.245385 0.566000 1587.922191 1179.666260 31.998781 11.080230 2.760591 338.148078 363.774356 362.802862 293.019268 380.409845 247.833276 
0.358764 413.210187 390.938254 0.159112 0.193600 123.043297 1090.330928 1167.353774 44.383158 16.802834 0.311066 358.316071 142.329580 
0.179852 356.987111 19.433404 0.216911 658.458098 13.953915 0.183836 138.482212 558.369206 323.834178 
0.163796 615.969734 16.278334 0.314541 976.525678 985.595213 0.238406 168.112198 271.220528 
0.379241 275.648198 380.695352 0.192674 1061.954626 195.371735 0.927732 334.038887 30.575824 352.839484 299.282975 14.205716 572.366456 47.808609 34.708700 
0.233703 8.471570 1878.699994 0.301347 2200.557191 4.445072 486.522909 503.229134 1571.384567 148.582193 0.247538 1187.809151 49.373318 0.837034 66.586662 16.521649 6.853503 660.568976 231.495695 12.508137 115.257697 55.289856 
0.202022 652.590151 19.043322 0.254067 1.432480 1796.857123 1057.108590 153.774451 17.221714 295.144380 256.716253 670.025965 333.984043 288.974701 1.822237 64.376861 
0.285506 491.784458 400.935701 0.202407 45.589572 1.193623 11.200916 1117.343722 126.424422 654.535885 149.230357 2.624102 4.840263 164.301821 31.369070 61.269475 
737.906819 321.012379 19.534749 0.228908 109.938284 0.571361 19.176087 281.739754 0.526220 331.350902 338.586699 0.209077 539.555553 
37.118857 524.039092 511.508592 0.229598 165.975805 0.919677 246.660142 309.377342 0.235341 306.905415 1632.439374 655.659937 71.123004 248.337827 8.424109 2.234532 49.491173 
45.841866 0.270884 158.699525 0.236662 225.112529 698.393206 60.200604 1526.682854 0.355205 11.833510 316.790585 288.350095 76.795055 
1.315994 14.778547 487.608209 0.287472 85.333930 3.531263 0.149739 492.394667 717.657364 1019.051125 374.195186 1.131914 
489.761253 274.697796 2420.627921 0.270148 980.903606 34.597290 0.283723 915.770468 2488.057624 635.314674 18.962186 98.175646 0.255727 814.568360 81.462349 0.938472 83.425582 17.375905 17.201392 525.783748 5.714971 13.578812 49.849072 54.120771 92.197156 22.320413 12.259338 
662.664989 90.748438 322.242360 0.236449 9.134650 224.209610 0.218679 454.570535 378.749177 0.329858 19.551968 556.997432 624.387456 23.477439 721.117603 119.777606 0.225101 1.332371 
10.710151 0.416324 648.292323 0.213078 1077.856505 0.267665 108.578828 1462.128854 1908.635629 3.585987 459.174028 34.129483 269.096404 737.202322 67.416710 1.434506 0.704045 38.590475 13.137297 411.937884 1.610511 300.820694 211.302268 175.286292 3.133498 763.470334 710.417899 
745.164777 12.296892 239.155680 0.179770 0.511389 146.405489 347.161405 812.344303 0.428364 0.329733 412.368365 18.443181 471.327787 784.657162 221.543317 103.229405 1048.353281 1.858734 3.485089 10.811603 469.487422 13.421723 
108.216428 17.681940 424.274178 0.161926 0.311154 133.214639 628.934912 376.590649 0.692344 907.050069 367.824280 1.228403 1190.497854 195.896056 33.322976 
25.639532 0.212189 465.405403 0.232251 1.851594 456.117280 693.257935 1264.862817 0.271057 833.972492 181.212948 
15.883957 236.467220 0.158819 0.225153 414.648429 0.533117 11.064286 859.164860 572.161827 587.404488 971.680380 98.045304 411.013032 23.932377 
44.707179 149.331996 0.126599 0.277251 352.531507 0.180786 12.739608 150.887524 2.699249 688.077971 89.178952 197.719147 6.037745 977.551082 28.325521 
769.539714 311.512214 579.266238 0.292473 209.074653 0.266508 5.186347 243.232320 17.657700 8.308435 0.160963 8.821063 388.457974 66.925521 
74.744689 372.012848 0.245681 0.225287 408.000338 788.387386 28.990345 1251.313278 3.023176 875.164695 6.555477 0.231592 307.200024 131.647725 1177.660449 28.685433 0.303952 7.780494 44.254489 
1109.749920 11.373909 0.142505 0.185642 698.202031 1.002945 743.678535 256.272560 56.094929 1.490849 1297.759410 0.328999 562.026576 1368.719980 
0.171698 3.353389 0.195970 0.187766 181.361410 18.796165 517.941209 415.926234 555.416043 57.742253 1240.216193 169.041745 0.885832 1164.473419 17.733765 
11.375412 1032.385765 0.440490 0.201686 1426.286783 1.564337 2.765935 314.649930 123.199823 38.986119 1.169248 27.141911 44.890881 660.470309 47.556911 97.729931 7.160393 774.274608 239.550950 405.095357 0.215393 
20.805683 1322.495905 0.436189 0.268404 533.123522 762.109056 0.677730 379.548740 7.092815 567.213646 17.953742 74.363459 105.002822 
552.832673 17.284878 0.237786 0.246369 1905.359137 798.860701 0.370669 422.631636 944.607799 340.925019 155.463247 3.007125 1648.349035 92.465749 1770.527822 14.614481 35.236604 682.252881 78.537077 
324.618324 0.583219 0.949543 0.139664 187.363909 160.368095 831.484497 242.154562 22.304183 637.528962 798.479539 0.136207 
8.999540 1.388321 80.276917 0.282230 301.260619 1192.078882 0.161536 523.036018 640.159528 301.307097 238.692626 486.135327 422.332916 16.723383 
264.769851 0.123940 24.387721 0.263135 691.824415 0.359851 343.805361 284.389831 6.393552 808.250986 231.057408 15.128676 0.919115 145.624307 345.001318 54.919517 
963.264711 0.211450 14.586222 0.233238 520.284916 0.252634 440.297911 20.623803 0.730808 85.977984 1.031553 645.985378 717.582369 148.391358 581.137862 76.844142 856.608355 85.103254 102.315316 56.510870 
622.468133 0.909205 975.990753 0.230851 645.777021 0.191216 445.938280 79.640027 15.380231 106.758428 
295.709876 1217.173163 17.846045 0.253579 335.210379 0.435588 477.942165 538.817050 0.353400 571.756209 101.137205 85.735626 55.824829 1720.253507 167.905941 13.898522 43.886027 128.201312 107.069249 
0.181263 280.774492 0.251411 0.207427 17.024453 20.488945 418.940092 267.197573 1129.031338 381.381642 170.710792 208.891569 22.628342 418.254672 
0.380013 620.152291 947.676927 0.282143 15.518355 1.215678 772.336461 405.321477 1125.294554 327.272051 37.226810 103.796969 
0.273673 324.356961 0.450468 0.261118 1334.684556 1300.809704 263.632274 592.883431 70.218870 8.205581 36.296508 282.129899 126.231969 21.439569 11.546864 
0.270558 1218.640690 14.069144 0.215334 357.624119 527.270723 1.261074 918.042740 30.055639 13.172019 754.195739 349.449162 218.102311 9.070092 350.186912 34.942776 
18.798518 369.744016 641.186002 0.232991 1397.367472 522.897041 288.219179 18.332425 0.331381 783.601036 13.224304 
11.181491 369.531329 22.426179 0.231457 60.802575 63.599335 161.020851 0.248627 420.163886 4.911540 7.939134 0.512267 616.111363 1592.595557 251.901235 167.190700 1.547065 
973.928350 119.835153 232.619393 0.179641 248.423350 0.914335 12.079051 0.194146 668.306247 7.494317 55.091663 88.128344 791.527883 5.927840 
167.333793 33.968111 0.987547 0.220976 1200.279400 603.382686 243.326752 0.442961 12.782256 298.277039 374.217757 1205.447668 938.566907 
1745.229583 395.692922 0.419051 0.205239 228.066857 1057.613224 996.383702 150.025827 9.443288 973.897422 1538.194833 535.730921 
97.418714 1145.099743 4.966362 0.192345 579.721481 135.858718 141.070583 25.951405 680.420818 89.419863 0.487876 113.478495 
18.896209 1231.158889 1269.233835 0.195736 113.575254 102.158225 9.570269 5.915250 306.634966 457.476750 
14.367866 17.391146 0.387776 0.170683 204.465591 618.986454 11.954396 511.673303 772.954881 6.618355 719.616771 523.297342 
383.616637 13.331166 0.188966 0.189899 544.623499 258.432114 0.076076 616.066863 586.733482 
8.592459 361.681855 0.225115 0.288357 95.951948 195.872468 0.218058 860.400765 538.583946 13.435379 596.722899 
15.416274 491.232131 227.733054 0.339149 299.425189 815.694056 0.372642 63.127414 0.146725 1009.324474 8.805880 3.873228 110.246116 
522.935455 14.552450 0.157827 0.355772 355.507402 517.950150 0.548717 256.525556 379.870565 1005.876521 
493.275130 18.374220 0.378282 0.181218 468.914306 288.840889 2.913228 295.283518 582.874581 112.379084 21.366839 
639.805503 1191.521465 0.213410 0.316720 332.650796 429.449095 25.087983 8.395945 204.419377 0.364679 1150.831995 
17.393878 0.539462 655.038530 0.198584 213.141203 381.412758 13.332403 0.453158 724.788225 0.300542 732.380360 
