0.000000 0.043272
0.000000 0.015615
0.000000 0.027050
0.000000 0.024627
0.000000 0.048615
0.000000 0.018208
0.000000 0.022552
0.000000 0.018535
0.000000 0.065511
0.000000 0.067082
0.000000 0.026900
0.000000 0.040737
0.000000 0.025470
0.000000 0.052189
0.000000 0.021042
0.000000 0.026128
0.000000 0.019042
0.000000 0.037677
0.000000 0.127628
0.000000 0.034225
0.000000 0.016060
0.000000 0.020555
0.000000 0.050210
0.000000 0.021728
0.000000 0.029795
0.000000 0.023325
0.000000 0.021356
0.000000 0.020590
0.000000 0.025694
0.000000 0.030735
0.000000 0.097363
0.000000 0.037800
0.000000 0.058133
0.000000 0.018103
0.000000 0.049110
0.000000 0.024631
0.000000 0.037035
0.000000 0.031621
0.000000 0.018868
0.000000 0.041647
0.000000 0.041367
0.000000 0.016383
0.000000 0.021555
0.000000 0.031049
0.000000 0.032554
0.000000 0.032140
0.000000 0.023835
0.000000 0.025263
0.000000 0.036271
0.000000 0.033847
0.000000 0.028946
0.000000 0.025255
0.000000 0.026593
0.000000 0.019387
0.000000 0.042039
0.000000 0.024454
0.000000 0.028114
0.000000 0.044324
0.000000 0.015590
0.000000 0.027816
0.000000 0.032523
0.000000 0.030155
0.000000 0.028039
0.000000 0.036649
0.000000 0.028336
0.000000 0.038704
0.000000 0.016403
0.000000 0.019839
0.000000 0.022576
0.000000 0.020779
0.000000 0.033811
0.000000 0.022845
0.000000 0.030367
0.000000 0.020232
0.000000 0.022739
0.000000 0.030344
0.000000 0.017042
0.000000 0.025644
0.000000 0.044050
0.000000 0.035750
0.000000 0.016762
0.000000 0.029827
0.000000 0.021531
0.000000 0.017784
0.000000 0.037936
0.000000 0.047777
0.000000 0.037085
0.000000 0.030002
0.000000 0.040722
0.000000 1.151955
0.000000 0.028460
0.000000 0.027312
0.000000 0.030089
0.000000 0.045520
0.000000 0.031500
0.000000 0.030355
0.000000 0.018846
0.000000 0.026580
0.000000 0.047846
0.000000 0.027656
