  0.304793 524.428701
  0.306841 537.261973
  0.332293 555.078392
  0.315895 576.667816
  0.309615 558.150253
  0.311285 531.615300
  0.299552 569.177712
  0.283413 561.999235
  0.294924 563.087901
  0.312341 554.303217
  0.333997 563.119634
  0.321976 546.190692
  0.323731 579.245718
  0.332835 563.615109
  0.329113 597.666425
  0.322636 555.273877
  0.327310 547.640504
  0.320288 584.407982
  0.318765 557.736210
  0.301773 574.430885
  0.302540 536.401382
  0.316816 538.989327
  0.291212 569.587029
  0.280312 530.475143
  0.274615 582.347850
  0.286619 562.532404
  0.261790 543.304177
  0.268664 575.981888
  0.270785 561.384116
  0.272251 577.103910
  0.276599 558.743274
  0.274000 586.686718
  0.268211 553.290416
  0.273664 553.780813
  0.269179 571.661329
  0.275955 554.996410
  0.264566 560.684924
  0.288278 516.168287
  0.283784 580.057499
  0.261558 568.595586
  0.244179 551.051128
  0.253927 557.286350
  0.253637 557.672168
  0.248482 549.434181
  0.259651 575.325412
  0.263657 532.202622
  0.252799 552.281244
  0.264244 542.994340
  0.254123 627.912654
  0.252473 576.836696
  0.254949 590.019646
  0.278917 585.857325
  0.290813 551.585732
  0.276762 570.416022
  0.267718 567.202885
  0.268112 582.266545
  0.258569 527.441412
  0.279588 553.250514
  0.262663 538.178011
  0.252331 556.037247
  0.264332 570.745457
  0.266335 548.915491
  0.259852 579.392039
  0.253301 543.852303
  0.249084 557.924387
  0.248225 568.841199
  0.251456 574.365593
  0.244353 572.029402
  0.261637 565.343455
  0.267623 543.772404
  0.269404 540.829189
  0.285648 582.127319
  0.302481 577.875073
  0.303742 564.402352
  0.283985 538.492004
  0.281134 543.559807
  0.286879 514.410908
  0.271714 555.978722
  0.256046 562.513792
  0.268776 550.621525
  0.272587 563.742975
  0.265302 602.797119
  0.270552 585.374991
  0.263380 510.737440
  0.262860 549.723160
  0.252957 519.727972
  0.252216 534.587966
  0.253629 569.475962
  0.260224 555.239222
  0.251938 551.867821
  0.258052 525.708312
  0.248435 573.589622
  0.249638 550.978787
  0.270695 552.546936
  0.274679 514.060350
  0.286114 550.762225
  0.290576 610.266254
  0.285241 549.062616
  0.269929 610.351100
  0.256224 565.628835
