0.819300 0.999859 0.944525 0.798239 0.960889 0.926867 1.088702 1.197526 0.804486 0.913992 0.915112 0.896755 
1.003652 0.850961 0.925101 1.033580 1.022707 0.856196 0.914028 0.887410 0.980502 0.845087 0.875040 1.190864 0.846048 0.952125 0.945956 0.843555 1.098831 1.213624 0.932607 1.144827 0.817530 0.915891 1.202193 1.129116 1.073774 1.074385 1.004269 1.139153 1.221836 0.795042 0.824392 0.795975 0.931965 0.900777 0.990953 0.904709 
1.033960 0.895641 1.256014 0.878319 0.948705 1.120777 0.959377 0.957919 0.890800 1.157911 0.806793 0.906984 0.795424 0.799630 0.837652 
0.905367 0.971294 0.865808 1.046842 0.929374 0.906625 1.014196 1.154899 0.965193 0.850847 0.863009 1.173087 0.817518 1.151294 0.839183 0.818645 0.975733 0.864662 0.826459 1.021703 1.096158 0.827357 1.248216 0.860418 0.892832 1.072576 1.059198 
0.905138 0.968711 0.973581 0.801474 0.976181 0.983922 0.949172 0.879080 1.182700 0.937456 0.856235 0.856959 1.091046 1.000047 0.833767 1.000120 1.142719 
0.957518 1.061981 0.915000 1.017104 0.924413 0.832446 0.991542 1.167407 0.869160 1.134198 1.025781 0.825824 0.798754 1.224561 0.939322 0.931595 1.098352 0.979195 0.930286 1.102330 1.132271 0.871789 
0.940146 0.970503 1.022212 0.884992 0.857212 1.235750 1.248124 1.114989 0.897242 0.893890 1.021186 1.253723 1.107669 1.077076 
1.156345 0.804502 0.842333 0.854569 1.043018 0.900110 0.863471 1.202574 0.893748 1.052512 1.074781 1.118034 0.829779 0.966347 0.938886 0.985775 0.867816 1.127685 1.027009 0.935317 1.059347 1.123755 
0.982408 0.990525 0.885483 0.919646 1.045061 1.109812 1.136442 1.114685 1.001988 0.944609 1.138594 0.924942 1.061494 1.254342 
0.925448 0.924694 1.005069 1.157610 0.814643 0.828290 0.984754 0.878143 1.054074 0.887723 1.047941 
0.927820 0.817971 1.026950 0.804145 1.179826 0.877970 0.861354 0.964334 1.200780 0.907140 1.020618 0.802763 1.065167 1.094696 1.042032 0.897446 1.045764 0.973271 1.047745 0.940539 1.220078 0.811151 0.879222 1.088534 1.150412 1.040578 0.796678 1.029493 0.842469 1.028804 
0.896195 1.094850 0.810286 0.827370 0.899037 0.909176 0.833469 0.803752 0.877788 0.827660 0.911692 0.838474 0.959523 0.825321 0.991888 0.950634 
0.889009 0.826908 0.995226 0.902930 1.216539 1.024895 0.833058 0.794971 0.938230 1.056406 0.898089 1.049421 0.902613 0.849667 1.131477 0.956246 1.107462 0.928031 1.100029 1.116544 
0.864173 0.821756 1.005501 0.800437 0.934556 0.799118 0.891127 0.926745 0.991724 1.252782 
1.050108 0.990378 0.911907 0.852494 0.874068 0.885769 0.885656 0.884262 1.206943 1.147819 1.122800 0.906006 0.797100 0.987244 0.932717 0.883939 1.186946 0.839119 
0.974475 0.806750 1.142206 1.066986 1.135581 1.195752 0.852724 0.818970 0.992500 0.874863 0.924449 0.824982 1.060359 1.018568 0.901453 1.090722 0.850367 1.236768 1.033030 0.796604 1.242211 0.996463 0.956792 
1.130840 0.950518 0.927358 1.077116 0.806040 0.936914 1.061684 0.899003 1.149318 0.804692 1.172256 1.196279 1.044346 0.930202 0.892457 1.131714 0.879174 0.917318 0.849251 0.885383 1.236929 1.003548 1.052622 0.795542 
0.818384 0.872707 0.821671 1.214868 0.915730 0.912176 0.930846 1.006972 0.959176 1.012332 0.906652 1.057762 0.951976 1.006015 1.251846 0.822692 0.832719 
0.839460 0.845271 1.224061 1.134568 0.945014 0.945896 0.906218 0.932778 0.826501 1.193625 1.001465 
1.061695 0.887626 0.973316 0.894897 0.900233 1.022524 0.961014 1.085462 1.027739 0.805577 1.231583 0.994290 1.234703 0.875072 1.183686 
1.142081 1.177555 0.800007 0.944615 0.908729 0.843767 1.022625 0.961853 0.954982 0.989501 0.925354 0.796851 0.794423 0.993531 0.927761 1.126062 1.100345 1.041988 0.865412 1.186733 1.184498 
0.981459 1.051212 1.191665 1.068793 1.008179 1.039472 0.916534 0.956068 0.915194 0.967454 0.888387 0.866254 1.151764 0.958577 0.897453 1.171737 1.163152 
0.927599 1.051556 1.189818 1.008745 1.074620 1.097027 0.982556 1.236005 0.924133 1.235900 
1.123167 1.033091 0.968190 0.963876 1.069013 1.089366 1.018974 1.047623 0.901029 0.977651 0.971317 1.158381 0.802333 1.181860 0.957080 1.227674 1.234814 0.964822 0.896167 0.817828 1.142542 1.251990 0.924487 0.794594 0.862557 0.877454 0.915611 1.123933 1.129967 0.866375 1.012660 
0.939066 0.996305 1.027808 1.073834 0.916202 1.252363 1.105455 0.856354 1.141147 0.939743 1.025271 0.883630 1.097990 0.897100 1.003402 1.137323 0.880155 1.089708 1.208497 0.964834 1.242330 1.172520 1.006930 1.191182 0.896568 1.190594 
1.161735 0.850102 0.882911 1.111213 0.934062 1.007323 0.917640 0.836510 0.888798 1.053793 1.003931 0.932489 1.037147 0.825130 0.980569 0.956774 0.931794 1.019159 0.925143 1.209882 0.900179 0.864326 1.177101 1.004041 0.953705 1.098944 
1.240104 1.153094 1.093796 1.167004 1.133301 1.035010 0.878909 1.022178 0.820106 1.108321 1.114379 0.922894 0.858860 0.927896 1.059470 1.204855 1.122967 1.083790 0.878013 0.817282 
0.912742 0.880330 1.046054 0.948767 1.062500 0.924470 1.097891 1.075999 0.873893 1.032012 1.154449 1.081392 1.031710 1.000415 1.047442 0.967837 0.951738 1.086375 
1.086417 1.011659 0.979499 1.086450 0.831974 1.111604 0.940967 1.014109 0.987454 1.001453 1.139602 1.139763 1.125460 1.008979 1.061164 0.978704 0.907047 
0.981640 0.989399 1.011533 1.191331 0.932017 0.940618 0.966994 0.836283 1.222885 0.950400 1.081100 1.036065 0.814016 1.092703 1.240859 0.982994 0.945504 1.197109 1.065508 1.188830 0.830758 1.187428 1.004656 1.104131 1.032134 1.172861 1.203285 0.817933 
1.150614 1.086171 1.012200 1.241216 0.970577 0.825116 0.951881 0.930909 
0.983169 1.156670 1.002096 1.036892 1.153611 1.223764 0.939834 1.063429 1.143221 1.026812 0.939386 1.226464 0.966598 1.183872 1.178306 0.888299 
1.060938 0.896827 1.132760 1.151840 0.997697 1.076047 0.899626 1.033868 0.878662 1.101126 
1.141325 1.067001 1.053140 1.072563 1.117497 1.026471 0.966333 0.891056 1.006522 0.953792 1.098754 1.029467 1.190492 0.940766 0.950560 1.097121 0.821935 1.068888 0.927232 1.087657 1.050931 0.856095 0.887549 0.970933 0.937701 1.216220 0.880942 1.159922 
0.992779 1.070178 1.069747 1.219761 0.911629 1.138793 1.134714 1.015845 1.164446 0.810151 
1.013408 0.819683 1.017064 0.996262 0.935245 0.901685 1.072267 0.837961 1.062940 0.989053 1.114086 0.855398 0.883217 1.098270 1.058950 1.180841 0.871563 0.975841 0.855815 1.066379 1.086672 0.830530 
1.177749 0.851104 1.070475 1.178417 1.072959 1.009731 0.987290 0.929248 0.913245 0.935389 0.987861 1.002436 0.828531 1.111022 0.961029 0.912335 1.042366 0.963086 0.837362 1.206793 0.951487 1.116853 0.990729 0.922727 1.177432 
0.888956 0.960541 1.058649 0.932910 0.885367 0.974242 1.214385 1.062629 0.900670 0.897630 0.801934 1.166091 1.140747 
0.924181 0.929465 0.976686 0.922788 0.951824 0.950516 0.917863 1.031931 1.206820 1.011131 1.009814 1.168449 1.026500 1.117859 1.101800 1.005811 1.219078 1.019313 
1.105218 1.238358 0.815955 1.224205 0.859751 1.142611 1.183304 0.989459 0.997337 0.984193 1.196312 1.021276 
1.017931 1.061694 1.131111 1.084418 1.199929 1.059449 0.848967 1.244413 1.180282 
1.167817 0.910481 1.228456 1.178343 1.083341 1.004362 0.844367 1.213043 0.819104 1.060385 0.893979 1.202484 1.185327 1.108919 0.889782 1.100267 
1.165989 1.021482 0.894529 1.004758 1.096152 1.031251 1.073302 1.190328 0.857321 1.198999 0.843350 1.168734 1.056331 1.115456 0.934745 0.877674 0.970241 1.058701 0.905224 1.020295 0.940090 1.047086 
1.074243 1.195129 1.168807 1.127475 1.245301 0.912556 1.052224 1.139850 1.024509 1.016261 1.076009 0.810258 0.858863 1.057261 1.105596 0.982761 1.005526 1.188243 0.945044 1.040247 
1.130174 1.057177 0.822847 1.085702 1.202170 1.097233 0.999483 1.052838 1.114542 0.858673 0.959766 0.824922 0.796353 1.241692 0.844610 0.949120 0.800645 0.843059 0.993612 
1.082704 1.014691 0.823551 0.908221 1.168114 1.113216 1.034324 1.132956 1.152775 0.867454 0.911672 0.892567 1.010025 1.201947 1.035049 0.841021 0.825127 0.989511 0.907397 
1.007873 0.876576 1.107652 0.914348 1.148207 1.045960 1.204069 1.045707 1.154910 1.225434 0.923443 1.229189 1.114025 0.890144 0.890428 0.991855 1.184826 0.955742 0.979629 1.124606 1.188318 0.912058 1.074193 1.187203 0.996979 1.125950 1.156591 1.072134 1.133124 0.799032 1.149387 0.865262 1.175524 1.180640 
0.850411 0.896152 1.186558 0.982328 1.064999 0.796572 1.125860 0.904730 1.101341 0.873886 1.065591 0.873506 1.022061 0.886178 0.985563 1.092108 1.126178 0.915865 1.087732 0.921875 0.796041 0.861726 0.832623 0.805534 1.045461 0.880881 1.231606 
1.014153 1.155469 1.221988 1.042853 1.054706 1.125411 0.950886 1.066868 1.123051 1.165589 0.935308 0.814259 1.175060 0.980558 1.076103 
1.096023 0.983838 1.089267 0.812073 0.843740 0.924401 0.833458 1.232585 0.953624 1.240768 1.171101 0.797544 1.004246 0.955038 1.160324 1.221936 0.929949 0.917554 1.141342 1.033649 0.896615 0.892970 
1.082543 0.796491 1.232039 1.038318 1.158862 1.131917 1.010762 1.165345 1.026049 1.198276 1.233498 0.860865 0.979920 1.059037 1.003784 1.160226 0.815886 0.811692 1.089045 
0.857603 0.951595 1.141322 1.084676 1.032331 1.074639 1.146063 1.175969 0.953045 1.225806 0.869774 1.072078 1.086881 1.199250 0.823017 1.027208 1.040597 
0.917286 1.061148 1.068993 1.147598 1.034104 0.918852 0.947035 1.021671 1.227026 1.049925 0.970792 0.803136 1.215958 1.016068 1.243636 1.175792 0.902198 1.000738 0.928172 0.991135 0.894621 0.844909 1.175198 
1.049190 1.110142 1.229241 1.096518 1.055790 1.127302 0.908828 1.057772 1.047046 0.903496 1.002591 0.940037 0.971961 0.946062 1.188895 0.935970 1.105571 0.984717 0.850225 0.827785 0.955164 
0.837314 1.082577 1.078270 1.101918 0.994404 1.182908 1.141622 0.994136 1.154932 1.119709 1.008207 1.152242 0.913683 0.851481 1.032767 
1.025585 0.858671 1.241836 0.821045 1.037803 0.856667 0.895147 0.809940 0.971931 0.971079 1.102065 0.871466 1.052247 0.851931 1.256458 0.932784 0.883387 1.248210 1.176423 0.948047 0.821293 1.038012 0.967265 0.796075 0.859389 1.178066 1.109249 0.911285 0.914475 1.082535 0.822772 1.181096 1.213512 1.124501 1.050488 0.830091 0.810618 1.151451 
1.213006 0.889503 1.151339 0.854693 0.988427 0.807425 0.995864 0.804583 0.819396 1.114395 1.131351 1.053120 1.077938 1.084051 0.922425 0.985827 1.004690 0.896010 1.047121 1.062695 1.198996 
0.999345 1.006407 1.054436 1.197340 1.062133 1.057737 0.807091 1.039539 0.978403 1.095144 
0.997328 1.157519 1.197453 1.013906 0.970105 0.987392 1.132667 1.210112 1.012499 1.146903 0.898631 1.075720 1.111678 1.094635 1.198133 0.994443 1.256915 0.907407 1.156676 1.012497 1.026075 0.850455 0.965421 1.043693 0.833895 0.822429 0.862132 1.114461 1.092466 
1.138084 1.027365 0.841324 1.039369 1.153454 1.090755 0.875423 1.210072 1.031682 0.909219 0.799783 1.199979 0.927676 0.829838 1.019884 0.901505 
0.948648 1.148378 0.942595 1.090796 1.100541 0.861090 1.182961 1.018578 0.975362 0.952420 0.852789 1.124679 
1.171849 1.084184 1.195484 0.869315 0.965594 1.083995 1.029548 1.094818 1.167592 1.106791 1.033569 0.955754 0.965794 0.831542 0.899069 1.140108 1.025685 0.997955 
1.151025 0.965450 1.149568 1.185282 1.177961 1.133606 1.132597 0.799947 1.045913 1.024217 1.099024 1.049405 1.187636 1.232524 1.039066 1.044901 1.068913 1.068412 0.873245 0.893381 
1.051103 1.054732 0.894180 0.926883 1.167352 1.200959 1.234081 1.028546 1.018572 0.865629 0.932496 0.808129 1.014393 0.798669 1.208743 1.165933 1.168895 1.101619 0.982207 1.131805 1.073877 1.172192 1.046426 0.795472 
1.166478 1.118086 1.027367 1.153378 0.944506 0.909858 1.234081 0.936944 0.935620 1.068263 0.882379 0.823803 1.158111 1.152174 1.168136 0.844165 
1.216750 1.157604 0.901768 1.107817 1.034161 1.052078 1.255639 0.811013 1.187972 1.147929 1.170712 1.095164 0.831031 1.099276 0.863276 1.193930 1.011412 
0.922936 0.878386 1.066945 1.102631 0.850431 1.087554 0.806789 1.009348 1.182624 0.795965 1.168851 1.216946 1.083268 0.978280 1.237647 1.235639 0.836327 1.187074 0.854407 0.951090 1.215474 1.040090 1.169039 0.954322 
1.065265 1.070878 1.140956 0.950535 1.127862 0.902322 1.030553 1.225486 1.194178 1.007395 1.125476 1.219854 1.027392 1.199112 0.946998 1.040031 0.844157 1.232729 0.821995 0.837793 0.806819 1.240346 1.144145 0.838245 1.180521 0.891998 1.158661 1.191500 
0.869706 1.175241 0.818937 0.998807 1.119758 0.998411 1.149709 1.005591 1.011915 0.856569 1.145398 1.180604 0.853427 1.013758 1.093194 
1.138213 1.161541 0.955774 0.960165 1.060008 1.090306 1.127818 0.908083 0.992065 0.917709 1.176708 1.192823 0.819409 1.194544 1.246965 1.196122 1.148632 1.101174 1.212832 0.814188 1.084583 1.121206 1.079498 
1.009587 0.915900 1.113929 1.116440 0.902939 1.095307 0.981214 0.958840 1.082035 0.908490 0.957855 1.147325 1.042716 1.171568 0.862915 1.079310 1.032563 0.934069 1.187517 1.006974 1.022114 0.856254 1.234267 1.149826 1.047812 0.943794 
1.242157 1.045318 1.251531 1.098351 1.032304 0.983876 1.234952 0.910542 0.911778 0.800308 1.113928 1.168090 1.012501 1.200594 1.180189 1.189690 0.861638 0.908782 0.998014 0.994609 0.801727 1.051849 1.179595 0.939633 
1.231387 0.861304 0.948592 1.068623 0.947334 0.876028 0.944743 1.138822 0.876011 0.928053 0.913453 1.013187 1.240577 0.809265 1.208563 1.048482 1.123640 1.065869 1.092641 1.257446 0.874120 0.987888 1.122837 1.070877 1.053411 
0.858571 1.077495 1.178398 1.003456 0.811177 0.965520 1.143397 1.022184 0.861190 0.971838 0.877312 0.905158 1.021002 0.971415 1.072178 1.246506 0.930426 1.109529 0.989036 1.098277 0.922718 1.015200 1.007650 1.126596 0.902517 0.814197 0.896981 1.050565 0.832353 1.093895 1.129179 1.002000 1.236472 
0.859183 1.059392 0.906877 0.980612 1.049904 0.966083 1.151899 1.004101 0.903112 0.997655 1.122752 0.814565 1.087698 1.095794 0.878384 0.861846 1.209198 1.077795 0.902081 1.075943 
0.907090 1.083419 1.039129 0.868396 1.054341 1.030703 1.225042 1.036208 0.967403 1.217807 0.897308 0.948133 1.111562 0.902016 1.193746 0.913939 
0.896256 1.029119 1.042597 1.129736 0.869951 0.878704 0.817962 1.085136 1.128667 1.195438 0.929117 0.934007 0.935314 1.130082 1.201954 1.218637 1.046383 1.124084 0.823776 0.810088 1.250741 0.981877 0.966527 0.880868 0.823862 0.817636 1.094229 1.202778 1.012313 0.984176 0.875597 0.952381 0.936438 1.030109 0.826296 0.902715 1.257514 1.077772 1.022832 1.066759 
0.987083 0.974130 0.990393 0.851014 0.979231 1.097921 1.100765 0.981579 1.083312 1.013954 1.181118 1.009214 0.968230 1.127503 1.094608 1.131138 1.067928 1.077260 1.223363 1.055641 
0.916556 1.031305 1.151047 1.112925 1.004456 1.036842 0.974556 1.064442 1.126047 1.215774 0.849312 1.114987 0.864361 0.837827 0.826991 1.047420 
1.253290 0.984412 1.072107 1.109630 1.018321 1.257746 1.196523 1.001561 0.836414 1.165608 0.838410 1.169527 1.045083 1.213061 1.147501 0.999699 
1.088969 0.966468 1.077624 0.980605 0.820171 1.024387 1.114466 0.827536 0.882285 0.826928 0.860618 0.983439 0.921170 0.799493 1.251150 0.919586 0.864088 1.072280 1.024907 1.130042 1.154622 1.067854 0.843145 0.973866 1.103310 1.232681 1.003727 
1.114419 1.214540 1.105677 0.993634 1.098310 1.096933 1.007533 0.908552 1.041875 1.059101 0.983009 1.161877 0.985244 0.796841 1.096891 0.796379 1.071862 0.970202 0.797479 
0.950182 0.997459 0.970126 0.796473 0.976074 1.127461 1.100757 0.927285 0.873221 0.929173 0.975096 0.865402 0.902588 1.104578 1.248203 1.050396 0.842458 0.972154 1.048025 1.008512 0.872045 0.813867 1.049773 0.932357 1.110846 0.798003 0.862965 0.969232 0.930368 
1.069825 1.148426 1.203708 0.926911 1.127463 1.010595 0.845609 1.027784 1.171925 1.085803 1.003050 0.990508 1.001522 0.842810 1.197304 1.014761 1.013565 1.068052 1.214476 1.018013 1.071523 1.035725 1.151486 
1.111062 1.196428 0.911958 1.060178 0.836973 1.143016 1.121401 1.039658 1.145528 1.171912 0.882889 1.104865 1.116049 0.951086 1.030415 1.197982 0.903570 0.967450 0.951820 0.833647 0.926002 0.858486 0.951086 
1.183520 1.215920 1.120583 0.877112 1.204390 0.945614 1.109675 0.913901 1.256438 
1.221297 1.022918 0.808741 1.142370 1.063775 0.972412 1.244406 0.836664 1.242825 1.003836 
0.890676 1.023615 1.195357 0.963728 0.813381 1.039770 1.139849 1.145199 1.194285 1.052502 
0.891145 1.117331 0.981731 1.003961 0.880244 1.123649 1.196966 1.051964 0.975238 1.161240 1.077059 1.222545 
0.908323 1.088951 1.218228 1.047030 1.183352 1.228087 1.159803 1.017702 1.058188 
1.128486 1.068031 1.010147 1.149906 1.215176 1.003480 0.961196 0.951529 0.936440 1.244647 0.889217 1.123492 1.135640 1.221372 1.200473 1.186319 1.023439 1.016291 0.979280 0.855529 0.973197 0.804435 0.859175 1.103826 
1.173116 1.031031 1.010232 1.090800 1.240065 1.168138 1.089676 1.188540 1.204840 0.943159 1.112936 0.968003 1.053757 0.961794 1.013939 0.936776 0.942779 1.012619 
0.849845 0.828771 1.219820 1.049121 1.119377 1.206029 0.816324 1.160636 1.024534 0.896456 0.932512 
1.159765 0.961816 0.952061 0.839814 1.170710 0.986673 1.003078 1.113847 1.167616 1.012603 0.881119 0.974060 1.072456 1.134668 0.823421 0.926430 1.054234 1.109159 0.925959 0.979496 1.012543 1.190963 1.211688 0.907948 
0.916858 1.071526 0.939231 1.187278 0.970387 1.118861 1.115918 1.085090 1.039677 1.041437 1.201883 0.797877 0.845618 0.828281 0.941287 
0.952719 0.950563 0.830139 1.075292 0.953240 0.968150 0.969362 1.030426 0.978269 0.974295 0.990806 1.006821 0.808903 0.805292 0.810708 0.993010 1.081805 1.146860 0.833342 
0.931629 0.794803 1.007758 0.885548 1.216316 1.003756 1.024150 1.217881 0.937290 0.896455 1.109532 1.052095 1.020885 0.858415 0.823778 1.051032 1.210793 0.905863 1.083305 1.222963 0.914415 0.954645 0.801749 0.908378 0.976742 0.902697 1.017280 0.982755 
0.818993 0.946346 0.966313 0.836798 0.801207 0.947236 0.924401 1.071325 0.909156 1.104828 1.052047 1.246117 0.912471 1.043204 0.942379 1.176693 0.858418 1.064620 0.936448 1.007106 
0.908250 1.120405 0.965947 1.030244 1.069996 1.080293 0.985193 1.221416 0.971206 1.047950 
1.052427 1.179066 0.872156 0.819954 1.137080 1.067322 1.010911 1.080925 1.152598 0.806479 1.066426 0.981763 1.193099 0.862041 1.083336 1.070698 1.227331 1.241185 0.834292 1.172947 0.909810 
