-91.625357 -95.551217 -91.931083 -76.056087 -90.109764 -87.768171 -78.447380 -74.332013 -91.906208 -91.270321 -74.269625 -72.150707 -79.072940 
-95.680542 -74.632048 -91.781278 -75.419771 -89.124007 -93.207391 -97.653366 -73.899507 -91.746516 -91.829515 -82.254681 -88.482596 -94.296024 -72.239837 -68.708374 -70.165014 -70.376604 -77.567484 -77.065339 
-96.225117 -78.774696 -95.300823 -69.170109 -91.439023 -94.955386 -94.967888 -75.048178 -92.388246 -92.304038 -73.682114 -87.206500 -91.544409 -82.658223 -71.455452 -76.770405 -81.744351 -71.293237 
-69.201822 -75.316682 -73.664759 -92.026710 -73.725962 -75.217810 -91.361582 -87.305269 -92.165354 -68.014789 -90.742383 -76.380835 -75.624133 -73.126208 -70.875746 -70.566735 -79.245715 -75.482936 -80.741942 -70.106422 
-74.963712 -91.632617 -87.043773 -92.177635 -76.306230 -73.714432 -91.798935 -76.611864 -92.230054 -72.826263 -70.578769 
-72.918351 -91.883889 -86.640532 -92.525703 -76.384069 -75.123070 -92.041730 -92.745815 -73.746368 -68.166611 -73.823126 
-74.468533 -91.982595 -74.169351 -92.770887 -75.064125 -93.971923 -92.106564 -75.937289 -75.475024 -76.649533 -84.767078 -97.259495 -80.143054 -86.343403 -78.983212 -83.827606 -71.464191 -82.893607 
-80.316034 -92.068863 -73.874415 -74.137240 -92.805623 -92.829804 -91.965999 -76.281931 -68.246542 -95.661800 -68.432928 -80.038860 -79.684778 -70.264948 -95.979036 -80.712649 -70.125429 -77.566551 -71.072144 -83.244167 -68.759337 -72.436012 -69.480641 -78.309737 -95.516250 -80.442164 -83.895146 -77.540434 -82.071663 -73.035555 -82.692705 -95.652463 
-71.723539 -91.974390 -74.353784 -75.177134 -92.852812 -93.481312 -91.987783 -76.720959 -86.170135 -70.931461 -80.627881 -78.504058 -83.859840 -84.201119 -78.574205 -80.059384 -78.890278 -85.824330 -80.487072 -79.709183 
-68.650989 -92.115727 -76.617727 -75.521284 -92.479666 -92.700248 -92.099861 -75.400774 -85.265240 -74.823939 -72.785908 
-68.981879 -91.844936 -75.783649 -74.072857 -92.650511 -75.415288 -92.026113 -86.533978 -92.806056 -78.438297 -70.180508 -84.066703 -68.836523 -79.323427 -80.190202 -69.841601 -78.990516 -70.638531 -80.161732 -69.380435 
-74.486282 -91.954073 -83.796336 -93.655588 -92.584301 -73.844008 -92.003950 -94.000694 -85.932287 -79.632876 -78.445329 -73.907005 -74.798861 -75.142862 -79.012979 
-76.502485 -91.652391 -68.319107 -92.445221 -92.164455 -73.090932 -91.849863 -69.723670 -73.533727 -76.745136 -76.526019 -70.427686 -79.959419 -76.186948 -78.803708 -70.654490 -82.008113 -73.441503 -78.878350 -97.569778 -85.962128 -68.964633 -95.279772 -80.834381 -81.043648 -80.910259 -84.499041 -79.289201 -94.527206 
-82.716566 -91.162488 -90.934997 -92.434241 -92.183640 -69.592524 -91.740242 -70.056849 -77.789681 -75.766277 -68.198705 -73.205465 -73.859722 -84.225066 -82.619107 -74.980347 -70.438497 -79.985838 -80.496584 -81.373394 -78.618464 -70.883883 -83.488159 -73.667199 -83.623774 
-84.643387 -91.032959 -74.547263 -92.104364 -92.075679 -70.085806 -91.109175 -87.304676 -80.819692 -72.550506 -68.792193 -75.129967 -75.833024 -75.071699 -75.579517 -78.428848 -81.022824 -72.538085 -79.665707 -73.913644 -74.504740 -73.563536 -81.074088 -80.055347 -73.239495 -80.831025 -71.692180 -68.298192 -83.442936 -80.674466 -80.960543 -76.183224 -78.943899 -83.290276 -83.096379 -80.339335 -79.100815 -79.841976 -71.876877 -78.942495 -75.062968 
-73.118764 -90.415742 -75.745772 -92.239612 -92.338786 -69.674289 -91.175747 -76.399698 -73.290453 -72.384915 -74.763134 -70.694023 -89.016046 -73.103374 
-86.786683 -91.115088 -83.008823 -92.161837 -91.952846 -84.178158 -91.442056 -76.241427 -74.545430 -86.332269 -97.661925 -82.458603 -71.587818 -74.006563 -69.667762 -74.503807 -70.549540 -68.459407 -70.876866 -84.593583 -86.155544 
-91.820777 -77.016126 -73.900638 -91.890561 -91.559117 -70.092648 -70.815642 -73.746311 -75.644887 -88.646219 -70.537041 -90.623019 -72.954219 -69.572372 -68.508884 -79.221402 -69.778093 -69.367748 
-92.034718 -73.517856 -90.840992 -91.976797 -91.858092 -88.923846 -76.937004 -76.216351 
-91.850097 -73.939438 -90.626315 -91.980471 -91.632279 -72.381504 -75.178972 -73.946605 -89.113476 -68.966824 -76.660640 -70.016002 -72.689060 -72.982988 -82.575888 -83.600098 
-91.935475 -76.719319 -90.978599 -92.368490 -91.817531 -96.636221 -73.997597 -72.723134 -76.202051 -69.625084 -72.835355 -71.361167 -88.303867 -70.939591 -78.088461 -70.342763 
-91.569841 -77.014366 -88.502050 -91.760596 -73.402519 -91.553792 -95.552087 -89.658653 -73.533710 -74.237592 -97.889194 
-92.044865 -76.783345 -89.396060 -92.132546 -73.699701 -91.758032 -69.431052 -89.870503 -69.475208 -73.903724 -72.978808 -84.878825 -86.476331 -86.862760 -87.060550 -78.795625 -87.670086 -86.329835 -83.062024 
-91.760431 -76.896088 -71.301878 -92.003442 -73.265303 -91.973246 -72.919251 -89.860445 -69.220341 -76.528691 -70.624257 -83.166128 -82.510211 -80.086715 -82.619658 -89.616924 -78.999821 -83.619786 -73.315140 
-76.042330 -91.566762 -89.394902 -91.859909 -73.312509 -88.510034 -76.618165 -91.651027 -80.070084 -80.883156 -79.449204 -96.904290 
-70.446806 -91.746457 -89.429777 -91.889363 -74.931520 -89.329176 -74.472282 -91.511258 -76.187691 -75.193607 -73.451075 -73.284121 -69.203281 -80.288680 -79.220332 -96.349080 
-73.407991 -92.210589 -89.487311 -92.212298 -73.453075 -88.641766 -76.553944 -91.974033 -76.971941 -76.632912 -77.121762 -83.589077 -76.461822 -84.977219 -76.046446 -78.048524 -76.218904 -78.166413 
-76.520992 -91.936917 -90.150639 -92.118023 -75.100433 -73.924103 -76.556041 -92.087655 -97.037115 -87.600822 -74.724361 -76.470151 -73.097998 -75.743973 -76.543413 -70.433380 -80.302452 
-74.921420 -92.078869 -89.132492 -92.220602 -74.210280 -75.884614 -88.960079 -92.208177 -74.003617 -70.419391 
-75.309130 -92.288198 -89.780908 -92.550692 -74.064550 -76.153311 -89.353432 -92.637598 -69.881821 -76.257096 -75.438328 -76.047627 -77.691380 
-73.731656 -92.253941 -76.185784 -90.561162 -75.912569 -80.087735 -90.196208 -92.312061 -92.686110 -74.638889 -88.582054 -96.372657 
-73.914988 -73.538450 -91.965144 -91.471664 -69.378914 -92.126162 -76.410280 -91.857434 -88.248776 -76.547831 -78.590203 -73.204558 -69.510425 -79.094179 
-72.901546 -74.245415 -70.453876 -90.107382 -76.934661 -92.064320 -68.675518 -91.895089 -91.603598 -88.892397 -75.994185 -70.448722 -71.171733 -78.780450 
-73.888273 -70.203960 -75.646093 -90.117626 -76.001818 -92.002231 -71.483964 -91.747129 -91.966096 -68.100833 -87.507911 -83.202110 
-92.961583 -90.533080 -70.108499 -90.789288 -76.240821 -75.473357 -72.681962 -92.854995 -92.484850 -82.587946 -79.645452 -93.594820 -69.177263 -70.672176 -70.129889 -82.723824 
-92.612538 -91.287658 -75.160167 -91.392398 -76.470832 -75.952305 -74.013245 -92.572467 -92.541863 -79.452120 -76.720562 -72.662386 -79.782001 -79.127512 
-92.660832 -91.487317 -86.317599 -91.462166 -76.265314 -73.681389 -74.296626 -73.904815 -92.510233 -68.322622 -71.155004 -94.999034 -72.037021 -75.673825 -79.867542 
-92.486750 -69.094958 -91.379419 -91.445037 -76.027432 -72.121379 -92.481465 -75.387681 -74.135625 -74.332992 -86.362461 -72.501183 -77.043350 -75.061955 -77.745852 
-92.758758 -70.382259 -91.379419 -91.445037 -82.585401 -76.322116 -92.739905 -78.574265 -72.797278 -73.810672 -69.242150 -75.675818 -69.942933 -97.281623 -80.954397 -74.020420 -68.943327 
-93.780843 -96.248306 -72.293335 -91.483521 -96.468841 -80.813118 -92.574307 -91.361672 -74.259201 -70.960151 -77.162228 -73.595262 -93.649778 -68.483517 -69.026870 -95.776556 -75.720314 -77.919033 -76.716891 
-94.269489 -73.119561 -76.949724 -91.479568 -95.456193 -78.166518 -92.530169 -91.376797 -75.485311 -74.695664 -83.199913 -94.949398 -84.145777 -68.910283 -95.259208 
-92.978397 -73.948763 -95.680577 -91.459741 -93.752013 -73.688742 -92.388504 -81.297749 -76.757846 -96.338081 -91.662648 -84.983679 
-94.017741 -74.220846 -91.546182 -91.612276 -71.975789 -71.352086 -92.335319 -73.489236 -76.244752 -69.530886 -78.462473 -73.793742 -78.517839 -95.619060 -77.945298 -79.443319 -96.060593 
-85.480373 -73.567983 -91.877920 -91.491707 -74.236417 -91.354670 -92.258292 -92.519860 -74.766684 -68.336680 -81.991888 -76.731313 -74.411975 
-91.446251 -75.024251 -92.333368 -91.502271 -75.268740 -72.426449 -92.986441 -93.340014 -73.663401 -75.355638 -83.069528 -74.507513 -73.798653 -70.058273 -70.299200 
-91.446251 -74.211348 -91.576455 -91.525165 -84.733586 -74.782888 -92.861710 -93.175336 -72.325391 -75.755945 -68.863518 -76.211641 -76.653206 -70.896750 -73.703529 -68.410146 
-91.446251 -73.168309 -93.215333 -91.530243 -77.152611 -97.540824 -91.580194 -93.272944 -76.117827 -74.307151 
-92.410989 -70.233710 -93.160646 -91.453428 -68.275369 -92.562588 -73.538948 -74.337576 -93.179494 -75.006989 -91.251561 -75.735411 -69.192591 -85.560529 -87.241940 -73.557624 
-92.948732 -92.686690 -79.144042 -91.592533 -76.494086 -92.942310 -75.091309 -74.956222 -75.226469 -69.688755 -91.587933 -76.439865 -69.243576 -76.011166 -86.626148 -68.441352 
-92.583578 -92.751006 -76.197332 -91.795660 -76.244760 -91.737155 -83.912782 -91.657431 -74.041072 -73.181054 -74.983298 -75.658378 -76.968436 
-92.373167 -92.408434 -74.262562 -91.331403 -80.865070 -69.148489 -76.196311 -91.151293 -74.164198 -86.752784 
-91.945833 -74.763875 -74.059303 -91.389162 -92.136463 -87.175237 -75.751171 -91.470528 -78.552879 
-93.208144 -87.246384 -75.941794 -91.518794 -92.867708 -75.342949 -76.302666 -91.549341 -74.013704 -85.229877 -83.818233 -72.025992 -79.621438 -83.749537 -75.001862 
-92.777618 -95.768201 -85.480226 -91.558574 -92.840578 -77.019452 -81.732778 -91.548574 -74.259907 -82.823643 -76.154784 -78.832613 -72.767754 -84.420946 -74.006969 -69.290270 -72.733659 -79.212224 -76.710980 -73.909319 -96.099124 -79.837927 
-93.018018 -92.959207 -69.738406 -91.569585 -76.391507 -79.003527 -82.581912 -91.535716 -73.380995 -74.889066 -79.246477 -83.061813 -74.620767 -86.624227 -82.024008 -78.127844 
-93.127861 -92.622930 -77.284172 -91.569585 -73.392581 -75.794834 -74.842357 -91.509867 -75.290936 -68.756893 -74.136869 -74.477442 -72.853295 -75.847393 -74.505340 -75.837331 
-86.316898 -93.070541 -70.752407 -91.607126 -74.169645 -75.621853 -75.340363 -91.580201 -68.551869 -73.882999 -93.139421 -93.119300 -75.205435 
-92.576103 -93.186617 -75.000962 -91.765891 -71.260205 -73.764342 -85.875972 -91.691688 -93.007262 -83.682928 -81.836284 -75.879015 -95.804172 -69.720132 -75.125801 -83.734601 -74.182900 
-68.951243 -75.897581 -92.876789 -91.814244 -74.360817 -80.070568 -93.629842 -91.749270 -93.856390 -72.551719 -78.586616 -77.180425 -76.516148 
-75.987671 -74.109659 -92.818579 -91.857324 -69.905115 -70.362029 -92.772808 -91.749270 -75.504298 -82.127044 -83.478284 -82.946121 
-78.731595 -72.077230 -93.002778 -91.887645 -73.995395 -69.180706 -93.546917 -91.784625 -79.531099 -79.999632 -73.708563 -79.966218 -76.670364 -85.386492 -94.125935 -93.122052 -75.085665 -69.308430 -77.627677 -96.230082 -69.499916 -72.168919 -96.241726 -74.995576 -69.234738 -80.062135 -79.753428 
-86.364225 -74.920901 -92.579178 -92.014577 -76.256742 -70.000160 -93.515667 -92.168341 -76.639681 -71.465970 -73.416424 -79.053200 -92.121690 -80.847481 -80.550633 -78.917413 -76.534251 -70.541924 
-69.516243 -93.918112 -92.659299 -92.182787 -76.203318 -76.578838 -76.658786 -75.510254 -72.994625 -68.946884 -92.074341 -74.064070 -76.443252 -82.496603 -82.051128 -97.996030 -76.225479 -94.675044 -68.991934 -70.992925 -72.703167 -78.738347 -97.123472 -79.731383 -72.646950 -94.462938 -68.130209 
-97.745959 -72.720436 -92.767523 -92.307085 -93.472200 -82.510568 -97.740751 -92.313587 -76.652300 -68.150872 -74.360360 -79.117420 -83.673536 -79.694521 -68.687701 -78.919912 -77.743964 -68.457873 -68.119380 -70.671327 -82.843397 -69.607580 
-96.537732 -72.653721 -93.102866 -92.170087 -93.421296 -76.478270 -74.434368 -92.061480 -76.239393 -85.042096 -75.790288 -97.116246 -79.818794 -80.077164 -95.298110 
-73.209076 -94.833328 -93.083991 -92.289940 -74.052866 -75.539851 -75.614035 -92.173655 -76.854237 -97.100016 -78.372380 
-73.786126 -73.974566 -93.109249 -92.289940 -93.100163 -76.512173 -71.005735 -92.122050 -83.532618 -96.067197 -96.426846 -72.174600 -83.670975 -96.605647 
-69.459891 -74.554179 -93.769918 -92.341570 -93.086756 -75.723835 -73.924442 -92.097699 -70.113992 -83.586829 -96.901766 -69.171891 -75.048906 -74.984049 -70.216886 
-72.782616 -81.609663 -76.781217 -92.406289 -93.000818 -76.628882 -73.019583 -92.337599 -73.311130 -69.982301 -92.851314 -76.021030 -76.982277 -74.070667 
-75.740710 -76.514719 -93.129686 -92.393132 -92.990251 -97.375096 -73.863562 -92.456553 -74.144757 -82.042647 -79.498634 -75.945555 -86.339746 -79.861347 -79.166047 -70.213332 -80.752729 -72.888941 -74.890757 
-96.514391 -74.113011 -94.387033 -92.431780 -92.869922 -76.633883 -84.577775 -92.309349 -73.350746 -76.417931 -74.383853 -73.083487 -77.757737 -80.789660 
-76.168590 -74.253439 -93.197205 -92.419664 -92.670855 -73.351736 -74.047980 -92.657983 -94.491981 -74.188328 -76.437747 -84.726608 -75.488171 -81.237173 -72.828007 
-73.462169 -84.546487 -94.296835 -92.419664 -92.662437 -96.417496 -79.158835 -92.505446 -76.331617 -69.415690 -77.059349 -69.024873 -97.160573 -96.561201 -82.012589 -78.900957 -74.548862 -69.565445 -81.587765 -77.659571 -74.836435 
-74.302375 -83.531567 -94.213885 -92.338005 -92.581199 -75.147626 -75.443336 -92.369709 -71.772660 -73.565649 -70.967902 -97.741071 -70.179279 
-79.951115 -74.131299 -92.620648 -92.365316 -92.536274 -74.791391 -76.403580 -92.326157 -84.668423 -85.649260 -83.011147 -83.370570 -81.401977 -78.135339 -79.186764 -70.183545 -74.374747 -82.028459 -79.657048 
-84.670725 -76.460979 -94.726944 -92.379332 -92.562676 -94.554795 -76.278833 -92.326157 -73.933752 -79.328520 -74.661008 -76.590629 
-73.641502 -76.801578 -73.883648 -92.392464 -92.577361 -79.157416 -93.405862 -92.807336 -86.833934 -69.816590 -76.653642 -70.390093 -95.618706 -68.261848 
-85.618390 -75.827776 -73.134993 -92.320691 -92.597804 -94.472624 -74.380751 -92.542292 -73.760874 -74.728327 -95.556662 -69.036865 -76.263626 -70.124969 -81.945027 -97.797071 
-75.896605 -75.789447 -74.170613 -92.502687 -92.602914 -92.907027 -73.700404 -92.981651 -68.281308 -70.402821 -73.209501 -85.420218 -83.226228 -83.989330 -92.801258 -76.395801 -70.636097 -73.528592 -83.299356 -97.424781 
-86.378654 -76.048834 -80.747790 -92.319959 -92.573540 -94.480925 -74.544606 -92.396178 -74.243387 -94.948814 
-96.040369 -81.495072 -73.786510 -92.215214 -92.502435 -94.646556 -74.943665 -92.132965 -76.637456 -75.834534 -69.232134 -74.700387 -70.642146 -79.290511 -84.596736 -68.606083 -71.362139 -69.897643 -73.933000 
-92.655273 -92.301013 -76.578980 -92.035585 -73.627940 -68.628446 -76.226816 -92.041761 -79.467261 -76.063481 -84.851004 -82.938070 -68.422952 -80.847972 
-93.858220 -92.557575 -74.145429 -92.151070 -74.143554 -76.863306 -86.767929 -92.437558 -76.844477 -83.020173 -97.363964 -74.480477 
-92.659170 -92.789785 -76.914080 -92.089916 -83.243239 -79.536665 -84.314231 -92.204543 -68.765740 -72.593506 -72.642304 -75.327852 -97.040692 -68.514674 -83.390188 
-94.141973 -92.803546 -97.895711 -92.462604 -77.761144 -94.638217 -76.994454 -92.403394 -73.797870 -69.899536 -79.468987 -79.527484 -79.602445 -68.782307 -80.767519 -69.900182 
-74.050004 -92.799939 -86.312363 -92.526326 -92.645108 -76.019393 -74.253966 -76.073234 -75.160308 -79.782188 -76.075172 
-73.476832 -92.799939 -84.943154 -92.526326 -92.648356 -69.713727 -96.033413 -77.120122 -83.488337 -96.170491 -70.896627 -84.408001 -80.697425 -85.551286 -75.118062 -76.763569 -76.557691 
-76.172416 -92.707301 -84.572648 -92.451371 -92.527300 -76.288675 -72.770954 -93.908745 -94.075675 -70.503676 -69.316573 -68.008440 -79.562016 -69.983334 
-74.954865 -70.271376 -76.654189 -92.197365 -92.322026 -79.896292 -82.325339 -93.934912 -72.388961 -92.581242 -84.030757 -75.303398 -81.412145 
-85.030746 -77.132153 -76.792424 -92.205221 -92.249931 -81.409987 -74.241091 -70.285445 -72.191510 -92.416474 -78.836250 -79.616740 
-76.654356 -73.463077 -71.249615 -92.205221 -92.097897 -92.416474 -81.310012 -74.407277 -83.787284 -70.306944 -76.149589 -83.174181 
-73.772746 -75.255115 -75.728992 -92.205221 -92.221669 -92.416474 -78.110297 -76.700366 -84.254584 -78.624270 
-75.595518 -68.700878 -76.185792 -92.192040 -92.317106 -92.416474 -70.734817 -73.876874 -68.972459 -73.014755 -85.034700 -78.462908 
-75.201945 -73.652411 -92.327815 -92.167750 -92.124675 -92.444852 -76.198894 -80.892968 -78.291690 
-69.424211 -73.598961 -92.949004 -92.020510 -91.831408 -92.714197 -76.732844 -75.761558 -79.389747 -74.014845 -84.745349 
-73.101757 -95.939457 -74.079049 -92.138755 -91.936613 -92.842483 -75.904379 -70.947022 -93.599842 -84.018736 -70.752783 -69.542070 -76.292295 
-84.828418 -75.691702 -93.774877 -91.922699 -92.004122 -92.609445 -76.194636 -74.666460 -83.762489 -79.244925 
-76.402641 -73.943868 -92.569707 -91.815086 -91.745879 -92.641750 -76.312090 -83.262026 -83.955813 -95.554862 -68.779067 
-85.326037 -74.851393 -93.094356 -91.918854 -91.746272 -92.588989 -74.694807 -69.683722 -71.722234 -75.943758 -74.046693 
-69.378493 -95.729045 -73.773915 -91.869653 -91.717038 -92.862617 -73.541363 -76.989301 -95.636361 -93.061621 -78.449032 
