-90.299178 -73.321089 -75.073881 -88.783980 -91.671804 -75.936761 -86.259769 -74.695712 -74.131968 -95.705439 -88.176656 -77.169323 
-78.486642 -71.632800 -93.039446 -88.375788 -69.823252 -78.322175 -80.563611 -74.599945 -87.051103 -95.236096 -90.523388 -70.322198 -98.005975 -75.711527 -80.987516 -75.238760 -78.548175 -92.425398 -94.445824 -71.783966 -74.136866 -71.963065 -73.112567 -77.114991 -80.196632 -78.624461 -94.327979 -96.496483 -74.486171 -89.419135 -84.693815 -80.106415 -82.295716 -85.231632 -80.618303 -70.250798 
-69.833495 -93.697201 -76.715192 -84.822781 -69.647070 -77.543926 -75.932739 -69.573822 -73.641371 -82.766946 -92.501443 -92.064537 -85.089544 -82.233059 -82.468328 
-95.817580 -71.758622 -82.926306 -68.881649 -74.724974 -70.503089 -87.308190 -78.272562 -69.958257 -88.074241 -84.457125 -72.869238 -73.244820 -87.546356 -96.559921 -74.433840 -79.278713 -79.870068 -78.193988 -78.393626 -83.964672 -85.363975 -97.445650 -81.856879 -83.915556 -77.746546 -74.687310 
-83.416810 -80.648588 -91.978450 -68.614456 -79.270862 -68.982813 -78.619568 -91.231745 -83.017867 -74.800132 -96.070455 -84.057059 -84.747815 -77.736239 -84.246678 -96.350068 -79.316015 
-75.671374 -69.526589 -95.261517 -72.424107 -70.709057 -97.929257 -69.603404 -74.133107 -79.111947 -85.783502 -68.914960 -90.332702 -80.467346 -85.206016 -83.929324 -76.735014 -74.083705 -83.930594 -83.483713 -83.573724 -69.757679 -76.486942 
-91.710730 -75.957820 -70.559647 -71.695003 -75.605180 -78.743316 -74.000522 -74.135655 -97.686576 -81.111628 -85.003834 -80.567275 -97.935141 -83.962474 
-72.036329 -76.971564 -83.099354 -82.706754 -73.594768 -90.000385 -89.066566 -94.835598 -68.640612 -68.874746 -92.650975 -88.361892 -83.388558 -95.996804 -90.367010 -91.163751 -89.412162 -80.348887 -71.842332 -77.992353 -83.957769 -77.950684 
-94.284218 -70.104064 -89.910533 -96.833609 -69.754145 -83.567102 -79.917736 -68.466926 -78.092718 -78.843060 -80.825762 -81.469466 -86.367220 -86.743196 
-75.466270 -82.085286 -68.942584 -79.707274 -90.251914 -75.514804 -83.972898 -94.935372 -79.693473 -74.627010 -80.251944 
-69.698793 -94.461359 -91.641710 -91.965455 -69.143619 -92.958246 -75.231201 -74.436949 -78.503392 -92.685535 -80.073670 -96.402752 -74.407705 -92.281982 -79.633280 -73.644041 -75.342626 -79.060013 -82.712323 -95.442732 -78.832716 -87.503475 -78.694763 -79.644127 -82.144894 -81.827985 -70.864093 -81.853789 -81.907143 -93.728546 
-75.194366 -78.325414 -88.135276 -79.776096 -85.624253 -80.758715 -96.094118 -77.815239 -93.990072 -90.601211 -89.045733 -79.748556 -78.208290 -79.558634 -88.549740 -70.248934 
-80.669194 -90.560331 -73.332627 -95.659081 -94.627971 -74.680284 -95.625778 -77.857857 -69.953247 -81.153452 -94.552474 -95.441491 -75.998136 -68.485325 -76.533729 -82.878377 -82.091039 -73.357949 -76.265789 -89.890421 
-95.565206 -93.241160 -78.778267 -77.950650 -70.285842 -96.681507 -76.069135 -87.686012 -84.363511 -96.449026 
-79.034465 -80.163811 -87.925506 -91.221268 -77.950359 -73.054383 -93.092624 -97.385388 -68.716838 -80.172879 -96.046615 -73.379894 -97.840242 -80.636219 -69.931615 -80.844056 -69.358623 -86.102738 
-83.232618 -96.103686 -82.617178 -71.862478 -79.540817 -72.223545 -76.685657 -89.691780 -78.866193 -93.074351 -68.596043 -84.031684 -79.579419 -71.179437 -76.041582 -77.647461 -69.519366 -77.864035 -80.016151 -80.466756 -68.994421 -74.691351 -80.593302 
-72.512914 -76.188944 -76.352269 -84.035584 -79.067897 -70.555176 -70.478496 -73.050449 -78.276660 -91.078408 -79.901800 -93.966306 -71.620123 -93.015927 -88.912721 -74.809861 -76.115555 -93.976101 -97.047631 -72.021388 -81.250107 -71.962734 -82.726816 -95.240120 
-83.393856 -93.450283 -96.284041 -87.611521 -76.836543 -70.641650 -95.922909 -81.645577 -69.157264 -72.029560 -79.560324 -78.837287 -79.937138 -94.051041 -95.961282 -82.462339 -85.113438 
-94.876508 -90.580372 -81.069607 -78.741904 -68.265023 -79.046908 -93.502453 -73.126427 -94.302691 -80.774479 -94.076489 
-77.311008 -97.808559 -73.318239 -77.822080 -87.733667 -80.775216 -96.023465 -81.984419 -68.942588 -78.168577 -84.297647 -70.055383 -82.458792 -83.146059 -72.217751 
-86.178625 -83.389095 -96.912499 -80.716889 -79.108716 -91.605722 -93.638010 -74.909320 -79.787072 -93.223298 -86.993857 -95.445194 -86.474626 -75.938292 -80.606084 -86.455663 -78.456146 -69.571065 -82.291451 -78.898833 -94.233655 
-70.035397 -79.372729 -78.588378 -83.780921 -69.066355 -94.162367 -73.089308 -93.360339 -92.475994 -69.087451 -94.708589 -91.016612 -79.240210 -78.694880 -80.062800 -71.974474 -80.777474 
-89.368110 -84.603274 -81.148771 -75.840188 -73.774238 -83.232940 -79.805242 -77.829832 -78.657486 -83.665356 
-69.190993 -75.311442 -78.847842 -80.280586 -93.369428 -78.911104 -78.224206 -94.343078 -78.338162 -90.985140 -95.190586 -80.023438 -91.217018 -79.198242 -76.388321 -87.912102 -93.524085 -76.681845 -76.735163 -92.679659 -76.039087 -88.803849 -83.952993 -72.961117 -81.529649 -83.678023 -95.262890 -86.054971 -79.301616 -73.506793 -85.627317 
-96.924372 -80.200507 -83.797265 -91.544015 -88.514183 -80.821493 -84.634184 -76.303625 -69.503403 -70.742491 -78.404739 -76.914827 -91.204372 -78.318844 -89.675455 -69.243030 -78.885559 -74.646298 -70.872236 -79.065389 -78.690281 -97.440570 -84.223991 -69.974944 -79.326793 -80.137138 
-90.338514 -68.734852 -68.384985 -69.132688 -90.446440 -92.427229 -82.936716 -70.649746 -95.377508 -79.154655 -88.985132 -90.098920 -74.014477 -75.169324 -79.307026 -71.626166 -83.127087 -87.910570 -80.401396 -69.672616 -76.481092 -78.323057 -70.581407 -86.002633 -94.240625 -71.279097 
-78.864436 -83.598250 -75.118955 -69.581052 -74.114579 -96.862980 -89.497679 -95.887267 -84.045656 -80.077385 -93.201097 -95.945690 -78.667560 -74.521986 -90.528551 -76.420152 -83.235376 -85.048014 -71.671474 -74.103075 
-80.160383 -79.036711 -92.514063 -78.351133 -70.310981 -85.841402 -74.919253 -79.113107 -78.608568 -79.735612 -68.959544 -83.795958 -95.714632 -89.478806 -76.367491 -97.907471 -79.914002 -73.936269 
-75.964437 -75.634881 -70.879033 -76.160489 -75.975408 -75.819026 -80.530040 -90.190177 -74.918804 -83.064207 -69.672915 -81.224314 -91.991357 -96.176798 -79.207014 -85.971780 -81.100137 
-80.227053 -76.600918 -88.902036 -68.669432 -79.921649 -84.764172 -97.190825 -71.073104 -68.390090 -72.479868 -91.431553 -76.002896 -79.506608 -70.285336 -70.306425 -89.905299 -84.798728 -80.658884 -71.060707 -75.196494 -85.627774 -75.635017 -95.479189 -69.625935 -79.956871 -73.391383 -69.494504 -77.657271 
-69.575524 -73.133642 -88.885366 -78.842821 -75.711410 -77.142385 -98.059633 -84.079457 
-90.627197 -70.790479 -94.632596 -75.916963 -79.971988 -79.687950 -82.196774 -85.039555 -83.339719 -96.865641 -84.815867 -83.509228 -91.401482 -79.728414 -80.036515 -96.204104 
-92.421282 -70.451153 -68.526702 -76.749332 -90.850244 -96.640348 -79.612026 -96.867588 -85.996085 -72.153067 
-69.215545 -76.420185 -72.238067 -94.301402 -82.767269 -79.987455 -98.091763 -76.145721 -75.705337 -90.401624 -77.012759 -71.888592 -79.061541 -82.463379 -79.265375 -84.897286 -96.440524 -77.025776 -84.828472 -81.065739 -79.766885 -88.216365 -70.537129 -82.114922 -86.575868 -78.616066 -81.138949 -79.508325 
-87.440674 -75.288220 -94.729366 -95.354506 -83.149866 -70.159591 -87.174853 -96.921291 -81.107001 -82.849673 
-79.692541 -75.916403 -80.530753 -72.832089 -94.914105 -82.674288 -71.817655 -79.961949 -93.283138 -89.242066 -82.222554 -82.188819 -89.025815 -68.379123 -76.035617 -68.634190 -70.591058 -78.896139 -73.471816 -73.483563 -79.363507 -81.015706 
-77.866906 -79.612289 -75.853936 -69.590374 -93.636740 -90.907054 -83.233102 -91.126221 -82.726254 -94.960059 -70.790139 -69.899309 -68.560457 -79.716150 -92.093370 -80.203710 -83.168518 -87.787470 -76.238033 -81.414219 -76.041270 -74.458283 -79.160903 -81.197657 -94.231742 
-90.161538 -91.947122 -76.931905 -96.960293 -82.160384 -89.609610 -81.292247 -76.231444 -80.687823 -83.668543 -83.673881 -78.506737 -77.543921 
-94.872561 -81.542039 -73.069798 -79.189152 -73.712004 -93.218556 -91.143036 -74.954244 -80.117962 -73.322262 -80.017667 -86.110332 -93.154533 -72.326396 -71.574725 -79.106568 -86.030359 -80.817336 
-93.054627 -75.515936 -70.302720 -68.536627 -73.111614 -76.046453 -79.903520 -97.364299 -86.083168 -86.269251 -75.209340 -89.168746 
-78.043065 -84.831292 -92.047779 -88.308260 -70.405565 -74.037420 -87.263101 -70.436509 -73.972209 
-78.640722 -79.174551 -89.077028 -76.628574 -84.185270 -90.165896 -96.237590 -88.706895 -83.826256 -97.594235 -83.755330 -94.301581 -83.350118 -92.343509 -87.600628 -78.707777 
-74.488613 -80.955761 -83.924195 -94.462594 -79.703204 -78.767718 -79.004167 -68.932389 -77.902891 -74.692807 -84.353209 -93.319468 -91.175605 -74.948036 -77.230576 -69.001204 -78.561061 -78.524595 -85.788595 -79.121105 -80.675620 -80.890270 
-97.307219 -78.815065 -76.527204 -93.843110 -70.381515 -79.311384 -87.478426 -81.224225 -79.492347 -80.159257 -89.844625 -80.291104 -80.152859 -69.127600 -82.819187 -79.605219 -76.215179 -68.119758 -83.818678 -80.626689 
-76.117958 -90.418332 -68.037286 -78.534228 -69.574593 -93.052588 -97.193800 -78.727462 -85.530077 -91.172527 -84.775621 -96.355299 -95.708010 -83.433256 -83.950688 -96.680983 -68.720305 -87.407056 -95.184566 
-79.945988 -91.376973 -74.467370 -71.142803 -70.103737 -93.065591 -96.424383 -74.664345 -85.280594 -92.384182 -91.102388 -73.679738 -85.591512 -71.186307 -89.419632 -80.682180 -93.619722 -84.058281 -92.655988 
-74.448641 -70.047423 -75.675714 -81.810005 -75.483479 -96.770166 -95.446069 -90.989761 -70.201095 -69.386744 -80.318831 -88.125616 -70.215039 -86.419257 -83.265647 -95.356854 -75.777490 -75.107573 -80.826851 -75.824877 -79.903479 -73.279517 -77.074362 -80.227950 -70.698616 -81.846722 -74.073378 -76.344543 -80.304711 -79.325411 -94.274095 -77.035567 -90.697138 -83.148978 
-94.301704 -79.731545 -68.126792 -90.998971 -93.044423 -95.711340 -85.680118 -74.035729 -75.184676 -86.364767 -83.445343 -75.163330 -98.072207 -70.236761 -94.828193 -69.724671 -78.323460 -82.709237 -72.253269 -84.846722 -68.858345 -84.060998 -75.108930 -74.759830 -79.657477 -76.539070 -79.938168 
-94.922830 -72.653057 -70.119704 -84.342978 -85.464634 -74.586111 -68.081424 -91.858021 -71.215677 -94.078238 -86.465129 -83.401737 -77.671779 -79.237882 -71.479977 
-89.714135 -97.912639 -73.555871 -79.232842 -80.676388 -71.019382 -90.305550 -68.641858 -80.890521 -87.033660 -74.503464 -76.718986 -71.985573 -86.488972 -75.526501 -83.177519 -77.943061 -91.687919 -94.203594 -84.974225 -73.701039 -95.947922 
-89.544934 -85.249324 -88.132245 -86.196916 -86.611355 -84.115622 -70.519845 -76.335834 -80.829844 -68.554191 -83.648131 -70.822892 -83.913977 -83.019344 -79.895319 -75.788034 -82.887550 -81.557973 -79.430655 
-72.456224 -94.642640 -72.015749 -91.811574 -93.891143 -90.411758 -92.722015 -83.525374 -91.234265 -79.693127 -82.994029 -76.230230 -79.172237 -79.228005 -79.277458 -83.926736 -80.906524 
-97.064928 -69.113517 -84.289717 -83.718844 -94.187920 -89.143063 -81.065229 -73.444461 -94.322515 -89.809345 -82.876398 -81.269624 -78.813696 -85.425807 -79.853255 -76.966338 -87.853372 -95.920258 -77.706284 -93.424492 -72.411569 -82.773050 -80.152879 
-82.935420 -68.222355 -91.729209 -94.072117 -92.930999 -94.936645 -83.083415 -75.469683 -75.488874 -70.200049 -94.492937 -85.041593 -93.489698 -91.672640 -82.618943 -80.797892 -77.464398 -74.761238 -73.754411 -78.877496 -87.053657 
-68.318467 -71.002130 -93.182799 -72.702435 -97.064271 -79.697516 -69.028130 -89.873287 -96.678600 -69.106908 -78.866024 -77.401629 -91.039241 -82.699048 -69.791945 
-96.825721 -79.796498 -96.720726 -87.924190 -95.278300 -76.196972 -82.370782 -79.840071 -90.350374 -91.745270 -74.911371 -81.126606 -93.344931 -76.177340 -79.520627 -80.438780 -85.381258 -93.662632 -69.831402 -76.373518 -70.466033 -82.726992 -96.263070 -82.748760 -72.471151 -69.113366 -93.031593 -86.041154 -77.115794 -80.236816 -93.511021 -70.933452 -74.888620 -72.665225 -96.866137 -91.865635 -83.001669 -83.095594 
-69.869186 -95.014103 -75.495884 -79.318106 -96.534616 -83.858108 -94.136373 -76.451913 -95.767275 -75.198998 -94.872139 -91.519701 -74.959936 -92.501905 -79.248895 -80.775003 -86.109018 -92.948240 -83.133198 -79.953765 -92.854753 
-90.040747 -88.331078 -86.217592 -69.895840 -71.424683 -84.068860 -80.207653 -68.457160 -91.461157 -69.500798 
-91.606217 -69.982982 -77.102334 -83.981586 -92.994698 -89.234601 -73.843634 -77.544034 -96.841671 -93.278871 -75.598364 -85.688618 -75.287307 -95.784887 -85.027488 -76.528011 -77.833603 -82.411785 -80.541907 -68.275107 -68.900021 -69.279994 -76.173122 -78.599553 -78.145526 -84.284579 -72.615749 -84.165142 -91.237748 
-72.624336 -97.410802 -72.548212 -92.068229 -93.901228 -87.688180 -78.864389 -69.538662 -69.503266 -83.159920 -79.215402 -95.631479 -95.697551 -82.417577 -81.937366 -94.117109 
-79.638541 -92.534141 -78.509152 -88.089183 -73.506373 -85.311065 -72.805106 -92.472905 -79.684695 -79.126791 -71.499136 -86.935790 
-69.012676 -78.346912 -70.114078 -70.462227 -82.167421 -76.846147 -97.645826 -68.554861 -91.475358 -76.371437 -75.154458 -69.232262 -91.851929 -73.435989 -69.184320 -92.419747 -86.107032 -68.460078 
-94.291574 -78.523445 -80.657739 -94.909838 -82.098178 -70.014950 -74.139710 -78.473899 -94.857410 -78.591574 -80.657920 -91.057071 -70.074881 -73.902435 -76.258032 -78.278618 -79.852162 -76.350990 -80.260185 -92.184601 
-93.022500 -96.746071 -93.340753 -79.845826 -93.238804 -87.469574 -69.333130 -92.020916 -80.572660 -75.157520 -79.690633 -76.756331 -94.624256 -83.518372 -81.598627 -86.265895 -74.825264 -70.863493 -76.349486 -74.572841 -76.474549 -76.769069 -97.336674 -71.967239 
-88.979578 -80.414741 -91.527110 -95.813858 -78.903474 -78.321915 -69.113660 -80.961327 -68.207284 -79.888632 -70.956960 -78.739397 -94.199058 -97.903805 -75.235824 -78.745775 
-93.735165 -79.984270 -83.738514 -80.741902 -95.402701 -90.765354 -73.592793 -95.145792 -77.256250 -85.090024 -75.739267 -83.859195 -83.818847 -80.733435 -79.270937 -87.477027 -77.475193 
-82.843106 -95.321087 -83.783418 -79.587924 -71.953442 -79.328052 -81.464107 -96.107918 -75.043209 -78.831064 -75.949363 -68.563244 -89.370102 -70.881159 -92.474430 -94.727403 -75.064158 -91.924131 -80.104979 -72.898183 -80.926565 -81.426784 -86.607171 -68.836095 
-97.077454 -82.613073 -92.141827 -84.304809 -89.855439 -78.886061 -97.937602 -72.553002 -92.516969 -88.459225 -71.722165 -75.402494 -81.362255 -92.476493 -80.035839 -83.118534 -72.735065 -70.002714 -76.454593 -78.528310 -68.396271 -75.378273 -78.767932 -73.166779 -73.761758 -78.893834 -72.467117 -78.347046 
-77.375146 -78.487238 -80.723357 -71.693576 -93.167064 -74.599747 -79.062390 -97.536945 -89.871089 -74.274323 -75.193234 -68.538980 -78.957229 -83.809926 -96.690753 
-92.866794 -78.448660 -94.879190 -77.735487 -75.127516 -75.124151 -70.938050 -74.767824 -90.260224 -79.721528 -68.734347 -81.142568 -83.640047 -79.936261 -94.124070 -74.629032 -81.290298 -69.651030 -70.043949 -72.673896 -90.868685 -82.938559 -78.640171 
-73.889800 -80.651565 -93.958020 -92.096397 -89.694337 -77.092542 -90.761404 -79.554439 -78.483792 -80.003060 -94.791089 -71.185376 -78.614397 -83.921929 -88.985314 -80.057786 -80.938503 -76.056947 -82.584502 -96.959730 -84.110678 -78.522522 -83.133908 -73.971714 -90.542532 -79.923229 
-79.604614 -75.483364 -68.286871 -68.795609 -78.099061 -79.367535 -84.627166 -90.467338 -96.961035 -72.119632 -79.245557 -69.329103 -95.978444 -72.271344 -76.926343 -73.626650 -89.989783 -95.347555 -86.004900 -85.877003 -84.076901 -78.307155 -86.364925 -89.548469 
-77.150850 -89.838421 -93.941011 -89.019444 -75.878386 -94.122909 -78.364316 -79.883338 -77.438929 -75.450891 -90.312953 -73.317275 -74.042287 -77.104348 -84.231650 -91.568523 -74.773294 -80.195059 -76.049336 -83.644978 -76.514274 -92.384125 -83.879697 -80.764880 -84.126188 
-68.268029 -77.579027 -74.902074 -68.696387 -88.435626 -94.118523 -74.014444 -91.679644 -98.013915 -75.100884 -91.374739 -96.340287 -75.289632 -92.491159 -78.532740 -92.004165 -81.438117 -96.549014 -88.587565 -75.602340 -85.771699 -73.018464 -80.618411 -77.765844 -74.261635 -80.348726 -72.602735 -87.327114 -76.405623 -86.118111 -95.015428 -77.037976 -88.351839 
-72.960650 -69.419232 -77.574682 -97.187487 -74.512136 -91.502411 -79.387148 -94.305035 -80.352765 -69.201552 -70.139661 -92.497797 -69.659901 -72.948330 -92.439487 -68.947256 -72.321973 -80.902735 -88.568448 -87.066847 
-95.809747 -75.509506 -75.103157 -93.506664 -80.221697 -94.257272 -76.677003 -80.857656 -96.786828 -76.219602 -76.556517 -92.582559 -79.730842 -76.058672 -86.542461 -74.210897 
-82.343370 -74.459656 -81.250122 -68.101830 -74.223463 -96.545704 -79.788722 -80.470721 -78.174534 -91.413880 -96.845791 -91.606264 -82.229959 -72.360945 -80.656933 -74.956572 -71.822737 -69.804966 -79.484011 -79.502161 -81.600294 -79.508562 -73.170758 -80.935788 -79.958774 -83.957052 -68.684816 -81.044052 -75.484242 -87.806676 -89.729383 -74.243716 -79.387765 -93.547861 -78.051324 -80.821885 -78.533008 -75.450599 -83.748342 -86.599731 
-70.873038 -97.442787 -73.842823 -88.600313 -68.509754 -89.651610 -76.998974 -75.735283 -95.070242 -77.991412 -70.718068 -91.363566 -83.412442 -85.990521 -76.666281 -69.343077 -75.912305 -77.846670 -80.474088 -95.716442 
-81.655794 -97.214419 -91.154589 -80.997219 -90.811724 -97.825885 -79.508562 -83.443779 -93.511015 -71.696035 -80.824099 -77.134368 -96.689103 -76.664965 -83.597270 -83.325630 
-84.965279 -89.879556 -91.005892 -72.842341 -89.265714 -89.086060 -78.033455 -96.775443 -86.884361 -68.523311 -69.463746 -78.974994 -96.778033 -80.563321 -82.802306 -82.553415 
-74.000985 -80.596560 -74.817624 -95.091892 -72.920319 -79.046816 -93.160112 -85.281132 -76.647935 -80.256342 -93.793101 -90.190275 -82.314507 -74.856074 -74.288633 -89.575617 -71.419965 -71.179994 -91.945062 -68.892157 -73.562338 -71.999236 -81.511955 -84.501312 -79.848336 -91.097477 -68.237457 
-76.180617 -83.911968 -94.908812 -96.572872 -74.430500 -87.029328 -88.534276 -82.164256 -79.682014 -85.361312 -76.161160 -70.731826 -94.437917 -79.799729 -79.556499 -79.648187 -77.771307 -78.379025 -73.910657 
-84.322821 -94.424049 -85.219511 -68.597897 -83.944360 -69.060571 -75.209300 -80.338547 -75.058533 -82.786463 -97.451394 -79.919513 -96.590416 -92.803248 -76.451646 -76.710678 -91.426157 -78.928874 -83.563300 -78.282997 -90.520529 -79.670398 -70.182626 -68.238953 -69.958309 -79.756452 -76.841550 -91.627168 -93.559763 
-91.341377 -76.191157 -83.020078 -75.362281 -78.934066 -81.037685 -78.230142 -75.339044 -68.991036 -79.520531 -74.901494 -78.346999 -83.485612 -76.355291 -70.507571 -89.534521 -88.939704 -74.549791 -81.438821 -80.214674 -70.153148 -82.587415 -89.100761 
-79.932543 -68.092079 -79.255530 -73.730529 -77.526175 -78.373864 -76.064012 -98.116880 -76.793296 -86.536884 -79.764934 -78.797895 -94.540200 -85.998174 -80.089707 -73.145368 -91.977089 -89.093994 -82.139567 -69.777766 -87.953541 -84.880624 -72.809915 
-75.195455 -73.377984 -82.269324 -78.498981 -81.339065 -79.031559 -93.888630 -87.358574 -86.090604 
-69.565396 -79.438827 -78.179281 -73.827168 -80.030229 -78.806225 -79.359514 -79.472316 -77.565097 -70.927206 
-75.851248 -92.677274 -68.218913 -82.679697 -74.729852 -89.592493 -93.761107 -75.225742 -74.243707 -71.829599 
-95.900382 -93.131233 -91.330960 -97.414714 -89.332581 -75.791823 -76.124570 -94.391705 -79.357630 -69.860301 -89.136589 -79.261312 
-79.470675 -79.253091 -92.998451 -80.673663 -71.204985 -69.384033 -80.051269 -92.037490 -97.322640 
-71.357445 -82.630849 -79.495827 -75.465508 -70.143978 -89.090291 -80.628680 -94.165522 -93.554060 -85.975406 -77.443262 -71.481384 -93.773826 -88.255005 -70.857582 -78.599464 -80.736801 -96.103384 -69.405697 -81.705728 -96.720535 -79.527698 -68.789843 -79.302119 
-75.588920 -88.655159 -82.867798 -78.984297 -69.074134 -74.297637 -95.811085 -80.473804 -93.940914 -77.019192 -86.906108 -79.094212 -79.286844 -79.902413 -78.107358 -73.769398 -79.632002 -71.970066 
-81.437071 -78.945010 -92.138931 -95.390515 -91.370067 -76.644894 -80.957469 -85.287869 -84.960967 -94.026946 -83.432432 
-86.564947 -80.354772 -78.947419 -83.740854 -79.580206 -74.971478 -97.154585 -74.115967 -69.988144 -74.081555 -79.730628 -91.605023 -76.263544 -92.385543 -71.092045 -68.364013 -83.572729 -93.915070 -89.436849 -94.318170 -81.292808 -81.033867 -68.351435 -79.196954 
-80.072877 -74.932238 -89.341924 -83.857747 -97.952603 -68.568065 -73.861034 -70.985247 -78.927992 -93.110816 -79.485949 -87.033147 -80.332833 -82.152929 -89.943011 
-80.703542 -70.650413 -79.802341 -72.967120 -96.644494 -92.465271 -70.307411 -74.576682 -80.638666 -79.827225 -78.960537 -78.763974 -82.783273 -92.240611 -87.030651 -89.936467 -69.221330 -79.966565 -96.280562 
-97.509256 -72.436747 -82.239137 -83.902278 -87.656436 -75.898955 -92.426032 -83.119495 -89.815483 -76.149968 -78.400676 -70.645766 -79.267829 -80.329512 -78.051407 -85.978728 -78.421262 -81.510505 -76.394033 -84.859716 -75.832898 -79.206150 -82.291456 -72.700295 -82.779492 -81.001266 -89.025179 -93.973313 
-68.928255 -96.616935 -87.401201 -82.928782 -88.518603 -83.077245 -91.421128 -74.530216 -70.019728 -70.208530 -92.799017 -74.584061 -94.804677 -76.492910 -84.091673 -75.254358 -95.442306 -71.404994 -76.503093 -93.856249 
-77.612637 -75.297746 -80.752958 -94.702129 -94.470046 -84.429180 -96.401356 -75.058673 -87.161181 -81.881319 
-91.254493 -70.157551 -77.290515 -88.666917 -94.301829 -79.665820 -79.925952 -96.659595 -75.783036 -71.866574 -78.834332 -78.786045 -73.702708 -96.237897 -82.092242 -91.009520 -76.355585 -85.298787 -75.256251 -74.784913 -88.710652 
