 -82.730163   37.097765
 -68.887265   41.719596
 -98.974626   30.392854
 -93.619804   27.633829
 -93.253344   29.059502
 -68.040345   43.659452
 -74.555856   39.444379
 -74.666088   31.451395
 -82.383875   37.224326
 -76.851122   41.658339
-100.704988   26.049457
 -88.310672   24.126134
 -90.915035   21.240389
 -79.874205   33.817660
 -77.452102   37.171296
 -70.839558   44.166081
 -85.334670   37.931034
 -92.924678   25.404951
 -70.617172   39.793166
 -75.956185   29.606978
 -70.808426   42.623143
 -71.116871   29.484135
 -73.963542   28.084308
 -84.016280   26.662326
 -79.723302   22.257117
 -83.555847   28.559288
 -88.280989   20.305003
 -81.335528   23.490986
