183.137548 75.302924 0.098970 51.530200 0.036666 0.415633 0.289372 312.396585 67.348902 2.149413 0.043020 2.218972 246.510424 309.727393 5.232101 339.696399 0.042725 27.726238 3.020382 42.374730 
194.241002 0.054318 0.407341 8.251987 0.049861 0.268062 235.204196 18.521283 137.144756 0.176624 0.273360 0.066917 29.542647 107.385320 0.452545 23.476625 0.072700 51.882458 0.567285 0.325070 7.703568 76.885073 104.556273 49.376621 2.955917 
33.377857 100.093026 1.786771 1.616993 0.029221 76.776242 94.652670 3.343215 5.285189 0.335650 0.049675 98.019401 113.912796 0.020238 0.042337 38.817042 106.389915 71.269572 
0.467550 11.453902 2.270876 1.417709 0.020233 134.828943 109.473878 85.354063 176.127834 0.021040 0.191393 147.157032 51.398641 0.039584 51.880542 0.362003 39.867486 1.721177 86.197307 0.021350 61.271041 0.616698 22.713773 54.272536 143.956284 0.265985 
72.490737 0.174207 6.833127 1.879761 3.612170 131.085746 151.020927 0.079714 0.176105 217.049043 12.906130 92.316386 99.496827 0.034442 0.597331 0.319720 212.588601 0.243596 71.096424 32.187300 92.709945 185.046278 
0.032472 0.077483 11.321400 154.148637 0.054258 265.841992 128.367241 0.539196 0.950036 76.378279 86.450561 257.777780 4.524793 0.032182 37.847204 1.846374 1.887075 4.195281 3.082419 13.114266 0.590289 0.896151 
3.603628 250.798078 5.902096 79.848920 1.929616 257.753095 0.061828 0.424225 199.040800 90.234948 4.508103 341.781885 338.098377 0.070039 0.656463 108.677694 1.459236 9.281412 0.069882 
2.175131 0.028318 219.049945 53.550610 1.612816 245.614532 77.782155 5.645224 126.741020 0.715315 0.219187 220.804062 0.262755 0.783964 3.278906 0.756499 6.079154 1.061477 
0.073060 0.075587 4.751772 199.982338 1.888254 110.418353 424.317383 224.648159 188.066212 0.093803 1.487766 156.190288 0.168510 256.792636 2.981194 0.187552 2.470459 49.593068 
0.186982 0.101524 0.410597 8.925398 2.399218 361.255969 60.522882 442.462659 72.070011 0.494725 0.209884 323.790570 0.075493 25.243047 156.284115 88.998195 0.553011 120.241287 2.137596 1.302537 1.155998 0.668042 212.898982 0.058312 1.970240 181.195403 1.336442 
0.041892 0.062902 128.562976 83.918549 2.107187 72.748194 114.666825 137.758852 74.616371 106.945142 0.164283 5.419170 162.844186 0.425304 0.041307 37.502369 0.963712 18.847576 0.277527 
1.059361 0.069428 293.487974 65.868270 1.797234 125.041426 128.090359 253.006182 27.242302 0.076236 0.122450 2.555447 126.764778 0.467512 175.241373 0.219423 102.958944 2.354944 0.042864 60.217201 
0.165920 0.062924 232.144193 0.116512 1.842333 172.815097 266.087574 33.960421 4.293049 0.086163 54.117861 32.030334 19.536611 19.582941 466.627575 0.277803 0.051913 325.493938 0.400371 0.683152 1.151284 162.686132 9.896578 12.341009 
135.034309 0.040178 0.266495 1.204023 1.654006 161.287058 73.770984 340.078094 61.872320 0.086437 0.036809 16.269351 338.075518 7.757816 45.440490 0.618314 120.871894 1.827632 155.358410 1.860626 2.386311 0.309834 
65.875796 0.082803 43.553027 67.539744 2.298292 86.839996 136.909514 0.106679 0.180762 49.299307 0.057119 213.055392 7.549677 0.149356 261.828643 135.539997 1.680061 13.968564 
110.298904 0.084792 377.976381 0.103121 1.533662 149.020834 55.284034 8.746987 83.744218 177.853630 77.159268 0.052678 0.410461 0.128754 16.160922 2.664211 2.166724 28.466592 286.861861 50.430904 6.026361 
85.919778 0.039121 0.060760 11.714339 1.625893 250.198408 110.096311 0.087384 126.657223 133.264302 281.815703 31.444557 0.076035 171.837040 0.627682 1.219065 0.171576 13.032040 204.316770 3.600103 1.564703 0.257647 1.487238 0.042597 0.088756 45.174153 8.624053 
37.207529 0.054073 129.188215 0.096803 2.039800 151.788044 166.227870 0.060672 56.691555 138.416570 5.590013 18.849359 0.045159 0.099770 8.144987 13.984417 194.388491 67.631940 28.664020 0.295360 8.136686 12.501184 34.640253 
18.135678 0.081320 13.564292 0.156854 1.875905 221.903568 165.830473 0.063821 4.254528 44.326356 37.976757 26.472993 87.504630 8.545162 0.052657 5.226013 0.220494 302.519325 0.132547 152.732612 5.775199 38.559878 10.779921 0.109164 4.175871 12.003869 4.393128 89.539936 8.504809 
6.242558 0.075936 116.089146 0.835817 2.382953 157.501731 133.828529 0.038636 0.200257 38.012472 5.074682 45.276036 118.943889 79.512737 1.536494 143.795335 0.136213 163.946268 0.089197 74.397805 3.519421 0.057365 
1.414905 0.104079 231.988982 0.091003 126.276084 109.655310 167.284400 0.058458 203.694489 0.143368 0.154387 74.778086 17.059369 0.115235 14.873856 33.235803 40.224761 5.020445 4.105160 8.994145 0.088616 114.338632 1.305728 4.562049 0.068398 
2.131855 0.027181 2.513464 0.924136 1.149996 119.428960 164.910937 0.123180 40.405235 134.381170 0.093610 150.733690 0.089602 150.021812 1.014496 67.538369 0.766678 23.986537 
0.660325 0.054176 0.393354 145.573688 0.385964 62.156037 1.214459 1.672691 91.664443 43.236678 20.128042 0.040921 45.497446 11.068637 0.054089 104.751183 77.052904 0.698625 
0.554396 0.038726 50.951068 302.959831 0.566252 300.426039 0.036494 33.208161 58.923854 114.027551 0.140851 15.247465 0.100316 6.160471 0.051168 56.250937 0.034393 0.150158 138.530921 20.326711 127.259067 1.268160 9.041398 20.068557 6.154969 1.065522 2.319254 19.107012 63.282255 0.069884 2.775399 0.068321 
0.716316 0.045932 326.358071 393.711010 0.106199 72.750629 108.249064 3.826452 0.088160 129.580772 0.492514 131.658894 190.347621 1.509187 4.805271 0.058231 8.670623 2.841860 329.979645 16.481501 2.129034 0.128374 0.167774 4.054429 94.357064 90.308485 170.616190 0.118983 1.009352 0.260952 
1.096640 0.387705 30.317229 0.063830 0.068054 340.584102 170.350037 2.374962 170.895931 0.474644 56.473101 386.180692 12.091777 2.050839 17.920464 0.086148 70.233051 51.738496 0.065353 28.874971 136.564763 224.789238 50.093944 5.033440 
1.344558 344.558027 0.042986 0.127319 0.225965 110.347119 173.919228 0.132278 59.653044 103.629210 0.109207 353.697234 159.390629 0.680907 0.051188 22.354355 37.280667 129.935152 0.725448 
0.212264 25.355927 1.908633 0.058761 0.120348 119.814897 138.812024 4.801892 0.104737 75.118710 0.071111 64.205175 34.096256 85.117919 59.037602 17.705076 24.508803 56.375802 9.142636 257.051093 8.499194 1.230505 0.146037 2.541277 0.860910 4.961903 17.349258 4.415882 
1.467610 0.166325 292.813184 0.046669 0.042342 324.424563 40.606450 14.308535 37.475264 1.512140 0.050600 28.044426 220.267689 48.764286 132.733797 5.203867 311.998681 0.089817 
30.015297 0.039868 0.030120 0.111331 0.023744 100.808891 1.503927 89.688827 217.457719 2.776511 0.098087 184.498618 135.396802 9.324993 68.710111 0.023477 0.235549 31.036602 0.697495 30.428917 0.545525 0.383609 57.285907 
50.069369 0.079618 293.175348 0.037410 13.490567 113.719686 1.659164 3.258215 193.587680 105.952342 0.068247 96.134816 158.842759 0.565615 211.442075 0.198013 
152.360832 0.039810 0.053142 0.112234 110.218229 26.407743 1.291685 263.834935 171.081920 204.896081 7.054666 118.922749 106.662983 0.206606 1.131944 2.108467 4.866364 97.278584 0.062088 1.350134 166.119913 
0.347213 0.046387 0.075003 0.043077 128.486744 84.013142 1.444411 81.995092 0.286629 87.827463 146.904335 320.403768 219.120765 134.262772 61.852329 18.193417 3.886466 27.620671 0.798573 0.157972 46.026977 
186.678604 0.089466 0.505937 0.071631 422.877498 35.668992 0.614228 2.946014 0.425099 495.903473 404.386502 18.098316 376.946826 1.409343 0.937351 0.475990 0.983656 67.580607 390.366842 1.492747 0.602459 1.456197 3.344322 1.691302 
0.257031 0.051891 0.132427 0.149699 388.949359 20.419976 30.836896 273.257729 284.532612 464.133120 56.035963 0.507654 36.391521 75.132833 203.571013 0.753128 1.218726 2.475658 2.253216 9.145805 4.664332 35.768642 0.305831 
0.118729 0.051355 84.950713 0.118512 270.780538 63.075737 260.726296 1.807396 102.628588 140.653866 1.234413 1.733831 69.346517 308.149126 0.333535 4.506453 1.375267 4.981014 0.557182 46.387119 13.007723 
0.070796 174.933122 0.114280 0.077818 160.552725 159.972222 75.084099 3.313247 2.150182 103.069308 90.329272 115.634352 1.273336 80.137353 1.266316 4.538690 17.403080 0.602725 8.676548 0.063536 1.625350 23.362902 33.310315 17.693569 
0.075053 2.818600 0.116221 143.242530 121.198823 332.954629 0.062746 2.029518 1.117750 121.682136 0.473294 270.593559 0.088613 5.656243 0.664833 5.852483 97.094510 127.442390 0.068785 315.727295 12.748739 12.941134 50.488889 
14.654762 0.179909 0.080787 4.103596 97.424894 224.756248 31.700827 1.538584 37.543056 2.211569 166.946524 51.189697 6.132086 2.607756 95.505328 0.088488 507.306368 42.360994 0.088034 0.126927 357.688593 22.782197 202.909928 
11.731038 76.727816 0.064177 129.678900 359.412015 126.380039 52.563510 0.072650 8.317294 0.941458 157.655269 0.299204 0.085286 237.001033 153.419107 2.122315 0.087921 0.607365 99.080021 0.364238 0.059952 
0.349123 6.271678 0.063503 61.192995 65.324498 155.275929 0.140213 181.951043 88.407934 0.982016 36.037710 198.026529 0.140811 28.604327 92.791779 0.134580 3.416195 0.900417 56.755279 3.974452 352.359764 0.208951 2.396561 1.047286 2.033168 4.352022 
19.115975 14.135864 262.373103 56.752082 111.235907 0.627411 24.675222 45.563656 5.764023 1.493115 3.648430 694.694068 0.143718 82.505288 124.624954 87.721732 400.213753 19.854210 0.096460 0.300084 196.236410 2.880668 0.216490 0.205212 1.350185 0.103248 18.231056 436.543164 0.209339 115.512059 2.006047 0.547217 88.860248 
0.076435 0.371101 0.176777 0.078811 372.277674 315.241446 179.535966 0.461860 1.689801 0.664021 1.286615 314.268297 0.125856 94.341477 664.211596 13.415074 104.548023 143.031794 19.194440 59.122366 37.516580 0.573133 5.368892 
0.061350 0.081382 0.588188 0.022374 86.694788 1.020351 0.040874 59.005906 19.792087 208.544956 39.555683 3.708300 0.122851 74.037387 95.662295 0.243215 2.976783 8.842667 0.056284 35.065072 11.464199 4.668427 5.059508 2.419499 20.737763 11.846470 15.121183 0.473773 48.144841 0.047805 8.061579 2.431146 1.660874 5.870272 4.830038 0.143307 174.429298 0.622032 156.595778 
4.064884 0.058452 39.886364 0.075161 108.665598 1.137472 5.585448 137.249102 101.544013 60.422420 0.099616 1.373753 0.057931 62.440320 0.100463 4.382052 0.213224 0.218935 9.393570 50.624209 0.251152 44.695526 1.691004 0.890111 163.755102 66.660617 9.091687 67.268630 0.405554 14.715572 
276.885456 307.270600 4.055569 0.072337 179.337792 1.174686 0.391319 148.825715 7.315002 105.989494 324.857146 0.175153 0.050155 98.455346 0.054018 11.885969 0.111250 155.326060 32.172392 216.107997 0.273119 
134.000119 0.118500 17.855615 0.046917 181.951510 269.556288 191.886648 112.498073 21.784682 0.068879 18.956133 0.082045 0.099095 0.853480 1.655788 98.383041 63.957255 0.236341 322.636612 0.086869 76.764674 6.606912 50.658004 1.170594 0.058467 76.276269 8.336004 
0.043555 0.050454 178.461103 0.028537 184.082152 5.451722 0.031448 152.190997 205.384418 0.837249 8.724967 2.794520 0.045452 137.811238 0.351443 12.706940 0.072032 19.081900 1.759711 88.752081 24.702829 6.373816 137.096517 9.869082 0.137104 0.177615 170.898807 0.263596 14.027936 0.109261 64.040673 3.887702 148.478112 1.521579 
11.768348 46.424373 272.730071 0.030662 126.316297 0.055766 242.996718 50.284144 3.612578 6.801682 0.048253 6.907329 0.034059 70.501132 0.543115 0.773152 12.147491 48.481944 11.567964 69.502611 61.961215 0.172373 16.305259 15.980552 74.181872 0.072000 0.044728 
1.355140 161.270347 0.650575 0.086841 104.439962 0.266031 32.946311 802.636211 0.754854 53.476173 0.241264 51.232875 0.113165 1.882175 1.257660 238.305135 333.982033 0.121554 30.122383 0.092840 250.162529 146.828647 33.973464 113.242349 159.210340 2.083294 340.560866 822.162951 15.928937 
423.460547 69.866128 75.332430 0.138638 406.099144 0.266186 81.650226 1.240409 157.919205 119.071953 105.219969 31.021231 0.051797 0.550666 1.482405 6.079005 1.226354 57.904603 6.590562 7.713545 0.055805 9.526198 84.961837 0.526834 2.869693 12.934782 
359.056521 466.205497 273.338211 0.131963 92.818069 62.081660 188.994311 8.681503 289.042090 2.164502 462.918930 0.101234 0.072744 0.060040 1.432367 201.853713 319.561664 0.135306 2.704948 3.022814 1.141158 0.800842 
336.557330 52.566598 14.792671 0.311547 189.018822 0.179526 257.570546 0.546351 0.972521 54.582087 239.361751 0.112410 0.083372 0.532600 0.273355 58.533104 4.799268 1.745954 371.363485 1.315349 417.650931 43.668367 103.740939 0.051626 
6.626249 152.377469 0.025199 81.355691 85.264788 16.568643 0.248500 201.336701 36.512364 200.919985 130.909512 80.215560 0.040757 0.161632 1.389380 1.983366 0.330345 0.304618 
0.626750 77.489475 0.024287 88.183730 78.904412 0.254311 0.303128 0.035135 26.406578 54.132339 14.305218 87.126674 26.101263 0.133783 9.512095 0.022655 
9.934166 216.140560 0.159948 0.449221 62.319198 2.376992 0.532185 4.273202 63.282814 0.032820 3.108219 250.557879 91.327935 0.083602 7.131722 20.376347 18.800388 
0.046902 72.450781 0.078116 51.158100 248.471932 0.445187 0.239399 6.843406 0.267275 0.117473 4.132151 72.125527 1.685711 41.284463 70.742130 258.810386 193.983140 1.060720 1.106570 0.626674 15.129769 0.782808 0.629681 232.269664 0.449286 231.372517 
427.069966 196.008495 0.074565 256.144616 157.347801 19.568530 4.175065 96.957639 0.069439 0.086759 88.711596 83.558183 2.017449 110.896776 2.527076 0.128858 23.277145 12.418674 333.700090 
262.636339 175.499477 0.078541 60.126179 139.047208 96.793539 91.334045 9.110817 0.138782 0.074738 0.098269 278.848636 0.447628 50.097055 45.442856 0.048687 5.146189 1.177844 193.698086 358.497494 5.335212 
124.835873 96.921055 0.071412 73.440986 127.894936 0.109376 285.274130 16.753446 0.222969 0.078799 30.706796 162.714618 0.594821 0.164109 0.082795 18.131357 3.587243 5.987020 125.235233 1.161983 1.190163 6.832513 22.288594 0.065896 3.742975 0.127171 202.158906 0.329104 14.662030 0.552590 1.902085 22.449917 
0.135481 127.479265 0.019350 123.311199 1.112399 1.385845 119.400752 128.210823 0.044935 0.065149 121.592712 157.709616 0.662447 129.059281 90.682082 5.960698 170.244386 75.775087 1.343571 46.060399 0.032707 0.032002 58.367683 
0.085808 172.585917 0.046757 0.499612 0.381394 0.185580 20.648809 89.576875 0.119904 0.047436 7.883613 69.418146 1.443213 140.036048 92.612803 4.644077 224.319434 1.558278 32.999159 1.585442 0.091017 12.568914 3.394852 0.100016 
0.069419 62.639739 78.110109 177.029056 0.062836 46.363694 0.334739 217.033365 8.203261 0.040122 14.638453 0.390436 2.163446 0.729913 0.791200 14.441889 5.085255 150.263422 0.087556 0.850024 2.128880 90.504966 11.169622 
138.118661 50.178326 0.176075 288.770820 0.665565 148.928290 0.137678 72.657519 7.015536 0.058574 1.188686 0.040128 1.747686 0.148779 2.141965 0.126595 176.512429 386.860601 0.157130 3.824751 4.883549 216.908536 
9.367060 74.148824 8.421889 62.837122 13.977463 0.099152 8.174965 209.384252 0.270152 148.019815 89.923541 3.491070 49.187327 0.097771 0.333453 0.314177 47.375515 0.089381 1.426289 0.031243 0.025262 0.464656 76.531724 14.959904 0.083105 0.933029 15.193920 0.480348 
0.197441 216.200068 144.710982 47.766015 19.915268 146.184078 1.457610 187.114203 0.121656 0.104347 8.399068 0.054627 61.258344 1.030876 43.765491 0.590929 1.262194 25.410336 
0.071368 327.496009 0.062689 0.044318 28.858449 2.593241 2.642097 185.434216 28.772825 0.459923 21.313460 0.074626 1.183864 1.004663 371.473467 80.255514 181.977817 67.977555 0.750364 231.492185 123.133804 0.225114 
0.371310 255.183112 0.318064 101.527811 17.257385 88.968990 0.051148 122.980266 0.054479 9.556764 209.180953 0.118453 97.052393 1.037932 0.072327 0.099456 24.367121 78.661618 0.215947 76.927512 244.805697 0.044348 
0.106742 104.349985 42.695437 0.048929 0.039423 134.545391 261.634080 72.090616 9.703755 31.487859 10.864931 1.623665 239.557674 23.320694 0.421290 0.080046 9.830166 0.451188 0.068323 25.832576 1.152219 16.838304 4.953428 0.207114 1.516598 94.073449 9.960987 292.732467 22.511312 
1.104980 258.421594 0.694140 5.806706 0.089853 0.349679 0.126506 263.716812 32.450058 7.333229 0.311043 233.356643 58.871578 152.142391 61.072184 0.053251 3.691360 142.712758 0.441568 28.495576 0.100361 0.357534 
1.379208 65.632519 0.557447 187.084189 139.747359 0.079157 163.487916 74.596893 10.162596 2.028360 44.162372 0.449742 0.048426 36.093580 78.831063 85.542389 11.411111 0.071984 1.032110 17.414641 60.616181 0.099328 0.060757 76.596162 1.500102 5.398476 13.199017 0.321335 
1.801607 0.062288 0.705644 0.088543 74.631951 0.318846 2.874527 144.941000 334.548378 4.079481 0.175830 112.227250 0.103468 0.338407 116.177981 0.060112 183.115250 0.056741 253.715041 8.607549 26.036719 56.978409 103.434373 54.050847 1.183699 4.323290 12.058131 3.145978 17.278735 
1.930218 0.082946 72.197168 0.137968 134.923696 59.182274 11.473513 165.573339 10.718278 0.132315 25.129733 229.499197 0.044797 184.625365 0.624168 0.023635 0.070637 127.493893 84.571502 0.053298 9.486729 5.661856 0.308504 
1.439114 0.074779 20.520105 2.527098 131.540089 0.056147 160.366647 0.078452 0.086793 173.217912 0.153265 175.194036 0.028745 76.586016 0.635092 123.795021 3.615898 6.622680 1.565178 0.047612 233.470884 32.668992 0.282344 0.224840 0.028268 3.178843 2.959822 21.193905 0.106879 34.168949 176.296224 6.798358 0.230105 
0.619709 0.152096 10.251993 167.479827 462.658720 0.070537 86.868749 15.320101 3.872549 113.025768 0.240233 113.822299 0.095332 37.844657 495.527510 21.157705 0.112686 2.081370 30.237266 178.041039 12.713319 0.758174 0.232460 3.040275 0.058693 85.242022 0.321494 0.080112 1.929635 5.150775 
1.854375 0.155172 0.042445 213.757601 12.297489 0.093531 5.253345 251.175187 0.075701 152.864757 0.387345 62.249563 82.102912 24.430423 94.852856 2.516664 0.097718 77.552201 3.845056 143.845646 0.154477 5.666909 
2.915695 0.825336 191.599739 216.162233 0.072278 0.206928 66.887475 27.428887 0.137091 312.629130 11.447548 100.458108 27.120338 1.644800 265.369819 223.088268 1.049763 17.264761 1.729196 0.462645 0.054656 15.113254 204.976945 0.052623 25.313027 0.057592 18.506022 90.559896 11.108939 0.139654 2.170827 
2.858855 0.033234 30.901666 159.321286 0.020306 0.078532 93.957482 81.423486 0.807013 137.136227 91.880115 180.334070 72.161992 48.798778 0.056844 23.563783 0.244575 63.307363 
1.776321 0.262940 35.065067 115.608155 0.053258 124.860775 240.393359 2.407985 222.913430 54.996589 203.271315 48.586648 0.909483 0.171555 83.137106 89.435368 0.083676 3.189365 0.076306 0.041023 
1.359147 0.062721 0.118495 0.078229 0.037942 101.237034 0.083011 1.472901 136.902129 146.703948 288.248749 95.020796 0.788064 0.107114 275.394552 113.530884 10.006605 319.499137 0.303793 3.112619 21.887543 27.411130 24.698861 2.330823 10.307019 325.204231 4.675411 
1.607478 2.392288 0.050082 58.417343 0.055982 17.996653 78.105793 0.096781 97.763643 99.612815 39.045234 212.291137 1.026324 0.123166 236.129441 152.553454 154.883893 0.590446 1.004219 63.961491 1.944216 
2.283889 0.354471 0.056136 17.659796 0.047282 0.394399 88.329911 39.034175 3.313943 57.422437 150.660074 104.983005 0.036654 0.129791 13.399835 0.052893 25.792813 0.285353 20.945350 0.734200 16.264363 1.854474 
1.946715 95.656862 0.031354 95.322034 7.458876 0.084108 35.703767 79.682860 0.040842 148.411012 117.879307 44.305262 0.194553 28.639026 190.636830 0.122283 6.654960 4.292980 0.147081 67.444210 5.439597 3.736331 16.274874 0.827850 4.435979 
2.036867 437.567283 0.046749 104.923173 0.549795 0.059053 38.976540 0.582551 26.631697 66.880982 159.825870 142.146869 144.600017 116.350324 157.706926 3.225572 0.175339 405.514045 29.158389 0.068273 13.551452 0.432607 0.524969 2.663188 8.249800 2.423315 15.130827 
1.565707 0.298776 0.046904 172.972789 98.609580 0.083322 0.237859 65.554161 102.620296 1.605037 105.201335 83.627707 243.247929 0.136962 126.337199 0.248171 57.841587 14.677225 76.719691 0.050259 60.539182 0.092045 0.868812 139.114345 0.070580 27.432469 78.364643 7.613849 24.494332 5.078455 352.235066 62.193549 362.564708 0.811321 4.883818 
0.182943 3.440963 46.051169 436.273336 0.326218 0.046961 0.199078 453.558607 0.087438 40.636441 248.244382 28.074637 3.659287 389.314859 0.848514 272.767616 1.362525 412.589185 45.120534 0.256850 0.122891 24.957800 0.060364 7.337921 
3.297397 0.269337 160.180904 71.232572 0.190555 0.036676 21.339734 46.210600 1.035882 0.231033 190.086205 10.769905 0.151513 4.714477 0.895855 248.206307 0.045548 60.420857 1.723686 71.290362 9.713034 4.007451 128.461424 6.426952 0.313370 2.032738 
69.626142 0.042896 0.393790 33.369407 0.215548 0.065937 2.168713 11.065260 75.725621 0.231412 224.196805 0.177913 150.943356 3.710550 24.036927 329.464182 0.399072 0.318421 71.961161 0.221366 76.056882 0.124227 11.008204 176.536492 8.895971 78.539272 0.356301 96.369338 49.624370 
3.829610 464.999955 0.337631 125.062585 47.716781 0.063397 494.297795 9.449492 2.726436 0.064254 116.278717 0.611957 0.294702 0.079731 210.906613 123.512502 38.211445 2.823854 13.019183 102.312509 
0.091798 0.936429 5.167245 85.369227 464.197561 0.089796 47.340776 10.597075 0.239659 0.146417 509.388178 0.349773 452.847380 11.714147 37.083794 31.253124 0.121993 50.844602 34.349915 8.990521 0.142620 2.132170 0.100634 49.300564 0.056140 8.373144 0.200053 0.472617 0.066604 1.198779 10.518624 0.625183 19.729777 28.184748 4.437121 0.993766 347.186424 16.767135 10.815133 
468.954642 0.382749 0.672631 164.086902 0.875841 0.065644 80.315855 0.060173 0.084504 0.418917 161.988779 0.102016 0.963308 0.367255 86.531979 5.204615 20.680806 385.034627 0.230709 366.118229 18.100685 61.560261 127.467850 31.330743 12.507345 4.777228 16.757503 4.746040 
1.764601 78.658663 27.079015 222.973640 50.240608 0.042994 10.839203 0.048589 5.200163 0.303458 82.655729 0.352677 0.102559 1.061323 143.570329 2.447983 177.790110 1.806049 0.543470 154.228543 14.196681 
0.113901 106.169405 189.557520 245.582883 0.103481 0.083896 28.526114 104.089910 27.322396 0.156218 142.445446 0.407632 1.442013 65.518008 137.691304 
194.311656 161.505918 0.114127 223.783284 0.090713 220.906403 32.810824 1.100637 0.047709 0.065403 371.178253 0.509192 260.468533 1.303666 3.445822 
37.635294 56.996960 0.121949 102.344655 99.779289 1.269514 74.271486 11.249908 0.028959 2.226958 36.017689 261.188048 29.191866 15.780583 0.090493 0.101098 200.432275 0.097165 1.515999 0.087477 0.415613 34.881651 207.256254 18.435288 
0.102883 0.095112 91.767886 66.007611 111.146321 76.011839 188.841001 16.008041 0.045873 1.702978 146.899092 7.247415 205.422757 0.499032 0.025955 0.119442 6.712324 
0.036029 17.877055 46.788189 0.130128 0.023778 1.284199 22.528127 107.980053 0.026033 0.949430 1.454719 0.151473 42.585472 0.035244 97.594035 86.957929 0.020107 70.540781 0.440607 17.422167 175.281732 7.973851 3.357821 158.640802 
4.748981 38.602537 0.052229 71.991041 43.194258 0.566822 15.971775 123.528672 0.025488 0.571687 25.236213 83.612791 139.576067 4.840667 0.160861 6.900351 
2.040603 124.919605 0.021396 148.332799 1.189441 160.889031 10.949559 60.281718 0.027065 0.612497 10.169313 128.031564 
0.731542 85.812712 0.167512 124.949761 0.098961 118.255624 38.535456 108.969883 0.019818 1.633510 24.258860 0.084632 72.406992 14.612089 
