0.551229 2.395998
0.541750 1.445186
0.244844 2.709432
0.291040 3.928840
0.454260 1.999650
0.449585 1.707950
0.652143 1.758923
0.422492 2.389238
0.721542 1.549863
0.749903 1.455510
0.506605 1.495520
0.583386 2.236941
0.697292 1.642917
0.534156 1.344522
0.449557 0.956019
0.616937 3.193565
0.462221 0.860935
0.528014 1.722837
0.606456 1.187528
0.544896 3.504763
0.492583 1.494073
0.424856 2.515519
0.440642 2.122645
0.519257 1.615750
0.600794 2.266455
0.780588 1.079476
0.557343 3.753731
0.766101 1.314992
0.573767 1.402453
0.358702 2.261919
0.523688 1.493515
0.497081 1.841027
0.592990 1.187246
0.744264 1.972094
0.692251 1.304715
0.659745 1.472041
0.591293 2.341159
0.780662 1.465667
0.794113 1.879136
0.723510 2.435755
0.764484 1.053300
0.955297 2.103631
0.870498 2.088212
0.336959 1.505915
0.428596 1.492451
0.693845 2.823149
0.509620 2.047788
0.435187 1.567554
0.464940 1.662046
0.933875 1.830668
0.684616 1.208972
0.740720 1.917604
0.645025 2.300695
0.387103 1.706950
0.318331 2.406264
0.480020 1.146399
0.434265 1.776802
0.673256 3.303441
0.605132 1.628533
0.704678 1.219129
0.282335 4.837711
0.618986 1.809495
0.556310 1.419938
0.593016 2.277007
0.377654 1.893760
0.579469 2.197794
0.624763 2.131581
0.590755 2.708727
0.489624 1.201610
0.640597 1.545753
0.661097 2.570241
0.533218 1.799589
0.372674 1.831022
0.382864 1.389308
0.727184 1.554958
0.430388 1.675703
0.611307 1.282541
0.262775 4.006757
0.603503 1.876693
0.525612 2.165821
0.617833 1.372696
0.363166 3.607269
0.428085 1.726125
0.660318 2.446090
0.597594 2.159432
0.656850 1.599116
0.531581 0.997362
0.575009 2.820374
0.701184 1.794622
0.735026 1.724196
0.775908 2.324793
0.575758 1.114940
0.479316 1.376824
0.650802 1.447507
0.451924 1.716377
0.384900 2.990588
0.272852 2.739818
0.249235 1.241141
0.254966 2.347502
0.187881 2.208331
