-77.206853 -99.562452 -75.888324 -98.652973 -71.842758 -98.418269 -90.450472 -73.137550 -95.140956 -72.048154 -81.873194 -82.246724 -73.567374 -82.643291 
-75.700506 -86.906224 -78.003678 -81.808089 -66.896297 -94.459005 -94.502890 -93.253165 -86.263159 -75.325223 -73.467478 -76.559895 -74.227129 -90.712470 -77.664592 -68.533791 -74.275889 -74.854502 -79.810692 -83.122388 -86.153239 -73.021892 -87.210440 -75.270096 -96.547643 
-65.968645 -76.657370 -79.379680 -80.069313 -79.976791 -88.517339 -77.569007 -90.423790 -100.012064 -73.566687 -70.623262 -83.211745 -91.902067 -91.437395 -86.732192 -86.370400 -68.605075 -74.572446 -71.445838 -84.356097 -80.945886 -92.102656 -95.215832 -98.382810 -81.388851 -91.830064 -75.594752 -76.929691 -89.162319 -67.000437 -92.822913 -78.071905 -98.426721 -77.590900 -85.158794 -82.712129 -81.235815 
-89.419731 -81.010205 -86.425807 -77.098121 -97.784645 -92.038284 -84.151068 -68.073885 -81.481319 -73.629037 -99.448051 -76.729042 -75.148416 -99.418863 -82.130112 -76.077971 -82.082680 -88.680957 -85.037444 
-75.407095 -78.155484 -82.811959 -86.023534 -74.734506 -73.034401 -74.129007 -92.687910 -69.689412 -91.308879 -77.284210 -92.046478 -74.800965 -94.977993 -71.142747 -76.888344 -98.107280 -69.176810 -79.166197 -86.222982 -77.130733 -68.887021 -81.971139 -84.437114 -82.444209 
-91.319909 -78.346928 -72.890602 -82.381970 -71.995681 -95.288832 -76.338990 -82.643831 -77.094080 -75.288789 -72.090274 -70.349625 -82.618025 -85.602557 -87.807693 -90.748914 -67.991209 -80.654832 -87.421301 -81.876233 -80.437750 -70.407222 -73.371934 -87.058389 
-95.716763 -98.597070 -95.389248 -70.285734 -70.513945 -74.046369 -95.603458 -87.271754 -87.305449 -78.171088 -70.202336 -82.787138 -83.936052 -81.587773 -81.736904 -76.951558 -85.695252 
-89.041963 -76.378015 -69.539024 -92.160263 -85.048712 -73.533515 -83.732530 -81.116851 
-78.210071 -76.526820 -83.223823 -79.324234 -74.758983 -91.785630 -88.121917 -85.738014 -87.990120 -82.419088 -83.811233 -72.701236 -78.162753 -95.233630 -72.951224 -89.882284 -86.144815 -75.795536 -69.579116 
-98.470744 -89.622876 -88.493596 -65.477502 -75.825076 -69.835736 -95.818908 -68.777850 
-94.328862 -71.683790 -83.613083 -73.656280 -69.668343 -68.009671 -95.917621 -74.938392 -79.522551 -93.822164 -83.627778 -79.987297 -73.207704 -87.538330 -88.831203 -85.206542 -78.656803 -87.975521 -80.749788 -93.214953 -80.480332 -69.428000 -85.484740 -72.984340 -76.961723 -90.669849 -91.403771 -80.815632 -73.051152 -66.625057 -95.877803 -73.013286 -84.474388 -67.767088 
-98.967011 -92.927288 -72.255955 -91.260982 -73.759028 -68.319783 -65.577195 -74.163558 -79.628311 -88.161443 -89.377822 -90.590419 -74.145513 -95.966419 -90.533631 
-71.301986 -86.987775 -74.219572 -81.972622 -89.853718 -71.247792 -77.006280 -79.418447 -81.484582 -88.027164 -94.130883 -77.689181 -88.366555 -91.925129 -94.759402 -89.233907 -80.474018 -95.027688 -65.785443 -76.464802 -76.388686 -82.045570 -90.527421 -84.999275 
-68.744881 -78.628061 -92.610961 -75.546962 -68.151790 -81.075396 -80.280591 -83.145962 -83.860990 -98.613094 -74.476317 -73.894772 -82.901204 -84.153646 -72.696075 -75.895606 -72.649534 
-90.740142 -93.397749 -92.420224 -83.065888 -80.625526 -74.849726 -95.804017 -65.196496 -75.159219 -94.179233 -92.563500 -69.940198 -74.869772 -89.022372 -90.999562 -84.980338 -68.964444 -83.972517 -93.210537 -90.917696 -74.872869 -78.187213 -77.154012 -81.859812 -90.864322 -98.069776 -85.737755 -73.872380 
-80.028760 -74.169727 -95.131997 -98.075943 -98.410319 -91.225681 -88.160701 -90.395109 -81.362705 -73.961396 -76.580664 -89.185599 -98.471975 -93.064643 -97.541956 -80.668829 -93.239878 -82.432570 -80.463219 -85.452923 -77.011079 
-86.697401 -90.964723 -99.593547 -82.782937 -90.633300 -65.483305 -75.292776 -71.398103 -80.768957 -83.000407 -87.460371 -83.090654 -95.981438 -86.908181 -70.081110 -95.197663 
-92.349941 -83.419130 -91.794025 -82.044117 -90.401519 -99.128108 -74.495136 -74.483621 -67.304413 -82.282779 -68.569585 -83.100012 -82.557837 -87.937571 -69.956018 -88.001064 -98.772161 -99.477493 -79.261059 -68.344844 -84.707763 -83.612470 -77.018500 -70.770871 -83.770284 -83.298827 -88.866360 -86.119295 -84.106248 -87.251651 -80.298858 -69.927144 -67.960024 
-85.703521 -77.920134 -92.333300 -75.654005 -81.103003 -92.744880 -94.118930 -85.110847 -76.210882 -76.430005 -84.425064 -81.513675 -81.587620 -76.467138 -93.555221 -87.703452 -84.289574 -89.640659 -95.317160 -96.381725 -84.500567 -82.979791 -80.732448 -95.905419 -82.651827 -89.819126 -91.813735 -93.605220 -83.306338 -96.261930 -85.736684 -72.515020 -99.233159 -92.329329 -82.514510 -95.816654 -68.388756 -70.088495 -99.249399 -87.184730 
-96.269248 -92.122426 -74.880319 -94.020455 -96.456102 -94.832873 -92.201883 -89.759652 -72.959823 -92.821527 -97.596520 -93.375741 -88.243351 -92.600258 -69.287700 -92.027804 -79.535698 -76.467371 -86.188919 -76.103103 -89.142885 -80.692509 -67.167037 -80.460342 -65.653068 
-93.480306 -94.169577 -97.763964 -77.500747 -88.112175 -78.232261 -79.108308 -81.787169 -64.371975 -78.786833 -78.140460 -88.743411 -85.630109 -85.667979 -75.020129 -80.569813 -86.000988 -84.095659 -83.675511 
-92.432267 -69.944817 -78.756404 -75.332789 -78.362605 -69.812824 -68.701713 -88.255033 -77.324106 -91.755986 
-75.369239 -78.758422 -77.060187 -71.957861 -86.181272 -68.128436 -80.581484 -93.929924 -78.149627 -84.803827 -93.572324 -72.845880 -71.546491 -69.486910 -88.395185 -77.102563 -66.408640 -67.101523 -84.507076 -76.576016 -84.396072 -88.027571 -68.896251 
-98.756798 -93.504166 -80.783250 -96.713579 -81.224996 -72.167704 -73.727364 -93.086682 -84.156083 -88.100866 -83.997172 -70.498176 -73.565039 -96.141174 -79.298984 -78.001873 -84.091155 -74.677740 -85.014741 -82.376610 -84.409913 -83.500920 -82.953904 -72.399644 -74.256590 -83.668907 -83.050245 -79.967828 -72.104452 
-76.436124 -79.675209 -95.119817 -86.149076 -88.749581 -74.513446 -84.621088 -96.770629 -87.781179 -77.210485 -94.973174 -71.561771 -79.299976 -84.131811 -77.996538 -83.402682 -76.182993 -80.830464 -99.687554 
-82.954376 -71.612228 -92.178252 -71.100326 -88.690423 -93.378995 -67.389772 -82.028993 -83.310031 -80.640614 -89.846909 -82.326722 -96.663379 -71.484365 -86.455813 -82.580661 -84.317831 -65.295161 -93.749503 -76.394935 -79.394995 -99.884788 -85.766691 
-85.779247 -93.256846 -93.652232 -83.392054 -98.081126 -79.351131 -92.417234 -90.444147 -82.955113 -72.343681 -83.134243 -71.069109 -69.358333 -91.291414 -80.201167 -78.530930 -86.872485 -87.310727 -78.764334 -68.289658 
-74.748281 -69.320735 -92.107596 -92.456033 -96.699766 -76.454145 -80.162741 -72.940545 -81.770374 -79.080241 -68.798414 -83.734244 -71.959068 -86.399259 -69.115663 -77.785997 -79.809823 -90.561080 -94.492850 -92.225618 -94.081167 -76.338155 -85.269632 
-94.008929 -85.675112 -88.071232 -75.001316 -83.014459 -70.437097 -66.940012 -74.618613 -77.275150 -81.841107 -99.567217 -76.109609 -77.006585 -89.506651 -76.810039 -79.424812 -70.488406 -72.189461 -92.649684 -76.084142 -82.770946 -79.265855 -72.825343 -82.502119 -84.934751 -87.975370 -92.958039 -85.515296 -86.998437 -80.872313 -72.220235 -66.137704 -93.566201 
-67.703396 -99.352426 -71.681764 -77.535601 -82.458822 -78.018424 -92.452980 -68.719536 -65.672241 -75.029835 -85.594153 -76.561937 -81.684095 -96.876863 -80.935789 -78.560267 -87.679308 -84.306480 -92.094587 -95.869332 -71.975573 -90.562498 -88.684404 -82.165480 -74.053855 -94.383435 -95.279936 -92.152327 -71.820678 -93.351082 -82.363396 -77.712354 -85.671467 -80.801206 -87.218650 -69.555354 -82.686168 -92.776998 -98.324723 -98.788390 -66.809828 -89.990197 -80.341554 -80.278688 -80.372520 -77.864216 -83.639334 -90.480790 -71.274627 -87.713942 -80.240229 
-87.869540 -94.486127 -100.713059 -94.372466 -74.644953 -71.733168 -92.426551 -98.336536 -74.501388 -83.773533 -89.375730 -76.763346 -79.391284 -93.958030 -82.490112 -90.589067 -78.119320 -75.197107 -72.191959 -83.644566 -95.695856 -81.180758 -77.093514 -79.050160 -88.584827 -96.241114 -78.809726 -85.377209 -78.753704 
-92.542387 -97.633031 -83.978572 -76.023111 -83.131683 -74.755162 -91.860378 -96.714010 -85.763205 -66.147146 -93.553956 -68.893845 
-69.032456 -94.570042 -65.714920 -94.870964 -64.497587 -75.267463 -91.588376 -94.311333 -73.861382 -74.201181 -96.689018 -66.653516 -92.865473 -70.574349 -74.385144 -94.621038 -70.526262 -94.408345 -79.744155 -78.915675 -77.555071 -79.904441 -73.829381 -85.443922 -77.361745 -73.302134 -93.158267 -73.532539 -76.104058 -88.307067 -88.957450 -74.075288 -98.857781 -90.600360 -67.832291 -94.534042 -90.024388 -96.629729 -93.974193 -89.633898 -86.277102 -72.874278 -88.885542 
-72.820958 -97.096604 -73.287546 -81.248730 -78.374792 -75.280028 -75.209595 -73.746395 -93.494913 -81.239351 -69.700737 -80.494026 -80.113677 -90.734208 -82.379077 -92.889636 -91.713892 -99.799096 -73.067125 -84.481365 -76.377017 -77.826323 -94.257767 -78.029186 -66.621124 -69.739082 -83.218852 -74.290329 -97.911426 -84.213131 -88.818537 -90.327626 -88.590295 -71.688082 -81.016605 -77.612597 -91.976748 -84.341524 -73.005564 -100.643542 
-79.669846 -87.304199 -70.074674 -76.433570 -75.966537 -75.821858 -72.987789 -92.922377 -74.641392 -93.651996 -94.137152 -78.694460 -81.457545 -79.456157 -95.131868 -98.862566 -66.769208 
-96.738860 -67.812632 -75.104361 -83.740246 -71.288444 -69.928319 -84.500270 
-77.516239 -81.336444 -86.484302 -75.916435 -72.203417 -71.786846 -91.414167 -73.448658 -86.589552 -84.012154 -84.301353 -85.189935 -81.016659 -74.040587 -75.461573 -77.950944 -89.925036 -78.809482 -90.892818 -81.669031 -88.306028 -81.933948 -73.681497 
-67.488225 -95.907190 -93.448905 -75.971388 -80.738609 -70.224887 -69.909805 -89.693188 -66.763003 -96.740115 -83.810050 -78.550275 -95.239585 -73.330748 -99.679597 -85.719522 -79.134297 -78.376859 -87.523612 -86.943936 -72.738784 -89.321031 -86.306792 -82.382619 -82.597860 -92.248431 -91.039332 -70.943739 -76.961667 -89.019248 -72.528098 -94.530379 -87.274970 -95.963548 -69.036260 -84.777086 -90.422068 -69.165672 -88.367075 -74.379763 -94.016053 -73.873175 -79.475425 
-90.335254 -72.228423 -71.455721 -79.608691 -80.405095 -96.487878 -90.018629 -79.114582 -94.846849 -75.331965 -67.147069 -95.206629 -94.341623 -95.986701 -65.946079 -98.491793 -96.377081 -77.272598 -88.215634 -91.704063 -86.304682 -95.597993 
-94.504200 -98.386423 -86.249451 -72.632219 -97.512172 -79.760300 -91.019560 -75.868249 -90.680650 -77.169941 -74.099337 -82.362577 -88.581659 -95.507068 -88.257367 -80.558872 -94.897840 -70.664595 -94.097198 -66.236602 -80.081982 -87.084905 -93.284956 -78.924155 -78.833226 -96.192454 -77.304455 -78.369974 -71.973815 -85.042598 -92.571350 -88.338175 -82.519355 
-79.990630 -68.674299 -88.109891 -89.575326 -77.354382 -72.874762 -77.957791 -78.502393 -69.446941 -77.700592 -71.155424 -86.150078 -70.216953 -89.627881 -68.701380 -73.395219 -85.792839 
-79.978193 -80.581646 -96.387104 -71.590932 -98.766338 -71.213443 -78.336917 -70.369732 -84.030003 -89.485223 -72.652414 -68.901371 -97.923599 -96.257717 -85.383766 -88.319862 -81.896230 -69.772208 -92.637430 -84.477267 -95.612046 -69.327042 -79.233394 -74.053021 -96.488691 -91.180522 -91.962762 -68.846764 -83.396438 -83.325594 -85.574014 
-80.390351 -92.330053 -71.590574 -77.319565 -97.427018 -95.719336 -68.308082 -99.623854 -78.918718 -83.784182 -79.891514 -81.636188 -71.577804 -82.248713 -74.443283 -83.519272 -77.714251 -71.991349 -64.914271 -89.711715 -78.159055 -70.949425 
-72.814362 -86.572011 -78.606789 -75.777058 -99.087469 -73.458030 -74.680809 -94.604686 -89.122640 -77.224590 -81.187662 -87.353351 -93.506370 -75.205799 -79.444763 -71.582164 -74.810402 -84.550005 -66.747242 -75.428844 -77.882090 -70.750251 -75.473367 -73.437415 -81.594220 
-83.067397 -97.399411 -70.238369 -82.964111 -73.829560 -91.423890 -86.615725 -79.023222 -85.184225 -70.050991 -80.039254 -84.342567 -89.018868 -75.509379 -98.371945 -86.814630 -67.565128 -82.364862 -96.726028 -88.842655 -83.129585 -84.604658 
-72.064495 -88.642103 -73.930324 -81.451539 -76.490617 -91.817918 -78.794905 -88.234026 -70.183074 -80.130310 -81.617688 -74.316678 -97.618183 -92.716776 -86.223924 -82.734213 -68.816796 -71.395369 -85.615327 -79.217350 -83.889051 -71.856931 -67.751263 
-73.515759 -76.941401 -74.264872 -91.270529 -83.988034 -79.365564 -71.550646 -94.593532 -80.511665 -78.125547 -91.217866 -95.600887 -93.236860 -73.364020 
-71.332405 -88.676806 -82.771596 -86.556508 -72.001069 -95.701023 -68.711768 -66.596121 -96.121923 -91.228928 -79.251151 -84.344620 -88.556282 -85.895967 
-85.098661 -76.941054 -91.903429 -76.274032 -66.991233 -70.277700 -88.816871 -78.098494 -81.319594 -73.591795 -100.193994 -76.711900 -90.321221 -71.021610 -97.835738 -74.362446 
-81.083954 -95.873614 -85.418140 -68.904409 -86.791113 -94.898438 -78.097351 -90.301345 -91.382145 -86.813288 -86.184541 -98.386083 -78.775053 -81.525208 -94.403566 -76.039127 -78.728181 -86.536278 -72.410554 -84.820259 -91.689453 
-70.366622 -77.553738 -84.723962 -78.239969 -81.841800 -74.212082 -87.829207 -82.552249 -89.977425 -83.720884 -98.657257 -87.832271 -84.127701 -71.427673 
-72.819270 -88.141148 -75.109213 -97.783138 -78.951307 -70.075275 -86.229808 -82.418603 -70.930338 -80.678308 -95.767208 -85.681395 -81.240802 -70.160342 -89.082064 -84.255836 
-90.468272 -77.138722 -75.304642 -90.658257 -97.749422 -82.466937 -81.882737 -82.116604 -78.094074 -77.872466 -67.799971 -100.515883 
-73.796515 -82.539838 -78.775222 -91.106876 -98.050366 -85.737895 -93.620501 -87.807513 -69.544605 -84.035217 -72.950227 -86.338652 -82.666737 -98.675982 -72.892093 -88.419000 -88.327712 -75.602377 -82.114619 -85.513160 -82.962817 -72.768436 
-87.901054 -89.342659 -95.782124 -89.552700 -68.984833 -83.148659 -82.700245 -66.912422 -88.440489 -78.134588 -88.681340 -76.542125 -75.861857 
-92.046444 -92.261615 -84.351657 -73.901360 -78.122414 -66.786164 -74.987403 -76.222763 -75.184639 -74.160081 -82.021074 -81.291896 -83.518978 -65.554300 -74.690827 -77.678839 -85.723579 -92.106626 -84.158735 
-76.026389 -85.513486 -95.522599 -95.718250 -76.264000 -68.420944 -74.340403 -70.879321 -98.594478 -74.377183 -91.393640 -79.999682 -71.773906 -70.446651 -91.403657 -70.843114 -81.564109 -76.751451 -69.288736 -85.833608 
-85.673488 -84.023752 -82.613116 -84.366815 -92.498151 -91.397348 -73.283996 -65.210356 -70.441421 -86.988807 -89.949761 -85.872063 -79.579409 
-85.951270 -93.917847 -89.032116 -70.162044 -99.208803 -96.379774 -75.777008 -82.382618 -95.409968 -70.250659 -92.679310 -88.727756 -67.152803 -75.984127 -86.645648 -75.908881 -65.184957 -93.644546 
-89.000437 -74.999641 -67.233944 -99.216790 -81.429560 -88.138538 -76.843562 -81.463548 -96.021700 -69.492743 -79.992162 -81.822746 
-89.888854 -92.844572 -78.090366 -78.701330 -79.733683 -86.381555 -75.204958 -81.766992 -70.114788 -89.870562 -71.395231 -76.581927 -97.720339 -78.856677 -94.398133 -78.304178 -72.699583 -82.649883 -96.825479 -75.951538 
-80.445244 -96.077672 -78.920194 -73.824395 -77.304922 -78.816856 -84.150363 -72.126553 -73.454795 -90.047537 -72.076610 -90.200449 -81.677526 -73.141205 -86.739251 -64.597496 -79.666965 -94.963930 -70.416879 -83.922777 -94.429079 -81.634734 -78.722965 -74.119051 -76.604848 -84.013597 -89.309575 -80.189792 -86.479613 -71.014860 -94.027974 
-95.122332 -72.246641 -87.967575 -74.987378 -75.656623 -75.392859 -91.183137 -68.500935 -94.513526 -89.384561 -91.111959 -72.736616 -73.192399 -92.605548 -68.507692 -75.876033 -74.224977 -72.520715 -89.492641 -72.090198 
-77.797363 -72.481373 -75.811778 -85.097070 -72.152332 -77.198685 -71.649071 -91.724387 -96.722275 -96.339358 -82.477997 -76.040170 -72.927276 -83.058545 -70.910381 -71.764440 
-97.848919 -73.766218 -88.112769 -71.816408 -96.014567 -99.549211 -72.621678 -76.534805 -81.558685 -83.365836 -74.884039 -87.145302 -83.714355 -86.531192 -84.996564 -94.367475 -69.556496 -78.762977 
-79.970334 -83.856821 -77.983410 -70.910264 -80.799717 -87.976995 -76.732988 -73.622830 -81.551750 -93.072732 -94.770226 -87.308128 -81.918589 -96.921948 -78.597601 -79.410274 -69.214686 -69.753628 -70.323539 -82.794711 -84.605970 -90.512689 
-85.020027 -87.253839 -82.312298 -69.375425 -80.785224 -68.877455 -82.324681 -79.283390 -75.204185 -93.369474 -93.031261 -78.002919 -92.749903 -76.689098 -94.759943 -87.467566 -84.424349 -90.148154 -92.312762 -81.120279 -75.200907 -80.621249 -87.071906 -82.160266 -82.049011 -88.449515 
-92.089748 -75.836933 -70.545056 -93.097317 -78.648835 -68.658059 -78.552604 -74.681262 -89.807138 -79.542811 -86.635170 -74.067247 -68.519596 -71.633995 -86.790509 -67.579535 -74.694889 -67.505716 -98.996587 -74.971540 -79.406580 
-80.858645 -76.759130 -80.673197 -95.236987 -85.793909 -67.857362 -65.611895 -82.004310 -75.995275 -78.467230 -92.738161 -94.967692 -87.127826 -90.664739 -67.844018 -81.680660 -72.261149 
-79.324701 -96.908813 -69.665726 -90.761712 -66.923513 -69.471720 -72.743418 -78.615528 -78.434978 -81.039432 -82.836133 -95.661952 -66.545253 -76.574262 -89.800124 -91.585211 -74.828491 -75.171722 -72.808643 -72.831833 -78.043876 -88.518338 -89.711032 -80.031807 -77.458357 -85.741546 -70.999744 -78.673533 
-89.239573 -67.430007 -80.731280 -72.639203 -87.348919 -77.255812 -78.199206 -75.279135 -91.517080 -69.709889 -91.408297 -94.714117 -96.082664 -97.432093 -74.656926 
-99.027203 -81.665082 -97.338990 -73.563413 -87.785129 -88.764191 -95.414356 -78.477981 -72.535413 -93.355593 -73.469720 -90.264690 
-75.301593 -97.418633 -67.784494 -97.137443 -96.127180 -70.972331 -87.489823 -76.840152 -68.710244 -89.361337 -74.586703 -91.025226 -92.097074 -82.118031 -74.520434 -83.901974 -77.185691 -89.486941 -75.273960 -84.873071 -84.938625 -81.914725 -85.335037 -78.658970 -74.933684 -90.636903 -82.777645 -74.180061 -85.406898 -94.661864 -97.918773 
-83.230116 -79.252467 -73.483973 -91.811132 -85.932662 -96.720369 -70.016958 -81.951559 -96.024910 -89.746658 -84.165810 -82.386832 -94.736979 
-96.147500 -71.182909 -99.171924 -72.422112 -83.447574 -97.450184 -79.697824 -99.431565 -74.236138 -79.925529 -72.744627 -87.264458 -76.644240 -77.520492 -87.848267 
-82.797807 -79.278616 -72.925796 -97.906526 -83.921180 -72.203099 -86.400027 -69.293632 -82.113035 -98.608489 -79.737403 -92.999150 -94.811958 -87.820077 -80.359585 -77.791376 -99.540950 -85.368218 -83.536036 -79.905202 -81.300567 -81.687563 -73.185026 
-68.141976 -77.118210 -95.499573 -74.090255 -82.127318 -89.602606 -77.979991 -81.233519 -95.420283 -83.430565 -87.142945 -88.904191 -78.845007 -80.876393 -82.558153 -75.080639 -77.196780 -84.263738 -84.061092 
-89.747778 -75.553217 -83.209701 -69.873320 -69.723494 -70.316474 -68.537412 -73.871027 -78.743135 -92.507216 -93.665518 -72.937669 -82.062429 -71.139567 -97.533025 -82.496902 -87.225376 
-79.974986 -70.914371 -75.895661 -89.059844 -67.259342 -78.277009 -97.140315 -70.256663 -99.825229 -92.236580 -94.401984 -75.674267 -67.826109 -87.491407 -91.268297 -73.302680 -91.217870 -87.178194 -78.186710 -84.701858 -91.726254 -72.565124 -84.176715 -91.752553 -84.447341 
-95.369209 -72.809897 -81.425590 -90.959024 -93.632618 -67.816504 -73.810737 -86.782730 -71.039578 -88.128852 -93.549788 -95.781476 -72.250635 -74.374930 -77.693987 -85.106813 -70.659563 -88.316758 -88.605982 -85.041163 -90.161264 -75.997296 -91.852026 -84.327524 -84.889165 -90.766848 -66.769097 -83.451747 
-84.336772 -90.607798 -65.368017 -68.192888 -85.942388 -78.025140 -70.815554 -95.110417 -74.096640 -66.483281 -84.571425 -69.766945 -82.199851 -82.272192 -86.937099 -65.524081 -86.001363 -81.131135 -90.168251 -96.590523 -83.653711 -68.131031 -97.754827 -93.830264 
-66.201150 -86.463272 -88.426515 -92.540121 -97.397414 -77.674285 -83.648067 -68.860850 -92.857124 -77.763243 -76.091081 -98.348884 -87.074653 -87.112139 -85.483318 -83.057418 
-66.191123 -78.013866 -88.208049 -73.305857 -84.491898 -77.543431 -65.549764 -79.836321 -80.861705 -84.160785 -85.543237 -76.184350 -92.544607 
-77.518511 -66.287852 -79.319924 -84.943573 -90.925552 -100.241308 -86.522101 -82.744521 -82.078842 -71.165661 -84.756832 -90.972551 -98.170931 -85.927875 -94.065551 -86.291517 -86.864019 -75.763627 -72.657795 -81.147256 -82.743443 -73.423987 -98.497980 -85.217600 -80.475843 -90.036454 -85.529758 -76.102891 
-71.172953 -84.079311 -97.350176 -93.336246 -89.741953 -79.788798 -93.468023 -71.211481 -83.337985 -85.780759 -97.764308 -97.541008 -100.618818 -76.004200 -69.378344 -76.853466 -79.417304 -96.593602 -68.524845 -80.548196 -81.199538 -74.275016 -78.714470 -66.861953 -81.606929 -71.089644 -89.076132 -91.301340 
-81.290792 -72.994180 -96.495380 -83.323351 -76.723580 -68.913165 -99.362418 -81.960799 -92.497833 -86.920599 -79.081923 -83.991930 -93.774627 -78.176381 -78.343743 -86.023698 -96.037468 -72.060651 -88.231883 -95.580880 -90.720285 -81.448140 -77.741295 -68.656362 -82.513654 -78.797297 
-71.849059 -78.252913 -90.186412 -84.090736 -80.253140 -86.204431 -83.879110 -75.882366 -98.519146 -71.672864 -81.452421 -78.752878 -80.266856 -83.908139 -78.664710 -89.579637 -73.965568 -87.616339 -83.784971 -94.940363 -65.879563 -99.719791 -75.478735 -77.187604 -76.969145 -78.980401 -84.079997 -84.026153 
-66.099655 -89.365458 -73.910040 -77.506847 -89.301400 -75.706964 -75.163967 -77.824523 -67.204376 -96.846879 -74.454289 -71.997661 -86.045603 -67.933557 -67.201456 -89.254657 -96.854525 -67.083523 -87.997409 -70.015786 -92.888790 -81.786477 -85.449163 -81.585388 -87.572502 -75.276820 -80.532014 -81.521388 -78.186207 
-88.362043 -87.517072 -74.137797 -94.054261 -87.729203 -76.264383 -93.612073 -86.275586 -70.084685 -73.374817 -76.696764 -92.812316 -73.865356 -74.240786 -82.587073 -75.274448 -97.702509 -72.370983 
-90.595672 -71.304529 -80.778168 -91.709044 -71.474105 -78.110678 -88.601368 -82.637986 
-86.707695 -85.850950 -94.730514 -77.725983 -90.621047 -77.823841 -95.336482 -98.748418 -71.755672 -87.122517 -74.863926 -93.397105 -90.539256 -86.690594 -93.722275 -78.634079 -80.694264 -93.858241 -67.522880 -74.207437 -70.583758 -73.520161 -86.829788 -81.137297 -71.077286 -87.768669 -94.832294 -88.725976 -78.451460 -71.626354 
-82.131207 -74.631873 -95.001795 -78.185959 -68.457645 -68.503504 -83.814040 -69.950490 -94.958679 -87.471413 -75.892133 -80.361191 -84.292938 -73.367166 -67.544728 -66.204098 -84.986486 -75.069771 -94.326509 -81.711088 -77.017595 -100.731516 -82.751475 -79.830978 -77.162889 
-80.514212 -67.992917 -68.789072 -68.672140 -93.519638 -75.326230 -90.050562 -68.318844 -76.941540 -89.903225 -87.293510 -80.972163 -80.360561 -88.884743 -80.778267 -90.264288 -72.325499 -84.809206 -80.020932 -89.067735 -71.425950 -84.940061 
-94.314750 -88.309184 -87.826851 -70.590292 -93.288710 -82.636874 -94.511501 -85.446075 -72.764380 -67.652334 -77.540088 -78.320837 
-88.651969 -82.795404 -71.876781 -78.692711 -69.075184 -86.117079 -92.428851 -74.004945 -82.891719 -75.526082 -94.655105 -78.157948 -79.096462 -75.202708 -89.405105 -72.134729 -97.565140 -79.857755 -98.606969 -78.503691 -70.628913 -92.556577 -92.180127 -71.880577 -83.126849 
-82.904554 -79.386310 -78.864528 -94.470351 -68.810446 -68.217732 -72.336741 -71.116008 -82.773857 -78.819918 -76.635845 -89.449000 
-92.774467 -99.552012 -89.224080 -76.593446 -70.219518 -77.285174 -86.776497 -91.083477 -74.698135 -77.951530 -99.242304 -65.658362 -94.257676 -73.190775 -86.270114 -84.483314 -84.584540 -86.120379 -98.990287 -77.842916 -90.115703 -74.515606 -85.607020 -82.125025 -91.411212 -91.293796 -82.675410 -91.691655 
-68.643320 -89.918783 -75.065952 -100.131704 -75.500967 -86.769605 -95.406164 -74.566499 -86.997031 -77.269801 -69.670798 -66.386358 -94.161078 -73.433664 -89.844989 -81.315484 -72.885467 -71.879237 -75.082797 -80.800198 -87.259776 -74.045794 -81.741265 -76.169600 -95.137202 -95.531089 -80.571977 
-70.242856 -84.714850 -83.294139 -73.430027 -79.456678 -71.635901 -80.273233 -92.253483 -100.246489 -68.089515 -87.293936 -66.232923 -85.357477 
-82.730163 -68.887265 -98.974626 -93.619804 -93.253344 -68.040345 -74.555856 -74.666088 -82.383875 -76.851122 -100.704988 -88.310672 -90.915035 -79.874205 -77.452102 -70.839558 -85.334670 -92.924678 -70.617172 -75.956185 -70.808426 -71.116871 -73.963542 -84.016280 -79.723302 -83.555847 -88.280989 -81.335528 
