0.000000 0.015663
0.000000 0.034873
0.000000 0.016372
0.000000 0.024686
0.000000 0.041706
0.000000 0.016388
0.000000 0.021764
0.000000 0.111689
0.000000 0.021695
0.000000 0.051676
0.000000 0.026841
0.000000 0.043780
0.000000 0.028165
0.000000 0.057026
0.000000 0.023229
0.000000 0.027732
0.000000 0.063945
0.000000 0.027580
0.000000 0.012062
0.000000 0.027172
0.000000 0.032501
0.000000 0.076265
0.000000 0.050828
0.000000 0.025086
0.000000 0.065176
0.000000 0.020503
0.000000 0.021963
0.000000 0.043399
0.000000 0.028534
0.000000 0.015225
0.000000 0.023993
0.000000 0.060493
0.000000 0.012233
0.000000 0.012386
0.000000 0.026809
0.000000 0.136425
0.000000 0.039913
0.000000 0.014389
0.000000 0.028063
0.000000 0.028505
0.000000 0.055203
0.000000 0.015888
0.000000 0.045726
0.000000 0.038431
0.000000 0.034829
0.000000 0.031193
0.000000 0.063070
0.000000 0.027516
0.000000 0.019420
0.000000 0.044772
0.000000 0.048493
0.000000 0.048333
0.000000 0.031847
0.000000 0.024179
0.000000 0.047831
0.000000 0.030324
0.000000 0.036929
0.000000 0.036419
0.000000 0.049826
0.000000 0.121621
0.000000 0.022787
0.000000 0.019398
0.000000 0.021517
0.000000 0.019165
0.000000 0.032994
0.000000 0.024058
0.000000 0.020314
0.000000 0.027445
0.000000 0.035385
0.000000 0.027024
0.000000 0.028127
0.000000 0.045713
0.000000 0.018935
0.000000 0.056387
0.000000 0.042001
0.000000 0.019815
0.000000 0.021095
0.000000 0.039307
0.000000 0.031168
0.000000 0.020885
0.000000 0.020738
0.000000 0.027851
0.000000 0.023332
0.000000 0.012265
0.000000 0.016500
0.000000 0.026509
0.000000 0.015006
0.000000 0.017906
0.000000 0.020220
0.000000 0.210570
0.000000 0.024111
0.000000 0.015967
0.000000 0.033867
0.000000 0.068179
0.000000 0.024060
0.000000 0.043382
0.000000 0.014166
0.000000 0.023557
0.000000 0.045417
0.000000 0.025031
