1.069021 1.034547 0.984049 1.024589 1.067681 0.919949 0.912977 0.797305 0.869010 1.041071 0.969646 1.242352 1.079817 0.905768 
0.994241 1.132871 1.072380 1.036446 1.075213 0.914901 0.999130 1.091573 1.178488 1.027534 1.146979 1.146678 0.796933 0.945881 1.055600 0.886733 1.049450 0.814532 1.165806 0.981843 0.873108 1.094374 0.961009 0.799012 1.213600 
0.928490 1.034508 0.826720 0.846705 0.939619 1.115547 0.865190 0.913208 0.958338 0.986511 0.819821 0.868020 1.021576 0.971229 0.981311 0.964219 1.058017 0.794348 0.981728 0.959102 0.875682 0.859888 1.040108 0.910504 0.850790 1.248501 1.020931 1.062119 1.057313 0.932956 1.091320 1.179817 0.853984 1.238299 1.090192 1.083568 0.951281 
0.903432 1.092914 1.210381 1.098706 0.965761 0.998006 1.126405 1.113737 1.053857 1.001688 0.815340 1.020581 1.070956 1.131706 0.914108 0.935242 0.946734 1.254392 0.982990 
0.874782 0.976465 0.942869 1.175317 1.038533 0.950706 1.143126 1.059291 1.053880 0.889512 0.867721 1.196365 0.977514 0.959805 1.195724 0.909721 0.925663 1.112430 1.186093 1.245596 1.048250 1.155041 1.194432 1.148505 1.176767 
1.037597 1.031879 0.982753 0.843903 0.938471 0.928818 1.186748 1.092588 0.808427 0.997397 1.016063 1.070858 0.865026 0.905872 1.217335 0.941647 0.823232 1.253997 1.164547 0.908182 1.177601 0.853371 1.070191 0.807905 
1.194087 0.929738 0.987541 1.003140 0.959958 1.187745 1.008185 0.807021 0.898999 0.980385 1.068649 0.982471 1.079300 1.065673 0.920372 1.098643 0.989310 
0.912033 0.961001 1.050796 0.881138 0.944139 1.204261 0.795792 1.025107 
1.107586 0.952246 1.127136 1.160576 0.987833 0.946520 1.002080 1.153100 0.983514 1.150672 1.105025 0.994070 1.032876 0.851083 0.931896 0.888133 1.112019 0.994522 1.043085 
0.951314 0.982073 0.868128 1.050833 0.984962 1.069616 1.014583 1.067179 
0.951314 1.245944 0.840523 0.866892 0.831463 1.078931 0.891131 1.000899 0.906456 1.041055 0.958600 1.035349 1.103516 0.948451 0.896945 1.007248 1.110894 1.033550 1.172238 0.887139 1.098572 1.058124 1.213063 0.958666 0.810644 1.123854 0.981256 0.863306 0.944535 1.232766 0.817570 0.850451 0.836642 1.214909 
0.909146 0.982856 1.176544 1.110785 0.802999 1.078931 1.051018 1.010931 0.869968 0.956768 1.245743 0.942245 1.007986 1.055921 0.871090 
1.077227 1.128419 0.807433 1.012084 0.946171 1.094856 1.031939 1.022970 0.799060 0.836281 0.975655 0.882457 0.893890 0.819673 1.241447 1.202396 0.933167 0.883265 1.162166 1.108944 1.054859 0.964298 0.805986 0.901652 
0.956078 1.008823 0.999781 1.055811 1.094808 1.144574 0.810632 1.165252 1.119838 0.964699 1.043092 1.210293 1.082683 0.982654 0.986052 0.910398 0.818476 
0.928884 0.997167 1.190146 0.803440 0.976559 1.083624 0.902696 0.962189 1.076280 0.999096 1.143767 0.917836 1.003332 0.900137 0.886974 0.968225 1.097934 1.010953 1.131866 1.196515 1.019389 0.976279 0.942467 1.110028 1.018245 1.110408 1.057436 0.903484 
0.893850 1.068601 1.242234 0.862589 1.226706 0.974886 1.093275 1.025160 1.037606 1.018014 1.011863 1.017488 0.947441 1.254631 0.905374 1.082113 1.119332 0.890492 1.210995 1.177557 1.101043 
0.840398 0.909629 1.235095 0.812004 1.143191 1.092869 1.053984 0.833446 1.205538 1.039857 0.801074 1.084472 0.925161 0.962691 0.971512 0.993400 
0.966619 0.847567 0.943661 1.210730 1.158038 1.141374 1.031376 1.015112 1.221104 1.171004 1.141755 0.978647 1.031018 1.173514 0.849285 1.028952 0.974279 1.168774 0.999336 1.088287 1.038395 1.169506 1.254395 0.871058 1.167045 1.061380 0.918274 1.013666 1.231691 1.244228 1.169121 0.990799 1.229292 
1.053302 0.886695 1.022591 1.095518 1.195943 1.047226 0.843698 1.178028 1.128191 0.878613 0.961438 0.968115 1.226654 1.177517 1.167212 0.947139 0.993227 1.132615 0.835626 0.923755 0.807663 1.090083 0.829329 0.823520 0.906640 0.987123 0.885917 1.063530 0.801879 0.986898 1.183170 0.935288 1.187127 0.949353 1.258102 0.897083 1.180787 0.983400 1.217940 0.842148 
0.979158 1.040404 1.102304 1.002556 1.155220 0.801803 0.932378 1.179155 1.176544 0.968197 0.872774 1.045312 1.084836 1.215123 1.181975 0.833198 0.911457 1.226724 0.866037 1.214943 0.866495 0.875069 0.844217 0.901980 1.159420 
0.975820 1.061089 0.971136 1.154516 1.170657 1.044906 1.065327 1.076177 1.139341 1.159738 1.095068 1.188414 0.949018 1.011395 1.090853 1.197449 1.220856 0.961526 1.204301 
1.030055 1.214754 0.841322 1.092477 1.210838 1.186375 1.040465 0.976562 1.061622 0.953385 
1.254173 0.881149 1.144262 0.863417 0.938584 0.826990 1.134404 1.080588 0.955874 1.206730 1.025238 0.927911 0.995403 1.223529 1.012674 1.244673 1.237360 0.913141 0.897503 1.053632 0.855180 1.119195 1.247202 
1.020618 1.085395 0.804994 1.036882 0.895537 1.049135 1.199471 1.075374 0.964336 1.135597 0.922789 0.804123 1.098235 0.892748 0.936302 1.149608 0.835915 0.910279 1.254229 1.108568 1.067633 1.067911 1.004073 1.174257 0.869168 1.232109 0.920017 0.927555 0.860291 
1.044851 1.178463 1.122996 0.899137 1.090676 1.191764 0.916146 1.065387 0.954821 1.211482 0.893540 1.208553 1.240416 1.078963 0.848701 0.808195 1.116245 1.049082 1.136425 
0.919751 1.239759 1.109970 0.983881 1.118391 0.866208 0.898552 1.176939 0.863272 0.856502 0.935509 0.995758 1.198830 1.158899 1.224990 1.006475 1.130885 0.822114 1.138217 1.185722 1.196333 1.129826 1.100299 
1.212475 0.937690 1.165198 0.823380 1.016247 0.885702 0.873573 0.916977 1.190792 1.175851 1.243843 1.233865 0.838200 1.101699 0.809203 0.902855 0.797204 1.110552 1.167572 1.233883 
1.173807 1.233883 1.121314 1.190201 1.119332 0.867294 0.850631 1.052005 0.995222 0.982565 1.045534 1.027219 0.833016 1.252750 1.241033 0.897480 0.847485 0.929683 0.892657 1.100975 0.996882 1.139320 0.838686 
1.088514 0.822122 1.236265 0.934412 0.909586 1.250709 1.179769 0.842687 1.141624 0.856624 1.030447 0.846212 1.154903 1.013283 1.155578 1.154045 0.897922 1.075429 0.824752 1.010020 0.876432 0.939015 0.908237 1.016227 1.115964 1.257014 0.956993 1.005083 0.991145 1.092985 0.907861 1.024994 1.071809 
1.186164 1.104791 1.026716 1.125483 0.943432 0.834289 0.874100 1.144718 1.098690 1.005602 0.988351 1.076137 1.071344 1.229022 1.168657 1.041278 1.067563 0.945944 1.077169 1.004089 1.101559 1.030414 0.824551 0.954124 1.227078 0.985535 1.186141 0.835583 0.905916 0.889507 1.115517 1.235366 0.866420 1.156703 0.947127 0.910084 1.181159 0.855562 1.038374 1.168344 1.199406 1.234847 0.822094 0.873685 1.215484 1.055652 0.856364 0.903183 1.101582 0.883857 1.238651 
0.799906 1.095194 1.022046 1.188261 0.991477 1.199406 1.022407 1.012448 1.128899 1.258824 0.950315 1.042672 0.862150 0.911465 1.235749 0.882703 0.921481 0.987629 0.918168 0.936811 0.799269 0.955150 0.822260 1.088164 0.816457 1.239357 1.053631 1.171178 1.209550 
1.054773 0.956838 0.924303 0.887570 1.247757 1.049061 0.975546 1.246412 1.062322 1.136399 1.133015 0.992193 
1.220676 1.107029 1.005829 1.035036 1.054812 1.008130 0.932365 0.978837 1.215158 0.870609 1.194910 0.807649 1.145204 1.098113 0.817192 1.196352 1.193479 1.170765 0.838088 1.090421 0.934519 0.946755 0.830546 0.962482 0.914324 1.066960 0.969630 1.024554 0.902973 1.155961 0.925836 1.116110 0.955387 0.845069 1.217141 0.845340 1.061194 1.087885 0.965715 0.862051 0.997001 1.201986 1.031473 
1.032705 1.169187 1.157721 1.048544 0.893182 1.008130 0.950973 0.817490 0.980286 1.046719 1.106374 1.073890 1.041070 1.126372 0.866376 0.948196 0.835958 0.945131 0.933198 0.933059 1.199820 0.797388 1.099152 1.063844 1.129041 0.917656 0.928519 1.144087 0.951288 1.064632 0.891093 1.106422 0.842862 1.119853 0.903952 1.077605 0.847293 0.804973 0.932465 0.834961 
0.844876 1.110468 1.172020 1.121495 0.991102 1.008130 1.082173 0.909275 0.943720 1.194736 1.013274 1.008589 1.086544 1.231675 1.215375 0.924428 1.178263 
0.894731 0.971196 1.037865 1.143157 0.898071 0.891577 0.935010 
1.244094 1.095539 0.977628 0.915092 1.025028 1.115853 0.837217 0.962041 0.954837 1.147399 0.977864 1.135636 0.802590 0.825648 1.224396 1.072832 1.049504 1.129127 1.046775 1.184056 0.936383 1.049490 1.223128 
1.127422 0.867865 0.907564 0.915092 1.128759 0.981235 0.980609 1.020456 1.083715 0.990083 0.808089 1.151711 1.009102 0.863457 0.927521 0.928461 0.938631 1.128731 0.982011 1.135735 1.201935 0.868636 0.845899 0.975301 0.945311 0.947244 1.073897 0.841437 0.892655 1.006935 1.121893 0.845986 0.958794 1.201404 1.038851 1.205571 0.933641 0.984554 0.823622 0.832746 0.923037 0.988042 0.905864 
0.885101 1.067219 0.986152 1.008138 0.885466 0.894807 0.901827 0.912097 0.854405 0.957563 1.236515 0.965860 1.116014 0.917522 1.007578 0.898510 0.803483 1.141374 0.850792 1.030842 0.797964 0.974389 
0.848058 0.879629 0.848445 1.004843 1.001730 1.104435 0.858777 1.146407 0.873507 0.957563 1.065722 1.131923 1.036739 0.905511 1.005549 0.873675 1.187590 0.818588 0.949899 1.027198 0.832700 0.900574 1.008859 0.841765 0.878106 0.910578 0.968580 0.873003 1.077770 1.155121 0.884619 1.025568 0.814287 
1.179131 0.851232 0.797071 0.908645 0.973574 1.118664 1.174490 0.925338 0.818422 1.131371 1.037945 1.059975 1.002459 1.112278 1.181177 0.944479 0.946616 
1.250170 1.103397 1.075806 0.807779 0.905204 0.933591 1.151077 1.206748 1.049502 0.834276 1.216083 1.000100 0.807767 0.897456 0.933296 0.820757 0.941628 0.839288 1.122862 0.955760 0.909150 1.036642 0.843136 1.003603 1.179389 0.889687 1.040132 0.997711 1.165766 0.809451 1.174740 
1.171116 0.932502 1.155153 1.020751 0.919990 1.056156 1.038198 0.892532 0.914996 0.963508 1.119961 1.010730 1.235490 1.051001 1.112184 0.815550 0.906445 1.062254 0.865773 1.175039 0.922963 0.844759 
1.120528 1.074527 1.256321 0.822395 0.957941 0.858005 1.207323 1.014777 0.943778 0.946872 0.925266 0.845261 1.065713 1.089816 0.955678 1.119580 1.258800 1.059025 0.910967 1.018919 0.971839 1.048614 1.097261 1.003383 1.058638 
1.121084 0.903221 0.908561 1.051366 1.003911 0.920226 1.042490 1.139809 0.835905 1.067513 0.976070 0.904749 1.124891 1.210754 1.187998 0.973857 1.039397 1.158444 1.149186 1.174880 0.880712 1.173913 
0.878912 1.116958 0.864738 1.097142 0.992384 1.207200 1.237440 0.903873 1.054388 0.816665 1.017415 0.854763 0.971427 0.977867 0.974023 1.239637 1.063571 1.096341 0.873900 0.888852 1.020968 1.018840 0.937120 
0.820717 1.002466 0.836129 0.911584 1.189305 0.802146 1.063775 1.003738 1.134272 0.911123 1.087582 0.950648 1.014101 1.226955 
1.129954 1.023743 1.044815 0.821589 1.161412 1.054125 1.206445 0.930682 0.880762 1.139732 1.111973 1.147842 0.997996 0.833182 
1.105460 1.154986 1.124469 0.865245 0.956866 1.219512 0.877970 1.068878 1.232039 0.843005 1.106294 1.074064 1.051895 1.091850 0.878594 1.049050 
0.918970 1.043090 0.836289 1.218179 1.084942 0.798156 1.216530 1.174249 1.059957 0.879862 1.129991 1.029376 1.151921 0.830991 1.184775 1.108901 0.802683 0.813191 0.953777 0.964077 0.889816 
1.147456 1.107254 1.254667 1.102167 1.256691 0.905653 0.987700 0.989633 1.243840 0.804615 1.056345 0.798376 1.247470 1.173442 
1.258678 1.106180 0.818369 1.053801 1.119103 0.809459 1.063600 1.077800 1.153745 0.835061 0.942475 0.938985 1.043798 1.037819 0.990918 0.937724 
0.986119 0.981387 0.934709 1.000010 0.934688 1.175584 0.811989 0.824803 1.041125 1.224123 1.104525 0.994450 
0.865705 1.139909 0.986021 0.947448 0.920758 1.138946 1.018616 1.106382 1.000362 0.870176 1.017411 1.083182 1.072241 1.038523 1.151236 0.822494 1.085544 0.935555 1.137722 1.012554 0.959080 0.974093 
0.888583 1.013698 0.941684 1.149985 1.092742 0.803678 1.034378 0.825803 0.956109 0.808103 0.955961 0.906824 1.087202 
0.798884 0.964811 1.005322 1.209712 0.981427 1.095581 0.944539 0.862028 0.936511 0.901064 1.119265 1.119212 0.930598 1.244677 1.005995 1.246476 0.935675 0.860229 1.183088 
1.064353 0.817621 0.841528 0.979234 0.878733 1.105213 1.148667 1.110015 1.198177 1.120204 1.002013 0.967705 0.948174 1.098516 0.974852 0.885321 0.876134 1.020392 1.169690 0.978716 
1.141047 0.974083 0.910888 0.964439 1.092080 0.991035 1.107135 1.251030 1.183045 1.140966 1.005457 0.961251 0.826168 
0.893058 1.043611 1.140186 0.823663 0.989020 1.148871 1.107135 1.253745 1.112080 1.165328 0.991028 0.882459 1.251907 0.946553 1.195115 0.881629 0.852594 1.054957 
1.028649 1.241846 1.199119 1.040027 0.951036 1.179174 1.125816 0.805852 1.117810 1.022644 0.820361 1.145959 
0.990982 1.094890 1.188756 0.890294 0.825094 1.088679 1.124467 1.072038 1.180837 1.039593 1.019929 1.101304 0.989685 1.132520 0.870787 0.915163 1.013962 0.904973 0.865734 1.032975 
0.824815 1.094890 1.078234 0.937366 1.119951 1.094252 0.933835 1.142069 0.825603 1.085875 0.896130 1.063067 0.994208 0.892358 1.140648 0.797299 0.977684 1.038402 1.198919 0.849662 1.136001 0.903496 1.133363 0.849950 1.166887 0.858484 0.997752 0.856634 1.112746 0.848948 0.893362 
0.989608 1.115601 0.992957 1.136392 0.931778 0.865986 0.898970 1.088619 1.045381 1.094205 1.047978 1.074681 1.188508 1.025067 0.855996 1.108088 1.092356 1.071444 0.965852 1.178936 
0.960195 1.167671 0.995435 0.923542 1.208077 0.888253 0.991879 1.106372 1.069082 0.903403 0.879205 0.941899 0.907204 1.019072 0.900803 1.124230 
0.982361 0.807147 0.975594 1.199955 1.032260 0.908406 1.141894 0.828218 1.112538 1.042098 1.131498 0.972077 0.817060 1.149646 1.236771 1.119670 1.107829 0.886544 
0.982016 1.101384 1.027648 1.212587 0.987093 0.952252 1.121594 1.095941 1.215629 1.091365 0.844280 1.035190 1.027582 1.018319 1.011189 0.955021 1.102125 1.227806 0.985059 1.071167 0.908425 1.058860 
0.841176 0.996854 0.971771 1.148985 0.800995 1.168049 0.975314 1.136353 0.985377 0.981614 1.153478 0.827094 1.036053 1.088145 1.138768 0.863458 0.818383 1.115932 1.106049 1.061108 0.837158 0.964125 1.061592 0.908898 1.088284 1.254795 
0.824271 1.192511 0.969062 1.097592 0.892708 0.919259 1.054976 1.136353 1.059381 0.980550 0.859558 1.080481 1.190323 0.842273 0.906968 1.197604 0.812100 0.842896 1.068386 1.029749 1.006286 
1.089511 1.187746 0.860865 1.068230 0.880956 1.099044 1.190559 0.861137 1.008092 1.074494 1.169260 1.002251 0.962134 0.963068 1.019271 0.937878 0.916461 
0.867885 0.977685 0.916215 0.833984 1.055500 1.112689 0.948723 0.822477 1.172527 0.821163 1.023736 1.058093 1.179695 1.098845 0.999608 1.094381 1.051206 0.982381 0.938142 0.846883 1.116102 1.033115 1.162194 1.199094 0.973113 1.007783 0.821796 0.951789 
1.137307 1.162879 1.178480 0.948020 1.060869 0.830270 1.240292 1.099251 1.015084 1.204682 1.193385 1.095429 1.009813 1.163414 1.196056 
1.021595 0.818238 0.946602 1.165971 0.911764 1.111259 1.075779 1.094187 0.895397 1.048254 0.885092 0.952839 
1.155791 1.084305 1.071421 1.017033 1.010050 0.842496 1.041355 1.176989 1.211511 0.827749 0.848847 0.964187 1.007080 1.052526 0.952434 0.983392 1.025152 0.825600 1.123844 0.824087 1.138033 1.035886 1.093875 0.906577 1.154568 0.965046 1.084172 1.236166 0.809069 1.022874 1.181525 
1.178491 0.973754 1.095972 0.990422 1.136462 1.053043 1.186054 1.092370 0.964218 0.795655 0.924137 0.995296 1.061489 
0.951207 1.102817 1.187690 0.907241 0.902568 0.990133 1.013819 1.142506 1.211061 0.937346 1.020364 0.882570 1.065750 1.119964 1.212487 
1.135617 1.054967 1.014258 0.929685 1.053013 1.028223 1.124313 1.082605 1.010945 0.898498 1.036069 0.949104 1.006557 1.094950 0.909649 1.020584 0.852370 1.150687 0.993167 0.977698 1.078096 1.211867 1.002742 
1.060848 1.011925 0.983091 0.994467 1.109431 0.929898 1.187970 0.972408 0.928643 1.002545 1.193983 0.878427 1.019651 1.162836 1.193029 0.867402 1.126981 0.918297 1.044844 
1.187784 0.983554 1.233584 1.096700 0.882958 1.176704 1.089149 1.015239 0.913861 0.865159 0.939488 0.950943 1.191531 1.154966 0.859361 1.036866 0.844613 
0.868722 1.172519 0.866428 1.143515 0.810906 0.890365 0.868599 1.015239 0.968409 0.833360 0.939488 0.929848 0.951987 0.834297 0.930383 1.190080 1.249320 1.108809 1.070079 0.868843 0.913370 1.190324 0.941732 1.098765 1.199099 
1.086295 0.911834 0.916102 0.875651 0.909113 1.003021 0.934111 1.039186 1.083550 0.869197 0.914010 1.157589 1.014864 0.934805 0.852279 1.097989 0.984432 0.877078 1.243357 1.035351 0.859521 0.914036 0.914932 0.837120 1.080970 0.938990 0.978360 1.104594 
0.912275 0.860192 1.102216 0.878244 0.930436 0.992180 1.015091 0.899387 0.974796 0.830353 1.248619 1.063156 0.816759 0.875849 0.863525 1.051842 1.128292 1.002529 1.209222 0.943899 1.200642 1.055089 0.948201 0.824836 
1.032831 0.844436 1.030929 0.906201 0.953651 0.962962 1.045639 0.966058 0.941523 1.118917 0.853246 0.857283 1.178214 1.155912 1.137128 0.914888 
1.035584 0.987477 0.895265 0.965119 0.937879 0.957864 1.084692 1.188528 0.965889 0.906536 0.872417 0.945084 0.947614 
1.030333 1.062770 1.078250 0.914122 0.909421 0.904117 1.054341 1.005053 1.222912 1.134517 1.191506 1.101871 0.925474 1.232356 1.020448 0.909256 1.118187 1.004748 1.176303 1.075275 1.090579 0.965952 0.966366 1.060995 0.904348 1.153009 0.804496 0.873275 
0.818251 1.205129 0.817994 0.847880 1.007076 0.946674 1.012301 0.933345 1.083482 0.987191 1.021772 1.159217 0.946428 1.046539 1.115324 1.000427 1.183017 0.857873 0.998070 0.814273 1.076696 1.237679 1.110323 1.081389 0.988019 1.246597 0.826111 1.078237 
1.114829 1.185717 0.992528 1.186885 1.044514 1.132585 0.984643 1.243347 0.829411 0.823410 0.975203 0.890263 1.007914 1.056423 0.963854 0.844923 1.040572 1.055166 1.174083 1.056878 0.995788 1.155314 0.865487 0.831656 1.015006 0.960267 
1.129666 1.056423 1.140945 1.087103 0.800917 1.070164 0.950768 0.848755 0.942004 0.896141 0.901832 1.096023 1.065915 1.124711 0.863590 1.008531 1.051963 0.942372 0.945707 1.051589 1.167034 0.936410 1.168379 0.928161 0.855315 0.856841 1.035298 1.024583 
0.905156 0.943284 1.175943 1.157502 0.934154 0.911249 0.968657 0.928645 0.989505 0.958482 1.058512 1.110539 1.218603 0.858947 1.198060 1.168851 1.038767 1.083785 1.214890 1.111442 0.989415 0.913893 1.057018 1.000898 1.125810 1.250129 1.100461 1.005974 1.175461 
1.129403 0.998278 0.967083 0.973073 1.030249 0.896477 1.041716 1.128390 1.121036 0.865034 1.041878 0.971226 0.962898 1.066018 0.842429 0.805630 0.957318 1.038598 
0.980557 1.208295 0.978222 1.026095 1.125582 1.084630 0.825971 1.251480 
0.933470 1.140709 0.859310 0.890828 0.974896 0.973771 1.063549 0.961845 0.931784 0.932860 1.064347 0.980529 1.254560 1.052177 0.884750 1.159523 1.257789 0.889234 1.165453 1.117546 1.101165 0.888219 0.887281 0.883250 0.908637 0.947772 0.874338 0.860863 0.838303 1.159819 
1.201669 0.836525 1.075821 0.849824 1.079330 1.153988 1.172273 1.073761 1.008535 1.062607 1.064347 0.967813 1.208551 1.125634 0.804179 1.049744 0.938191 1.118985 1.049451 1.250172 0.966899 1.019407 0.830401 0.904811 1.121588 
0.987227 0.843634 1.088778 0.939461 1.016395 1.074202 0.838732 1.097637 1.044197 1.082548 0.942889 0.978098 0.832454 0.858834 0.860250 0.955692 0.944045 1.030327 0.853319 1.077439 0.808832 0.922391 
0.916361 1.098517 1.176664 1.081244 0.990105 0.883383 1.006909 1.007105 1.206917 0.884537 1.007362 0.840310 
1.073685 1.144259 0.911668 1.050436 1.111221 0.962025 0.995514 0.955185 1.201933 1.197491 0.901980 1.227707 0.864851 0.956101 0.963288 0.882248 1.146358 0.989206 0.926308 1.210745 1.038595 0.799069 1.128988 0.858189 1.008204 
1.147241 1.061097 0.903665 0.930102 1.067224 0.906933 0.968592 1.090841 0.806017 1.083294 1.005768 0.989391 
1.153968 0.882964 1.096037 1.052214 1.126650 1.189457 0.820617 0.841000 1.047167 1.249637 0.936517 1.081624 0.955414 1.093084 1.243747 1.127188 0.924661 1.129073 0.830549 1.173478 0.839198 0.956100 1.210329 1.226402 1.072226 0.927612 0.806013 0.838932 
1.116349 0.956797 0.973368 0.896794 1.030090 1.057235 1.024892 0.888994 1.017120 1.035536 0.859838 0.843242 0.912451 1.130626 1.228707 1.062761 1.031451 1.081003 0.996796 1.226850 0.848330 1.242760 0.924989 0.977544 0.971554 1.238860 1.245497 
1.118601 0.963235 0.886928 1.059179 1.089739 1.236566 1.252416 1.003595 0.933087 0.937689 1.043391 0.952082 1.147838 
0.820987 0.886616 1.040711 1.140936 0.999374 1.151146 1.055392 1.240342 1.165811 1.055698 1.001685 1.196211 1.173921 1.220948 0.930318 1.092791 1.087386 1.057884 1.169379 0.988602 1.175047 0.948644 0.888497 0.998160 1.041539 0.920735 0.801421 1.068931 
