  44.787831 3034.518811
  76.885632 3031.699202
 103.403441 3029.806212
  60.187302 3032.055098
  79.931226 3035.809258
  69.965495 3032.549783
  57.546189 3034.993610
  43.472171 3034.290619
  62.186928 3035.998342
  33.393128 3029.100425
  99.473648 3033.386777
  56.771041 3035.834685
  73.425283 3031.986523
  60.281837 3035.116383
  81.863249 3024.840752
  70.060868 3031.049257
  47.552932 3034.335191
  96.239630 3028.955871
  98.096669 3032.817324
  78.580434 3028.327873
  61.340329 3037.868015
  47.397719 3033.623569
  79.724182 3032.578644
  78.754931 3030.109658
  61.988679 3032.271120
  65.665315 3031.611920
  64.475144 3034.568549
  74.184461 3027.560146
  96.434217 3036.094515
 130.384065 3031.942467
  86.868326 3039.876133
  48.411288 3035.754833
 107.098594 3033.988013
 103.623106 3025.480548
  56.518165 3036.030955
  37.805840 3026.648763
  76.403854 3029.699925
 111.901627 3037.276899
  70.864568 3030.416692
  97.846588 3036.887540
  59.285109 3031.878611
  80.316475 3028.759321
  73.062833 3030.849413
  70.219534 3032.710797
  68.160715 3025.546482
  74.423340 3029.889490
  50.024916 3034.631112
  39.343506 3033.686254
  47.358755 3033.893060
  64.998134 3035.722872
  50.882727 3029.729626
  56.806429 3031.968694
  44.732547 3030.892450
  71.145516 3029.223001
  54.492452 3026.500704
  66.879087 3030.313176
  65.512116 3027.620785
  51.904417 3029.938730
  61.972998 3031.535186
  42.882632 3032.335631
  63.432951 3032.201239
  88.184147 3032.000384
  63.930818 3026.781275
  52.200798 3030.133466
  59.045991 3029.657827
  73.314402 3029.827588
  76.894121 3033.280284
  67.275836 3031.858241
  53.667363 3027.278641
  84.827681 3030.839864
  51.107253 3032.964149
  43.936817 3032.409802
  86.261596 3034.569578
  40.889350 3035.229419
  49.935140 3035.119829
  70.142349 3028.178433
  52.932132 3023.858326
  62.470456 3033.056511
  78.929976 3032.778091
  79.638568 3030.045046
  72.373489 3033.603749
  57.870667 3027.421371
  45.507806 3032.733562
  73.651860 3036.722233
  70.438183 3033.479918
  76.154931 3031.386185
  76.047708 3025.652479
  80.440010 3034.083615
  59.040324 3035.715134
  29.223839 3024.022804
  86.224849 3031.539515
  71.825283 3030.308438
  73.831538 3029.188846
  50.400950 3033.944937
  74.884048 3032.818044
  51.007520 3032.921546
  74.964519 3028.832817
  83.915803 3029.252191
  55.747263 3034.128619
  88.296708 3031.668821
