  0.286600 602.487646
  0.288402 563.245504
  0.284876 597.062980
  0.285433 644.508500
  0.296100 593.580653
  0.287733 569.356542
  0.290218 648.874384
  0.299160 603.551236
  0.305999 628.230390
  0.295186 604.231345
  0.291357 586.600316
  0.290211 610.309562
  0.281750 569.830975
  0.280771 607.608042
  0.283262 599.123580
  0.285561 644.557591
  0.282261 621.775461
  0.286563 621.166267
  0.264312 608.727731
  0.267340 595.816668
  0.270843 616.126431
  0.262919 606.734193
  0.252409 610.952288
  0.250398 572.296320
  0.246753 611.660466
  0.247029 581.177656
  0.247798 611.310416
  0.251423 593.913651
  0.259801 603.349881
  0.261156 599.764989
  0.259289 613.381575
  0.276418 594.354662
  0.288068 642.535657
  0.293667 625.041777
  0.288707 597.170106
  0.312561 602.524372
  0.320480 593.460870
  0.316721 605.965900
  0.303209 598.693812
  0.302556 616.651741
  0.299136 603.581251
  0.308731 564.937500
  0.286555 606.725555
  0.279251 587.798309
  0.291745 654.049892
  0.292609 555.170271
  0.288971 608.056400
  0.258130 619.690923
  0.251340 602.528601
  0.250787 623.629553
  0.267219 587.562523
  0.262109 564.587724
  0.280748 591.084497
  0.286064 595.543927
  0.282549 600.394716
  0.289559 612.373494
  0.277281 583.958445
  0.270257 640.728627
  0.268945 617.768269
  0.259614 605.667783
  0.260400 619.084375
  0.259188 571.819620
  0.258144 610.918246
  0.249809 573.235583
  0.258117 548.067287
  0.252369 623.824799
  0.262179 608.690773
  0.254401 652.051411
  0.269650 623.649391
  0.268264 613.392080
  0.265394 617.450789
  0.264395 587.996160
  0.253331 583.515659
  0.264955 575.385559
  0.285634 599.300782
  0.283890 578.248947
  0.286428 638.351226
  0.303857 653.986918
  0.316185 606.115476
  0.307837 580.247092
  0.301851 597.034799
  0.302981 579.076031
  0.301023 605.501469
  0.288121 578.386294
  0.273844 585.600940
  0.276146 609.472015
  0.275601 579.142351
  0.276716 613.527357
  0.279710 606.838280
  0.271611 573.511809
  0.277105 584.825369
  0.267777 604.866271
  0.280472 580.220215
  0.289608 629.001207
  0.278387 566.638856
  0.290395 585.448817
  0.284265 626.932890
  0.284615 593.507406
  0.275671 615.155496
  0.272431 643.962488
