31.318579 26.782629 40.238184 29.089447 41.239771 25.102600 23.030022 33.547035 20.591487 38.563477 35.801426 28.022887 26.036939 29.288080 
38.373913 36.835399 33.506095 24.993917 43.833571 22.078012 33.449586 20.502572 25.869340 36.531086 30.678827 26.703682 31.289097 27.264787 29.849625 38.724377 38.959870 27.362154 31.756074 23.108893 19.848039 34.489577 29.598800 42.860414 20.302362 
43.573475 37.134173 41.618875 19.864208 28.827660 25.577279 30.814776 25.160206 26.149159 29.806583 32.360066 25.765558 23.179914 26.551450 30.016992 36.208111 43.360718 44.083652 33.487277 20.408338 37.403943 25.884635 29.880859 27.692503 31.952837 25.155597 41.540112 21.727266 34.998060 44.009034 31.939774 31.983350 31.640374 27.640928 36.546192 33.575675 37.293748 
24.017437 26.070964 20.360563 30.010691 25.759004 20.199780 25.039084 36.013432 27.142202 36.576792 26.000743 35.640882 28.663774 28.371463 29.723694 25.093096 24.838074 22.906884 29.816018 
36.906417 20.323334 34.300537 32.870623 25.773416 37.036780 28.966002 26.039399 41.496614 28.740569 35.670246 31.530187 37.666649 28.329061 32.559648 35.095578 23.531917 38.283348 21.093110 20.312906 31.148119 39.197212 34.764238 38.692135 29.331468 
30.882889 26.834804 34.044559 26.016437 29.640629 20.143933 35.898705 34.421677 30.168349 37.849606 28.249648 43.776905 28.620820 33.566421 32.568473 28.735068 36.440289 34.780534 29.750754 26.875897 34.451844 39.150642 44.283326 29.220260 
24.382077 25.920537 32.918543 35.970713 39.835247 27.581156 23.816008 26.082602 30.260243 35.939741 44.355276 21.495592 32.786680 24.314748 38.703434 34.792541 27.629891 
29.236631 39.766312 41.978834 24.090662 21.171166 29.677902 26.804637 30.312801 
36.448148 37.656054 33.270658 38.696078 29.314955 32.937621 32.874980 27.137065 33.138209 31.557982 26.248256 43.476359 22.829917 24.560794 33.529637 28.368524 26.116968 30.724397 35.124253 
31.850045 32.372479 31.210770 43.901456 37.722021 36.548212 21.226953 36.678767 
31.476654 36.807673 25.823970 27.003046 38.222672 41.600727 27.497174 40.297020 31.055087 20.266108 27.375611 34.462696 35.797491 20.893112 29.153909 23.419847 39.391527 30.364429 31.582181 33.650067 30.953494 40.732668 32.602385 30.425908 34.910715 31.778544 21.312943 39.385718 31.203044 39.501963 23.835696 41.752943 35.639740 37.304037 
28.031399 27.334274 35.519124 27.689979 42.293614 41.458721 41.450290 42.251351 20.820741 35.540496 27.798203 28.438995 37.026372 24.319264 27.498316 
44.512291 29.178180 28.135935 33.093186 29.830839 43.571206 37.601656 38.567940 37.539578 30.307182 27.677218 25.365008 21.936704 26.057034 22.973858 23.239425 39.932117 31.874074 40.574418 25.019745 43.348407 27.458810 32.159001 34.020683 
39.553988 39.282644 29.080869 32.306408 43.662588 38.245620 35.064433 25.948545 25.581386 30.332075 36.747599 26.626733 38.144518 32.351996 34.375631 44.138370 30.460621 
30.806321 31.770835 21.889986 21.013081 31.562751 33.140806 28.186950 41.565407 24.048523 20.226910 24.821172 39.002609 40.457547 30.911261 33.543265 29.633897 42.412000 23.926352 32.739961 20.076510 32.116126 42.706067 21.401506 35.598274 22.120370 29.880865 20.586209 26.009166 
29.101018 44.317292 32.261475 21.952066 25.419777 30.299000 35.637261 21.092465 27.639964 35.974252 39.787677 30.015221 27.402850 23.728385 27.960806 27.308252 26.086884 33.204973 40.286114 19.888778 40.528881 
28.738029 25.406494 29.429840 38.894622 33.236027 41.129242 39.589271 38.708205 33.338134 36.188143 21.174807 31.588042 24.321106 29.630730 30.828951 28.328562 
28.074353 24.470571 27.642734 25.700599 20.470081 24.945682 39.095124 24.989920 38.121108 29.873203 37.597166 28.875566 35.914018 22.915241 36.232996 27.909201 26.775594 28.902933 23.925620 43.577980 32.120719 22.027956 27.074739 37.407259 22.770460 29.552479 27.588965 20.847571 23.843082 33.968133 33.735111 37.275741 43.063857 
23.261704 27.956544 30.417482 36.664734 29.958314 30.382018 27.636769 32.378649 27.447486 34.402251 24.760029 25.780282 30.593783 35.229149 23.356565 34.505195 26.100615 25.187653 32.474016 30.830829 30.611307 36.583431 38.759098 25.826733 36.234912 29.214263 24.123292 25.386219 32.559363 26.270189 26.943646 31.312736 30.863807 20.577073 21.251406 27.733418 44.996549 31.070099 28.511045 24.613678 
26.996174 28.059562 35.436118 22.887287 24.483708 32.200902 33.683601 29.292725 31.202520 33.529102 24.266824 27.532317 32.359044 23.367576 44.148863 27.891428 34.083759 30.084889 22.150290 24.177630 32.476501 36.920175 41.632052 21.271441 43.803667 
29.002399 30.661602 28.433485 22.006156 32.933596 28.088580 34.364327 38.804707 42.593559 32.687567 27.347928 27.298250 19.917575 35.811596 32.266494 20.764169 28.438204 21.583489 32.133577 
28.653868 44.356488 39.483425 40.567060 30.157211 38.845881 41.837779 30.774879 29.413022 25.601827 
29.118471 24.291809 37.517352 44.335143 31.731363 39.924378 35.373441 30.258052 36.496071 30.087423 31.964743 33.115269 36.319057 44.884196 31.818152 43.400257 42.026235 36.474127 32.853915 43.498366 35.630903 25.579284 44.833655 
22.889865 23.388871 25.279238 27.360390 19.910730 36.442996 38.410192 31.304771 32.723730 31.780731 38.597465 31.608455 35.595006 27.265526 29.508820 37.905211 29.571935 31.588816 26.580846 33.329277 35.256149 23.625212 23.830485 33.307404 35.307994 25.975933 21.221174 23.304337 32.436493 
28.949182 40.208362 26.968048 27.762086 29.695453 33.266568 35.198910 24.550928 23.945678 23.570480 26.837328 44.411861 21.866748 38.343847 23.247953 21.591846 31.563834 23.186143 25.656098 
35.191960 40.606269 28.684484 39.150654 33.039151 20.554153 37.133724 38.726724 28.982221 26.350414 31.763846 21.027529 20.508277 38.701276 20.155698 27.751499 37.968394 40.529913 24.297723 33.027371 34.764946 29.173228 19.933143 
34.638330 25.889969 30.367586 34.445923 23.199853 27.713497 22.751817 25.763044 23.297198 35.097300 22.273983 44.012161 35.574630 30.418415 33.961385 26.005232 31.402151 25.945152 41.599360 44.483792 
39.197054 41.051861 34.039846 22.209523 24.059818 23.750791 35.274118 27.417554 28.991776 23.800234 32.863255 35.867982 35.818092 27.966871 39.234413 42.721869 33.825839 30.556198 26.482105 28.768251 22.979771 35.232815 24.728151 
29.671019 20.793966 27.090659 43.631926 38.783370 38.027792 44.580870 35.082604 26.254284 36.870929 28.710458 29.314194 40.018559 29.081259 43.280282 33.828392 38.369011 39.180281 25.906387 34.055625 35.817483 23.942550 28.910440 24.458831 23.043349 26.044910 28.979152 27.830008 35.089605 32.906699 42.052740 38.290243 24.689206 
41.082781 31.042495 37.750376 37.184376 31.584210 21.056633 34.673178 39.085558 41.166586 26.367594 28.391187 30.138532 36.894002 25.713225 30.242633 22.317911 31.888073 25.466070 27.315383 23.232746 39.689792 23.842596 22.586328 29.339908 43.756008 21.465153 25.079140 20.998662 34.598259 23.944643 22.344269 30.987486 35.840575 40.358001 34.626355 40.317174 28.011291 26.538087 26.528259 27.836113 42.884301 34.627028 41.190708 36.284750 29.071551 35.887218 33.613214 31.511846 39.249111 25.514692 20.614407 
23.094396 29.389402 26.790243 33.000829 35.402968 44.548090 26.042177 29.339245 39.021068 35.275101 22.061301 25.281855 37.573728 21.062990 23.645765 21.803845 23.248443 26.537726 44.574200 38.230430 20.965754 37.088461 36.317836 28.921618 32.123714 30.141116 20.802961 33.286062 27.529219 
29.338230 25.919410 36.561756 24.546116 35.023518 43.826399 29.557478 22.281953 21.394563 40.824165 23.923587 35.626077 
33.393451 25.431808 38.692919 31.218060 42.541760 37.349572 31.857409 28.866021 34.553942 42.434592 29.261521 37.742631 26.196127 44.689690 29.767391 21.263861 30.727250 24.322357 26.564832 29.874238 27.381578 37.786040 36.136085 22.556157 30.573068 44.570697 20.630673 39.824471 43.676555 22.292466 32.125402 32.374885 27.142357 22.620357 40.571323 20.225729 19.921302 31.113977 22.194647 23.948015 21.525471 27.738347 34.168984 
42.473346 30.520143 37.611559 33.736619 34.580075 37.850841 25.812696 33.328834 27.010268 28.492549 35.211782 32.448071 37.663322 19.941576 25.827227 30.824701 30.723572 24.670190 40.814096 35.875085 30.152194 32.546862 27.189973 22.763691 39.549055 37.640604 33.117065 36.799801 28.512616 34.533988 26.964037 24.850439 21.877628 28.008573 32.426821 35.602794 26.219236 33.476756 26.625236 26.796847 
30.106483 19.976434 34.210900 33.115608 35.928024 37.549857 40.421730 27.173051 27.726743 22.943358 30.403828 29.279020 39.599995 39.738627 29.958833 29.856457 38.401480 
30.463928 43.984125 24.480599 34.968322 34.983076 33.121045 28.279092 
27.454683 26.135717 25.036863 39.717106 34.759852 33.401352 27.942507 42.311929 36.929997 23.542236 31.004796 21.044537 37.994525 43.958675 26.031239 32.370727 24.192299 32.004475 24.532216 26.111281 27.750945 27.919542 44.578430 
41.933598 27.296354 31.352937 38.536899 34.281247 45.104677 43.478377 19.852546 42.256760 22.201078 26.443584 28.890478 25.544620 26.822017 24.746656 26.891550 20.710018 28.930019 34.868179 25.429015 37.375770 29.013920 19.957339 28.978242 24.336898 33.382393 33.078855 38.438476 27.608297 27.846407 34.199584 28.553072 32.322523 28.514670 42.474766 35.085730 30.750131 37.773741 20.530736 29.105329 24.904695 40.420488 25.392638 
35.372151 32.774075 43.402769 32.988214 27.943689 20.038553 32.687123 39.042357 23.620646 38.939367 41.216889 30.558867 31.415112 31.362613 39.441055 22.662859 22.210480 23.084153 34.599490 34.083497 33.004545 30.808626 
27.471430 29.490785 29.596854 32.468851 31.278365 40.433251 30.145682 33.419442 30.435207 36.954977 27.926538 39.478822 31.792289 21.097407 20.409153 37.332534 22.360597 36.074918 29.334449 41.989239 31.538232 37.308206 24.064259 25.193857 25.902500 23.575542 31.599889 26.495395 40.466814 24.502171 21.396286 33.358748 26.600277 
39.742188 38.607902 22.867916 29.117850 38.070347 32.972777 32.893767 22.243265 45.516854 29.333730 34.309017 37.178094 43.920282 32.370594 44.362916 27.512466 26.767714 
22.547472 34.402048 23.511310 33.331542 25.297516 37.374151 24.436051 38.764189 32.244992 29.631661 31.773705 42.287163 30.548906 31.237943 35.683709 33.832322 36.801188 39.043475 22.630184 30.678599 31.277181 35.542222 34.380513 33.083287 21.189700 26.988407 22.368066 35.064874 21.070513 24.039241 31.523487 
30.614572 28.131253 39.179249 37.199172 27.001254 28.970983 40.689246 25.767618 21.761699 33.356084 31.014832 32.813882 36.032098 28.982876 25.613876 29.445060 29.947989 37.308392 42.404790 22.128010 24.359035 31.685663 
44.780382 37.662258 39.856793 35.677062 27.940903 28.327301 25.817349 30.761317 30.801386 33.912678 35.384688 26.491978 24.132347 36.360336 37.229873 42.986111 37.081898 36.276532 43.856899 37.179371 34.129409 29.546967 28.484908 43.425578 24.885234 
35.814652 24.593015 31.067037 35.163473 35.660838 31.111276 32.558519 21.027533 28.347663 31.819240 23.482554 24.807078 21.314640 30.576809 22.910287 20.877461 45.160754 37.027571 21.035474 23.900377 20.069323 38.590407 
31.799355 24.640836 36.322837 24.053649 37.699537 22.386733 38.162204 30.975614 37.278716 32.773132 20.727214 31.324184 30.362400 25.170320 25.124995 38.556914 37.733990 34.514776 26.335435 25.062952 31.555097 31.022236 35.547229 
26.747606 40.416895 25.377445 28.621356 38.874807 28.856662 42.780441 29.947147 39.103321 39.459635 34.713635 26.206540 23.379563 33.665898 
41.239840 25.669923 23.490284 26.712093 33.189634 24.468729 42.494207 45.316621 21.682544 22.441976 27.276265 29.003127 35.732011 32.556009 
31.738333 36.835959 27.251943 31.159703 42.702638 43.359669 22.199909 33.955995 35.584003 43.364266 25.852962 23.523184 28.922312 31.121485 30.320187 31.361200 
29.484531 20.961832 35.095712 36.976064 22.485046 19.977297 22.113445 19.842932 26.179420 20.763767 25.365375 27.562117 34.753387 28.679760 32.075581 31.505801 23.767156 24.649414 31.602766 34.946725 33.095216 
43.728106 39.934899 32.551519 38.904300 20.912723 28.824483 26.505479 25.401875 35.344609 36.014582 31.733896 33.106229 38.860337 28.763533 
43.796753 34.040960 32.464086 25.391963 39.777936 37.121075 28.875747 36.616933 41.379396 39.941414 19.845482 32.117846 24.488809 40.839898 23.013863 30.143132 
35.517866 26.105846 27.056165 29.191602 25.930821 25.377921 33.058896 39.299630 42.169613 24.982112 44.864252 27.109816 
32.135426 23.957715 32.443329 30.788079 24.968160 33.406180 22.579026 35.987663 31.380592 19.762918 38.273752 36.101130 27.204445 29.925347 43.763557 21.610706 32.933585 24.161087 27.700423 35.474531 32.503527 44.976493 
34.208340 29.145064 24.341298 33.487111 45.480362 39.195295 37.495595 43.720188 25.929064 29.106790 25.289284 25.233540 27.271519 
20.993263 25.326684 20.133899 41.933960 37.252614 44.543255 29.512018 40.778789 31.447341 25.439743 32.302330 21.433391 27.991839 40.366169 39.531536 31.324958 30.485317 22.514368 21.753536 
36.078836 30.749249 21.037285 26.847858 24.707177 37.762866 28.102097 31.497890 31.200400 44.234824 33.027153 36.113799 43.420229 44.111583 25.490663 39.684209 31.979313 29.081066 32.291894 31.271006 
22.109084 23.520352 34.612945 26.520621 32.311646 25.616684 39.707040 39.855866 32.506378 20.189474 31.544465 34.875930 40.836864 
29.785203 28.275391 26.077800 37.720635 25.350124 32.366612 40.126866 24.035941 19.846280 41.799821 20.570845 26.267213 44.005375 29.175969 30.487083 34.593544 41.360740 31.988115 
34.511833 28.568449 40.001742 28.215809 27.989886 20.398939 43.626515 32.696261 32.454763 34.303142 26.922114 24.232465 
27.638309 30.413519 32.238134 21.819663 39.345493 20.547096 38.555314 25.046456 44.699225 35.905669 32.921366 26.012955 25.964877 21.954061 21.530902 24.576381 33.197467 38.241571 25.477813 31.031569 
37.122277 29.477248 34.898462 28.500278 40.003817 35.873093 21.135077 33.197473 29.642349 33.671270 42.170186 24.168791 31.134658 34.529578 33.138914 42.585817 20.459162 28.090471 40.686916 29.527740 28.695550 33.687709 42.027033 26.405798 31.919020 27.959302 27.067100 29.680001 28.179262 33.819464 22.451411 
23.316304 33.865888 27.963062 38.010780 43.018062 35.270117 31.890430 35.439201 25.318750 20.979692 28.165138 36.435713 30.458616 34.084813 34.070994 26.011332 37.100166 36.466278 20.106531 38.445965 
28.020095 36.976737 23.721823 32.745897 44.346217 32.246690 37.871770 28.987777 22.733601 32.708840 35.665843 28.085232 29.431918 20.169614 37.479657 32.799725 
30.298107 34.417758 26.901738 40.783577 27.028510 30.572368 39.664064 42.822499 39.857306 24.445382 37.004685 34.751024 21.116811 22.466593 19.932446 29.927661 37.196737 36.007409 
24.395850 25.352079 30.709578 34.475027 34.657502 33.015398 38.432157 33.209532 25.713900 32.663153 21.368416 30.890648 20.934215 28.240316 23.124054 38.958738 39.165244 40.162541 29.878417 30.952079 20.730250 34.593207 
24.449721 33.784317 36.001358 33.731524 40.706241 43.547255 25.918639 37.540721 27.738891 25.721037 30.810788 21.495673 29.074197 26.649967 21.821196 31.094628 30.102262 26.047604 21.145792 27.340336 33.837448 38.031987 22.564327 28.342108 24.718664 23.415450 
26.354863 35.317387 30.696140 33.086060 25.199705 41.624964 35.134114 39.272463 26.866802 39.798493 30.374825 29.272899 42.351156 33.358886 21.290642 39.896223 41.083820 35.757017 24.140023 26.445226 38.886703 
33.420836 27.417555 28.283486 28.794771 27.954682 44.938864 41.007547 23.381638 26.653017 39.254485 24.533706 28.022360 37.227207 25.799940 38.741794 28.719492 36.443368 
37.066943 31.413113 31.263096 33.654186 41.897311 43.476753 30.673161 32.159639 23.568912 20.132640 35.324407 21.965967 38.917427 38.847816 27.602200 32.151082 28.619534 29.587311 44.714144 36.364379 41.387339 21.953036 30.728531 22.914366 38.730863 27.423394 39.118926 26.518302 
24.523615 41.169953 19.833759 35.237492 30.458438 23.445059 26.692981 39.081645 29.862753 37.906028 29.949133 30.238213 27.225017 30.714966 36.741118 
30.045126 31.044168 31.751897 44.073547 36.541127 33.495317 20.807897 39.689836 26.957113 33.075604 31.247990 23.151614 
40.004368 28.717824 35.226235 26.027415 26.572704 30.061454 27.427959 36.048143 38.799932 32.825898 30.174501 24.591940 20.352256 35.330052 32.261823 27.680486 40.489474 33.595220 25.706003 35.504792 21.490235 28.944711 26.192755 33.757703 39.092467 24.013234 29.053081 28.653115 26.948006 33.686454 27.735742 
31.821537 22.819001 34.710917 27.054445 29.298673 30.070081 36.392143 37.642010 19.942514 21.465840 32.609481 23.557499 22.558438 
24.950043 43.650776 28.610530 34.964067 36.358695 30.990356 38.555640 30.419730 26.042335 28.576768 35.883919 21.550078 27.289596 28.466122 20.954760 
22.248492 30.144156 39.446411 25.793120 38.859879 33.685933 24.677958 41.075083 20.755952 31.784074 27.600711 31.531108 20.680155 35.759238 32.436812 22.969864 24.654502 31.862324 29.952634 31.655833 20.255698 32.838119 33.546529 
41.918079 30.729922 30.231099 39.919882 22.515839 31.787311 24.106883 27.117632 26.620613 28.546554 23.582161 20.296185 27.590017 28.362749 32.354416 25.838423 40.962502 33.364702 37.229844 
31.634052 23.468098 23.296979 38.531381 38.829244 34.611165 34.227051 44.105787 26.877366 27.645806 30.688801 37.897055 33.506952 36.674570 32.008674 24.868854 24.384135 
23.605225 41.176273 29.089798 35.484759 36.600436 25.508020 28.430758 43.709447 29.026723 28.085128 29.918297 39.989904 45.428799 29.267457 20.654339 30.701174 33.431675 29.415527 22.270085 34.935000 32.947498 30.032569 33.630929 26.894580 30.522899 
32.091995 28.384226 20.666608 32.608362 27.375761 39.470975 38.817395 20.388859 38.107585 20.982881 28.365579 22.541553 34.287130 38.556324 24.700291 30.474948 36.706140 23.649449 32.497092 31.164328 19.850797 36.061203 23.221469 31.109822 21.554463 21.093072 38.580746 35.207153 
32.426143 22.091556 42.441466 37.040625 31.267878 24.528327 39.788795 28.189316 41.300787 39.343316 34.397963 33.020594 37.466671 32.993741 28.073409 42.528189 32.689587 30.123393 23.170181 20.451126 29.229350 37.641524 32.045114 23.210795 
44.864867 34.755427 35.556351 31.792550 30.591207 34.355565 36.593566 34.681556 24.121103 32.882047 26.954274 23.454486 21.267350 33.017742 25.058441 32.859066 
44.476936 30.256567 30.185462 39.013877 31.652223 27.151111 39.922662 21.896112 34.898847 30.726368 21.703230 43.233739 32.937268 
23.493142 41.922187 29.918946 35.330253 27.651016 26.111259 26.397426 21.479358 34.341018 38.254094 21.814991 23.456265 26.422499 20.765549 26.360820 31.094546 29.162398 37.472059 35.040490 20.858215 38.249511 27.411999 29.625763 25.559352 24.299594 27.623955 35.075836 27.944883 
39.238698 38.981785 22.870057 31.296758 29.402226 27.606093 28.537794 37.406039 38.025565 21.843329 25.234813 29.980527 26.504142 41.307491 43.535082 32.064408 39.826974 21.534903 37.708171 41.113835 25.924464 30.694692 40.309913 38.233443 34.186422 38.664032 25.006627 23.635926 
24.063656 34.238143 28.347720 30.869524 36.525058 43.346872 31.503882 27.611851 24.282033 29.810750 26.660481 24.986084 28.573969 42.013823 36.298456 24.964319 31.534479 34.762303 20.777858 28.722447 29.706102 32.385568 30.212148 36.207981 39.084334 36.421391 
44.463136 38.618338 31.891288 31.980512 33.765284 35.727331 22.179015 34.320953 24.892581 33.025158 37.840319 23.824617 34.577197 37.900602 26.164425 31.390572 28.946488 20.199796 26.211780 29.266653 41.257261 27.158308 28.663678 31.019639 34.763349 27.765542 29.993762 19.816633 
42.963806 31.066674 39.114238 23.919110 35.907594 28.701598 32.659113 21.412444 36.886453 21.829680 39.015474 31.806271 31.756665 43.841360 40.383902 20.752406 31.797707 36.741310 34.381317 44.041570 34.493767 40.325607 20.032837 26.825759 23.286884 29.359476 27.920927 39.496239 24.692018 
30.662986 27.332629 33.474585 23.931511 22.670430 34.061273 31.021173 31.549937 42.552946 29.334259 37.730149 31.336052 40.994378 39.475640 34.176753 30.001506 23.965935 33.349618 
26.775999 34.702031 24.992567 28.922820 38.189586 39.817635 35.080060 30.544197 
35.219050 28.508355 26.618863 40.875452 26.497663 29.162958 28.846019 25.353537 45.070395 24.111540 38.417233 33.062549 31.896097 26.979866 24.074325 19.895672 40.275753 20.893312 42.433715 35.171191 44.108712 25.993167 27.668119 38.041144 39.113390 21.278458 28.004301 22.855090 30.286264 38.279429 
28.297137 31.465901 31.548456 41.236225 39.945051 41.114315 30.344517 30.401848 20.447447 22.666705 38.382750 23.030960 22.854800 30.126377 36.521380 40.920639 30.629270 39.161060 26.117324 20.872029 36.389945 26.525021 23.908966 41.181407 27.301502 
40.685944 44.724193 43.950775 44.115739 31.111129 33.941786 30.406935 39.952270 37.470961 21.331729 28.960059 21.758382 23.754225 24.602231 23.470893 28.857738 44.521020 37.862897 21.640108 28.551380 38.569628 27.511542 
27.865025 20.814291 21.723191 42.014779 34.110221 21.199658 29.243271 33.265424 43.678101 41.132004 42.153589 21.537718 
22.702596 30.305514 33.689078 35.816025 36.179701 26.382552 27.530654 28.218800 24.770126 24.258151 26.159290 31.775345 29.494122 32.021927 27.941906 30.262070 21.348062 32.939140 28.037341 29.794079 29.968308 26.823344 24.280843 34.852323 21.675375 
28.961565 19.968879 20.125794 22.203616 42.263101 36.167380 33.938112 31.785932 20.059678 27.222408 39.142086 32.623161 
33.561497 24.328941 31.636622 41.740802 40.988510 24.053672 23.501158 33.904641 33.633162 33.096801 26.225602 43.339820 29.290792 31.963008 21.157288 35.966460 22.033715 31.080085 27.531287 22.767028 24.377851 29.194978 19.974661 21.274304 33.036894 31.183088 34.829626 21.597063 
44.838233 30.386778 35.184490 26.790808 35.103350 36.686230 30.465913 31.282820 36.604786 39.313491 40.809398 43.854410 22.903213 35.513306 26.676444 37.921410 43.142233 41.583630 43.254680 23.989092 24.541441 32.882043 25.372011 35.485143 25.779743 30.936443 35.319798 
42.535077 26.977313 33.316473 36.832767 29.393673 41.780978 21.357813 25.725179 27.621055 37.148053 29.869614 41.851202 29.614060 
37.097765 41.719596 30.392854 27.633829 29.059502 43.659452 39.444379 31.451395 37.224326 41.658339 26.049457 24.126134 21.240389 33.817660 37.171296 44.166081 37.931034 25.404951 39.793166 29.606978 42.623143 29.484135 28.084308 26.662326 22.257117 28.559288 20.305003 23.490986 
