25.133478 43.966291 39.355291 36.036779 30.030419 42.149119 26.941991 42.424690 38.280335 38.008127 36.514214 26.343220 37.723534 32.085119 43.659999 29.091331 28.460529 20.304009 21.953134 41.615797 
26.031705 30.576419 42.396362 44.224766 28.174049 22.733228 40.680667 41.436696 37.908415 36.943375 37.466638 21.975971 36.962798 32.225696 45.524616 45.126492 27.787789 23.458601 40.046503 38.114224 43.894091 21.772628 39.521907 24.137570 22.524410 
26.893578 25.072598 40.248663 41.034913 28.976272 40.806353 42.514543 22.331603 19.899794 26.109015 37.144302 32.325724 35.617938 26.115115 31.505203 39.336772 21.728713 26.551015 
40.701475 32.683447 41.061937 41.123651 30.709989 40.848994 43.320729 22.587087 42.005825 28.523863 34.458937 32.156176 39.607388 27.993737 22.591468 43.849008 27.660648 41.338782 42.285496 44.466493 24.804112 23.161760 22.601144 38.152285 37.552890 33.994535 
45.481644 27.082832 20.062958 39.908488 44.146034 41.077433 34.009315 38.946392 42.410561 32.037188 41.291678 30.866533 35.916773 30.174370 43.155964 24.278368 41.722358 30.405270 41.311854 22.600494 24.804667 20.927557 
44.259116 31.257766 22.547139 39.995207 28.194336 41.298689 42.228167 40.931584 20.274057 39.374093 27.171932 32.076806 22.030149 29.714705 24.441727 40.885988 23.787398 41.666768 20.340619 39.938456 21.855598 27.390050 
24.326565 24.428099 22.893243 43.560338 40.385302 41.427724 32.137712 41.054876 39.742718 26.406484 23.653772 33.379255 29.798691 28.733066 25.253596 38.765326 27.535398 21.590532 29.336047 
20.483764 29.937682 31.124160 41.861281 40.816505 41.258269 26.819963 23.226458 41.370441 40.724441 40.316542 32.841197 33.164391 21.165403 22.351289 23.227105 33.467861 20.624065 
32.329285 29.711483 20.523308 30.035723 41.401644 41.565404 25.234067 41.926680 40.265266 30.478233 39.843726 31.413280 28.068805 23.884558 24.431453 44.410614 20.509381 27.843638 
31.626073 28.726975 45.038541 25.766281 41.242859 41.518600 26.225062 43.249940 38.583371 43.088351 35.458133 32.370878 31.316931 26.444312 27.635760 41.929388 41.724881 25.802676 24.788499 43.579741 21.518184 37.386292 44.381868 23.784076 23.731335 24.718824 21.773378 
32.889635 30.371852 20.821827 29.312888 40.627036 41.544857 32.675232 42.411157 24.830934 26.564531 33.794014 20.275810 40.166668 42.040317 28.138289 42.674729 20.511544 20.917249 41.074395 
32.261197 29.984153 40.211604 38.303266 41.156324 41.637520 33.566918 21.772500 21.021538 28.949832 25.372081 21.129304 29.793857 28.629816 26.815202 40.933406 24.061058 21.054850 45.050900 28.446606 
32.844936 28.985723 40.973349 23.597913 40.340719 41.750393 33.194889 35.923410 27.229047 30.626484 37.876864 35.078850 25.945085 29.074168 26.014662 41.391945 29.323664 41.262580 27.632417 21.401815 24.081367 41.934527 39.927900 28.550039 
25.263356 29.580561 41.140060 41.935494 41.235522 41.493583 29.826653 36.814914 24.061259 30.869679 30.042032 21.856256 40.271314 23.345482 42.283662 40.737256 21.899665 41.260681 26.419694 41.571771 21.881141 30.843101 
26.155616 30.563055 23.574034 39.682863 41.711131 41.738471 33.176568 31.129818 40.231424 38.115690 27.884606 24.573195 24.208922 21.902594 23.263767 24.907487 30.148886 24.461959 
27.236720 29.184859 41.813404 41.613003 41.835225 41.413352 32.440221 20.696918 35.431060 42.059323 30.740152 28.780108 33.413126 32.711138 25.032637 19.887677 43.584669 42.307144 45.480390 22.908982 21.784973 
25.847008 29.322790 33.161739 26.664334 41.215912 41.325008 32.833800 31.385866 41.257134 42.254597 32.260634 28.046236 41.405664 25.060900 43.480205 26.568666 19.760723 28.181679 36.356228 22.874592 34.450469 29.482384 41.186100 20.476566 21.650198 37.524842 41.328027 
27.418663 29.526051 25.438695 31.231970 40.303746 41.274632 33.300533 30.293398 40.903536 37.426988 21.505882 27.873728 30.968389 40.999588 42.771289 43.795983 23.798772 21.316318 22.165769 22.899093 41.328145 28.378210 22.052791 
20.147619 31.939568 29.284605 40.606356 39.798797 41.104433 32.274800 28.031291 43.990058 37.297433 22.534775 28.763411 40.744970 25.012913 28.909983 30.704725 41.669486 25.571033 30.473012 41.268190 25.165057 33.684052 20.718439 32.049233 24.567046 22.104660 21.735016 30.079533 26.842698 
21.830619 30.220619 26.923659 40.606773 39.882297 40.950439 32.884204 31.331801 22.550996 40.275379 27.625050 40.339755 28.831582 19.973021 26.937724 22.359659 34.034598 25.610415 30.632134 33.640687 21.934730 32.498043 
40.173785 32.142571 40.250312 40.382940 28.163222 41.142499 33.347310 29.190212 23.404864 25.371830 32.206152 40.361787 30.205422 29.246242 42.321379 30.297267 21.282807 28.990946 19.963754 23.541571 32.962896 40.923434 32.359248 29.364114 30.192355 
40.956961 30.268204 22.651921 40.773122 41.651651 41.136504 33.564628 34.773569 22.308718 41.740980 43.103382 41.454640 33.611910 26.183801 19.805319 20.071904 26.919558 31.037927 
40.836820 31.499694 31.982546 33.988541 41.277966 41.280725 24.092580 21.313323 30.860264 25.470835 22.624649 29.609745 35.405661 37.798824 30.673804 25.222904 42.188862 43.209157 
40.118396 32.234835 28.449117 32.965802 41.225712 40.831942 31.844467 41.700827 24.479920 42.322773 30.811047 32.470523 30.679650 37.489056 34.063235 31.315801 23.936104 30.334398 37.772435 45.031521 30.435775 28.405082 26.649998 22.025239 26.308838 45.360440 27.540019 21.637090 42.839183 32.626372 27.287627 34.324633 
40.696288 30.071118 35.909910 33.618054 40.112538 40.657851 36.803789 39.029111 34.892098 42.123933 20.982843 25.907835 37.371294 35.155739 36.594813 32.004658 22.431244 20.807243 29.278080 37.497419 25.015531 26.725491 38.265225 23.049947 38.834054 35.060127 38.511944 29.550088 35.218604 36.805757 
39.740154 32.817891 20.453014 31.704166 39.899979 40.456979 33.111013 26.681377 37.676953 44.380367 23.389900 23.458347 33.664049 20.929470 28.698174 28.572993 42.994193 38.306417 28.839009 41.298824 43.969768 41.360905 33.654557 21.530959 
38.797169 25.593693 32.926862 31.033603 39.587956 39.863576 33.559619 29.733360 40.609458 38.879582 20.964335 24.304709 22.136110 24.317158 26.494533 23.694813 25.503542 35.544209 40.903699 
40.692467 25.237036 23.589811 28.997794 39.562275 39.684300 32.721423 40.582835 29.126031 40.543522 28.150858 25.334010 26.258892 38.212457 35.169877 20.673919 37.818835 21.953269 38.046851 24.204154 38.285847 40.549949 22.241146 26.163375 22.796417 40.703815 34.706112 43.975953 
40.281069 31.621977 37.551998 31.706125 39.328812 39.886487 25.529507 42.970371 26.653248 44.269288 27.478943 24.946362 24.941188 32.881783 24.375285 26.658193 36.368807 24.989938 
19.997474 25.916040 28.165169 31.662358 39.600178 40.254374 40.600336 25.236532 39.782167 44.518164 29.814224 24.064448 35.614185 25.376563 32.849265 31.265730 21.470804 36.360818 29.541627 36.529295 23.014537 39.957983 21.754185 
36.736671 26.526318 24.656155 33.795148 27.636302 40.477840 40.442081 24.260319 43.258693 37.749244 30.281318 21.904062 26.867592 40.299123 34.688877 41.835353 
26.050754 26.938767 25.166683 32.443519 34.057530 23.530827 40.562644 41.992146 41.124330 26.193430 24.066721 35.651637 25.076037 40.283491 41.069967 45.147109 22.991301 40.621463 30.507036 25.038277 21.863740 
39.891740 29.237701 28.000178 33.376139 34.413962 40.304215 39.986428 40.285621 38.299786 22.394445 36.373976 22.788047 24.348430 38.991287 38.410212 30.213417 26.899326 36.259417 39.914745 26.684416 35.472703 
40.997058 27.953004 35.277130 31.452288 34.817834 41.313106 28.276144 22.509411 39.703653 40.246849 24.657175 39.205526 33.973352 41.369693 21.281551 33.070766 33.117525 36.468434 25.641598 34.459391 28.411940 39.927658 21.740302 20.603901 
39.918637 27.550448 33.262766 30.282406 34.694555 40.578109 25.919864 38.200281 23.791816 40.246849 40.053349 22.099176 44.292281 26.638119 29.717789 44.387888 39.901026 31.652737 27.066099 20.265835 28.335727 24.809686 25.126690 
39.542662 28.414827 42.863472 30.221260 33.736192 26.070767 38.967206 39.812218 30.471462 40.192666 39.818926 20.309321 21.914536 25.397526 42.978686 39.045444 33.223505 23.216159 26.958073 40.907544 34.185413 
37.896607 28.405348 27.502466 29.312581 34.149247 25.250232 39.413457 39.381395 25.377780 39.669621 40.812378 36.960225 37.585363 21.635469 24.170275 27.605331 44.172710 42.367701 22.274610 33.465062 38.721912 20.268875 35.564891 21.984685 
29.661958 20.193989 27.371992 43.052167 34.993111 23.918832 31.939138 39.574665 42.644637 40.201655 20.260007 35.965269 26.656398 24.127969 44.258457 21.338301 38.893944 24.547824 38.323128 25.868258 40.959423 41.087613 37.937906 
43.151047 39.861504 26.218447 23.829789 35.691721 39.052882 39.480103 39.540348 35.545182 41.293963 24.039419 38.625964 28.022657 42.774946 33.779960 30.111215 23.936471 28.729203 35.010009 34.002830 39.394632 39.973115 41.250496 
36.192856 28.749868 28.360194 36.524314 39.495758 41.267555 24.599636 40.083590 20.200558 39.523244 37.613713 39.894860 29.322392 23.447766 35.292304 38.301735 29.668927 34.645980 27.803049 33.254271 26.636118 
39.010612 36.072533 27.915184 26.247881 39.007125 39.538908 33.059224 31.879451 41.929950 39.976038 22.763371 24.020809 30.029710 39.177395 34.299151 39.987310 21.586379 26.948642 30.664322 22.554510 35.323769 35.696502 21.140766 39.687720 26.982026 22.442054 
33.356935 30.519926 36.065209 21.402517 39.443254 36.095256 25.609410 34.800032 40.555919 39.324186 42.292436 23.076826 32.296515 30.607942 34.005951 43.693439 21.941369 23.619974 27.617739 26.007825 37.042120 24.967159 41.749906 26.898872 21.382544 34.150136 21.827131 42.810804 32.601334 20.962894 25.273743 20.200526 22.217568 
33.387136 38.119958 25.912871 27.871564 39.418320 27.244388 42.259813 40.589896 20.082990 39.452643 23.519828 35.858333 30.960391 28.784171 34.765236 22.996080 32.873238 34.449368 35.625490 45.570202 21.976461 27.837786 21.733753 
35.959361 39.066058 27.099784 26.950385 39.363447 39.346234 34.894424 37.497598 29.353430 26.104826 42.645615 38.992333 31.194058 35.962319 35.301467 19.820928 27.024856 25.282616 31.336240 44.099595 21.572967 23.784375 39.263732 26.853823 41.645679 25.946997 21.397851 42.760234 29.516714 36.972183 43.524606 27.850771 22.352703 29.162050 23.607034 27.889763 42.310474 41.384684 29.741175 
29.212121 36.589471 31.988802 27.241707 38.437044 38.257394 41.955351 34.020422 38.052992 25.361557 40.905021 40.779699 32.139887 40.483471 31.652937 41.687250 39.294077 20.285524 26.452260 40.520672 41.198494 41.542177 38.410183 28.686169 36.638314 26.471471 22.587860 36.093685 30.656856 43.365637 
26.452572 35.516062 42.106054 28.707446 39.538134 39.198076 26.318089 34.340321 37.829527 32.748375 42.533328 39.693179 29.937993 36.973405 31.578160 20.609907 36.019996 27.706381 36.665756 38.533972 32.734908 
39.942501 39.559921 36.653637 27.892096 39.257573 40.065194 25.068617 33.365127 36.834702 28.766884 43.134224 38.187978 30.357339 24.716808 39.198669 28.384513 22.275955 34.568260 27.852748 28.119787 25.704814 45.094853 26.160556 23.414363 26.893356 22.786612 35.519026 
30.699842 39.895350 32.743393 27.823040 39.043972 22.540721 29.624770 34.144182 24.057867 27.989927 38.018533 30.543288 29.353800 40.264845 38.239165 28.553607 34.918217 38.045003 26.488243 24.483713 28.768651 45.273434 26.494837 23.333371 37.067695 21.447326 40.421537 29.731900 25.581801 36.351717 25.304036 21.726992 35.451104 27.786359 
35.633702 23.546382 41.578945 28.599381 39.136288 40.811217 38.154510 33.743831 44.407311 38.012068 38.495804 24.610250 30.264552 25.243147 39.359821 39.581493 40.895688 26.942212 42.772524 38.232794 40.973427 32.138887 25.407180 39.086249 38.313555 33.902997 40.873930 
24.625803 26.665039 43.103829 29.939675 39.670380 34.225640 36.719008 33.244544 28.286781 37.228380 37.085529 40.636198 32.419606 22.599673 39.706323 45.006176 32.499071 32.210262 28.444927 28.245342 27.009373 26.094702 38.639290 28.392784 27.680760 31.715266 30.762337 23.127631 27.016044 
33.714365 26.724628 41.401063 27.815445 39.357383 38.317773 32.686548 43.740826 44.215322 43.965996 36.653126 20.996932 31.650321 35.413104 39.257200 21.185250 25.155432 38.965485 42.957056 36.609191 29.860913 28.988373 36.135328 39.699904 20.174340 23.439911 
34.495170 24.735829 34.565229 35.484965 38.710475 40.563598 43.884500 26.369043 21.272387 39.757235 24.501111 37.138097 32.181349 26.889737 38.976837 43.285423 30.744102 43.555487 28.979981 24.447053 26.267669 27.301263 
34.976760 39.237621 25.499764 31.231455 37.977170 31.216938 34.036123 37.791860 43.845550 43.125422 23.752695 27.433222 31.153865 26.167362 38.535270 28.742990 23.745423 38.174985 43.726851 37.077576 21.784368 34.947380 44.143855 31.718952 
26.547156 35.317443 29.947659 34.014268 38.223185 26.834715 38.169341 27.082803 20.618134 36.777087 23.123384 42.074354 33.068242 31.131203 38.467858 20.116917 32.993913 23.152962 
33.693075 33.959441 28.015630 36.938968 38.550488 38.804771 38.368798 32.656639 41.117458 37.645888 23.458606 24.112919 21.139792 27.206534 20.229972 30.791078 
27.066109 34.713470 29.262226 20.773878 39.139555 38.873454 38.019660 24.699517 37.129299 32.099981 28.815636 23.604394 39.174483 33.481978 21.492758 37.259770 25.501334 
25.753126 30.694891 26.964608 28.942109 38.788216 44.326502 38.769960 21.732728 37.485923 30.441426 25.170850 24.563433 38.771382 40.853072 42.161156 35.480213 34.031726 21.483648 30.287832 20.537310 20.531897 26.487077 27.850862 26.931065 34.178140 24.308038 
26.306290 32.768117 27.391382 39.622478 38.878246 23.297713 22.717442 22.514409 38.877788 30.401996 30.362072 44.149875 38.713718 40.295956 29.638751 30.350807 23.638062 22.884783 37.004054 
22.168771 32.010195 28.124998 22.584952 39.069909 30.222863 27.308537 21.806476 38.393680 29.388534 20.129240 38.854848 38.921797 41.642869 25.458319 24.500775 39.205291 31.200911 26.834020 25.082246 21.613128 
28.445619 32.777187 30.974474 37.234074 38.772336 33.276884 26.089781 33.796607 38.103748 29.913054 35.422884 38.162846 39.016146 22.674110 32.840801 37.148701 21.105838 23.398803 26.859325 27.013912 26.320181 23.972694 20.315195 32.959665 43.232380 33.084137 33.139252 34.327798 30.560306 30.668424 34.859395 39.859332 
33.644226 32.431884 29.016299 34.603190 39.441691 26.070354 31.827573 40.766391 38.806300 31.677210 30.805200 39.784484 38.278980 28.018200 41.371862 39.045117 37.499956 27.053028 34.699552 24.993810 33.156192 38.390891 41.251622 
29.056251 33.144479 36.572886 33.738607 37.916073 29.628118 29.868685 38.057039 27.124194 30.182907 26.781127 37.667045 37.928336 28.256473 40.057252 33.765286 30.700545 19.819735 24.065902 38.822355 36.582961 24.572545 28.793399 32.701516 
31.611626 32.151847 34.781249 26.852335 39.824221 41.214197 31.558615 37.759626 22.589386 29.789716 20.478469 27.195304 37.627469 35.039678 23.276018 27.246179 32.164425 38.751367 28.733294 36.656093 26.469513 27.555417 23.969467 
26.825221 32.550263 32.916134 25.320363 36.182862 37.753393 27.663857 38.089755 30.072246 32.202782 28.991629 27.422117 37.300375 37.578750 26.132587 31.487978 33.550816 40.615471 26.095896 25.025861 27.313714 22.187821 
23.234762 32.586818 21.855144 25.118376 28.550817 29.338715 25.878050 37.679447 44.137954 32.216157 39.214760 20.154805 37.278994 37.438315 29.583625 38.601823 27.019687 22.709684 38.114190 28.869381 29.275236 34.033559 33.848005 25.643849 28.833998 22.906700 24.243633 26.415702 
37.063380 33.554855 34.554582 26.118107 42.849762 40.770124 21.680256 37.153379 30.208669 35.703175 30.157640 30.768872 23.875304 40.126105 25.210663 24.328375 36.865818 36.241001 
37.171935 34.275092 33.482607 28.502516 41.515787 20.694522 27.565289 37.189429 25.577612 37.050790 27.099684 30.682799 21.879361 39.513783 26.407481 23.463264 36.594450 25.315430 39.781326 41.556903 38.554199 27.878790 
37.533526 33.421854 26.985319 24.978832 41.804912 44.113317 23.696744 36.996009 29.237491 31.385391 41.800047 31.606689 41.828198 42.985640 35.589978 30.276156 22.761502 43.178100 36.445693 24.088997 25.229082 30.471509 
37.205275 34.269274 23.732223 43.348657 27.591894 42.637511 31.689969 36.991742 37.934629 27.715355 19.993938 25.402275 24.561490 27.397527 23.487908 30.677058 43.932589 35.283546 36.664400 24.731596 26.194802 37.729262 41.844129 34.050054 43.656874 41.215823 39.900550 23.069570 23.733000 
37.492037 34.417969 21.058046 42.224774 28.973850 31.856711 32.985340 36.951286 21.145264 27.280604 22.220033 37.373997 24.991672 42.150174 23.928428 30.717691 20.054065 30.035731 37.475882 43.538495 42.133590 20.590459 
37.411047 34.028990 24.569122 42.597744 21.235763 34.901764 38.111297 37.637822 24.459974 24.560016 29.329406 43.340124 29.460626 43.324749 26.500894 25.781709 23.362941 29.613743 37.909106 37.490349 37.945665 32.747076 42.987260 27.722420 24.361475 40.762349 35.207842 30.145906 
37.304070 37.724597 31.729333 32.688533 26.919280 37.589715 22.312458 37.581638 36.644406 24.350910 31.285584 32.764336 38.039005 35.645100 26.034150 27.841463 36.313423 30.009377 38.601037 23.605437 24.941901 40.512517 37.207369 25.470596 23.786715 25.421912 24.405838 33.846627 36.242240 
37.625860 37.834850 26.226541 31.924197 25.887377 19.888244 33.236633 37.443969 19.779316 31.522293 28.381392 32.729519 27.064230 35.851617 35.962316 25.299091 31.168955 34.922048 38.918165 23.122420 23.829775 40.218387 21.003794 
38.825363 36.887511 28.860912 27.169026 26.388550 28.498535 40.849396 28.629154 33.156607 39.310188 39.150292 32.754391 27.945554 25.718604 33.717197 33.995241 20.510328 29.220010 42.399688 31.278847 42.162576 23.151934 21.374414 33.104508 37.917439 25.865952 24.443628 43.378197 37.571745 27.109756 22.518227 31.317097 39.809130 
40.179102 37.148049 24.472998 41.319690 25.078383 28.914797 21.577228 29.828227 23.936398 38.582234 38.794541 32.835103 33.679285 27.302776 26.636319 36.104149 27.889165 21.289131 40.665713 33.249065 25.798569 25.597219 29.462019 22.086404 30.089596 23.940893 32.183593 26.843904 41.537037 43.484767 
39.712077 40.778755 28.087921 35.598919 26.424270 24.875380 22.334122 41.769934 37.741373 38.281767 38.794262 31.706211 26.272509 39.604508 25.289155 25.484412 29.108225 37.309512 24.876206 36.899383 32.294269 36.260017 
37.795292 44.253567 33.872550 33.686680 30.698242 35.076294 23.368741 35.202296 31.545270 38.666391 34.633623 32.360348 42.171658 20.834299 22.854067 29.794747 34.867966 43.651257 22.690265 33.870304 28.325503 25.397046 41.924372 39.392784 30.188360 34.713444 20.278795 24.127083 33.482804 19.921356 28.932072 
37.884638 30.239845 30.413199 21.262380 28.078026 32.885329 32.776820 42.649129 42.773688 37.587523 26.048879 32.283079 37.327020 21.443790 31.507334 23.405050 36.682735 38.522244 
38.679974 29.614196 29.420737 36.658235 28.540777 35.401957 41.676147 21.245993 42.555886 38.178173 27.105507 31.972458 37.618762 31.815381 33.782122 22.383193 43.965817 23.613050 29.863165 29.091841 
38.141774 27.963548 33.538435 29.807582 30.033830 24.949987 36.239345 34.966026 31.495114 38.250484 23.560303 40.129785 38.319961 21.478536 36.644540 42.371314 27.179951 41.209410 34.502324 21.982411 24.019515 27.413916 38.416034 27.152381 27.652627 25.437200 25.321183 
37.981379 27.581594 29.463291 33.626095 30.638091 21.279993 32.209888 29.568573 32.286696 37.180138 23.945662 25.839172 42.442188 35.782093 40.646179 42.689669 42.738457 43.635185 42.923412 31.733951 20.962590 
38.162037 35.356978 30.099083 23.871204 20.130833 22.688092 30.994172 41.636958 38.051151 38.588533 32.334684 26.148000 40.521889 33.223754 35.425581 30.010410 22.087250 36.404752 41.430279 39.374688 19.981102 39.851376 
38.512899 23.381203 29.168145 29.616216 44.290167 31.115489 41.233815 26.228985 37.999418 38.666648 34.191660 27.799378 39.546986 22.781444 35.308050 33.087675 32.360600 31.945224 25.126296 41.347107 23.869721 35.591592 26.567513 45.044987 43.656299 
38.431291 23.152355 28.305098 38.476859 39.975352 30.237050 26.388777 21.943701 29.067137 38.454833 33.500578 27.964374 38.557655 38.253388 35.295879 27.122709 34.955158 40.220673 44.828620 31.427476 20.962466 37.262205 29.398948 22.420841 26.537806 22.075896 26.924768 
39.388373 42.086907 30.514205 36.299120 26.244650 31.169687 19.764002 41.624734 41.982406 40.195914 31.497012 39.160981 37.897177 24.464632 28.156507 36.456400 44.227266 21.870053 33.068386 37.376268 23.041318 23.863165 37.591167 41.356344 28.789323 21.371964 31.766774 23.037993 29.380164 31.120165 25.655019 40.829888 23.738532 40.431441 38.968033 
37.745736 22.711217 24.624928 39.377185 38.621142 31.011391 29.467411 41.396955 28.523356 35.549999 31.170405 38.648109 44.596316 26.504694 40.914033 25.171103 35.748101 24.081741 33.242286 38.628640 31.888553 35.991985 33.680310 25.518034 
26.342037 37.893231 33.908336 41.751086 33.858596 30.131112 32.081903 28.269536 40.007291 34.919229 31.653712 38.061106 30.643824 22.361103 27.039944 24.327081 31.336157 23.469998 43.021434 41.010926 43.600013 24.580634 32.944236 21.640868 38.841369 27.381001 
26.034698 33.215905 38.102765 27.626863 43.806978 30.325154 26.183496 38.522236 37.168097 35.707402 32.635981 30.893311 41.089549 21.130550 29.853103 39.639682 38.887464 26.315277 36.810082 37.143532 28.000706 44.482101 27.495398 30.037358 22.578786 37.463687 29.200949 24.748287 34.640009 
22.030086 41.407817 37.315047 26.064396 40.760084 28.308262 38.036041 38.316959 21.038811 37.239119 33.023439 38.251527 37.103280 24.972354 25.794989 36.228200 21.203274 22.089607 20.694585 23.681773 
28.277204 44.290223 20.988678 26.047736 41.676635 29.542946 37.464711 38.822159 33.679681 37.542737 32.340182 40.540350 34.010488 24.148745 35.963181 19.856692 39.194873 38.874379 38.897185 20.651236 37.338834 41.909743 36.856684 34.734412 28.824425 21.591268 22.636023 27.027743 42.283656 24.322311 38.283208 22.630784 26.686637 28.248605 42.175865 34.404037 26.120134 22.543367 20.088009 
27.886383 34.786091 19.914503 26.306732 25.037452 29.392619 34.195992 29.211481 30.651869 37.961044 31.333441 38.883402 21.397207 24.483106 35.967232 25.265252 38.214361 40.316284 28.802579 39.969096 25.803741 36.210202 37.733667 27.954768 26.765031 23.834414 38.016215 25.375429 
23.809588 30.931504 27.087664 26.389040 38.865760 28.785519 37.552379 28.235303 24.464986 38.451285 32.991198 39.631842 32.412517 28.459039 39.779611 36.975686 42.898771 27.935921 24.058433 23.217684 33.453717 
31.760849 20.533153 38.143987 25.499161 29.207189 28.849742 38.328466 39.153754 30.652746 38.551857 33.036584 38.307379 25.344144 20.546583 29.062553 
38.631659 31.232231 36.631006 24.502002 29.055550 23.496081 39.102024 35.574424 29.831018 38.495643 32.889319 38.866366 40.280458 22.682237 19.865031 
21.167447 21.307362 35.972283 24.340437 38.808420 44.118314 37.796936 33.715727 28.951254 37.796014 29.915732 38.415254 43.765593 45.149767 28.379308 38.067932 36.269946 21.836867 21.404710 31.298337 36.029367 33.468736 21.978648 21.542114 
35.512924 33.260038 27.204099 31.872726 40.731741 37.739206 37.837729 22.331732 29.314933 38.558826 33.788319 36.156099 35.901893 38.237986 29.967203 35.230446 20.068524 
35.257780 23.259529 26.063852 39.480586 26.372611 39.113218 20.457963 32.317705 29.122228 38.623755 40.905435 43.355748 21.972810 35.074109 38.814684 36.074230 21.495604 26.667970 44.595672 20.374265 39.006981 29.244096 37.926106 39.984114 
40.751861 36.393990 32.873931 39.666638 43.965199 41.290158 28.354200 31.318441 29.365155 37.941721 42.104185 41.299056 25.680677 42.924824 24.176211 28.827336 
38.451415 35.874098 33.869292 24.451060 39.476989 41.906932 29.923330 31.210397 30.027958 40.614202 38.480707 42.009230 
41.408787 35.079350 32.343154 27.398884 38.425906 39.105001 27.433642 32.793873 29.042711 38.483785 37.374126 32.573530 42.630573 44.422032 
