-92.207509 -68.402335 -68.729040 -89.781807 -93.905069 -70.430480 -81.781115 -75.500930 -74.186152 -75.197234 -74.442291 -83.183017 -66.159510 -93.370832 -70.489908 -75.045917 -84.955819 -82.421830 -85.526492 -65.306649 
-93.398957 -97.527450 -71.914945 -70.763457 -93.947180 -85.128841 -78.845832 -76.508711 -71.794515 -67.474762 -71.518738 -76.836599 -68.867315 -95.531511 -68.502673 -66.311474 -81.276766 -79.081471 -77.695247 -71.213069 -75.079390 -85.646471 -65.347775 -78.548811 -90.640413 
-92.692592 -76.247603 -72.233386 -74.715786 -92.641999 -73.969976 -75.699231 -87.249210 -81.314410 -79.887105 -71.331200 -94.191597 -69.661278 -85.061368 -97.359908 -65.693970 -79.225115 -90.869185 
-72.309350 -72.681917 -73.789729 -75.428624 -90.322936 -73.662407 -75.966567 -95.090505 -70.486001 -79.865492 -72.550050 -91.101137 -66.061461 -95.180005 -79.245797 -68.562664 -98.933403 -65.045827 -78.639506 -74.813720 -91.564801 -92.142534 -83.979328 -67.815216 -85.678207 -76.538513 
-69.096722 -80.412511 -89.586872 -77.176065 -74.006703 -73.444344 -93.753045 -71.047921 -72.130041 -85.440265 -67.286323 -94.333906 -67.431302 -94.297556 -67.531302 -93.994854 -67.379027 -85.816925 -78.732214 -77.913723 -93.936804 -91.787323 
-68.495595 -80.583578 -89.426415 -79.507041 -87.503123 -75.074707 -68.816799 -71.921987 -81.021012 -67.894242 -92.349010 -93.728951 -93.126745 -93.277935 -79.380573 -76.328988 -91.557770 -66.793070 -80.528416 -66.128379 -78.794826 -85.706124 
-76.618110 -88.980057 -82.691620 -75.316833 -77.241234 -73.623571 -78.585760 -72.586817 -68.935136 -92.806035 -77.371442 -93.848210 -77.522152 -93.126749 -81.608402 -79.552782 -77.394028 -96.399327 -82.460559 
-92.806526 -91.739061 -70.612286 -78.346201 -76.414087 -73.436660 -91.508865 -79.537448 -67.376608 -70.414253 -71.337143 -92.245733 -74.730936 -83.574839 -83.466770 -92.302314 -92.462965 -93.247088 
-74.988987 -92.525312 -86.911596 -73.034351 -75.777179 -75.158308 -91.928196 -78.852378 -67.557587 -97.280214 -69.893619 -93.916061 -77.207739 -94.424016 -91.052227 -74.640783 -87.569471 -76.952154 
-95.305083 -93.198475 -68.978368 -79.799591 -76.017804 -73.848091 -92.753822 -77.061014 -82.324058 -69.880007 -77.760337 -94.307313 -79.722216 -79.638312 -73.400112 -68.179488 -70.543289 -93.161424 -82.725526 -69.311297 -81.539912 -80.766078 -72.591735 -78.590989 -83.321078 -78.989600 -89.426742 
-96.260211 -92.735414 -87.343709 -77.730286 -77.222483 -73.812452 -93.973248 -77.148447 -76.136880 -92.333042 -78.578025 -80.886572 -82.020035 -71.821156 -89.498927 -69.195326 -82.771784 -97.063324 -77.059362 
-75.961057 -91.081054 -66.686781 -80.104233 -76.815656 -73.487503 -94.165418 -91.020969 -83.762843 -97.226312 -88.540316 -89.785469 -73.326017 -82.642715 -91.552674 -71.868647 -94.652539 -91.058146 -70.263783 -75.897359 
-76.757279 -93.336479 -68.216645 -92.986575 -77.450802 -73.340180 -94.771792 -79.021310 -82.467743 -97.014966 -66.340897 -78.221257 -78.984589 -74.897139 -92.823817 -72.307102 -81.425094 -77.044938 -75.004795 -78.519779 -75.435934 -78.327528 -65.205036 -76.409320 
-92.706673 -93.930508 -72.193384 -65.110678 -76.328474 -73.632893 -94.168222 -81.052876 -80.712565 -80.528317 -96.153908 -78.092342 -69.452217 -78.114112 -65.857372 -71.206530 -94.155377 -66.932853 -98.404328 -79.386829 -77.797810 -99.353178 
-93.177854 -91.968272 -97.899490 -70.066378 -75.146755 -74.244118 -94.143264 -81.996769 -71.150830 -81.437394 -96.706771 -78.054698 -83.164926 -87.309612 -91.924789 -74.623124 -79.639265 -77.253373 
-93.338941 -93.032885 -68.739647 -71.293349 -75.966869 -73.138207 -92.359762 -80.924271 -88.183844 -76.823466 -69.936967 -84.062828 -72.980308 -72.695225 -81.219571 -88.597515 -72.561036 -67.611237 -66.983124 -97.331227 -96.035301 
-91.878259 -92.296151 -81.518848 -78.911331 -75.410465 -74.538169 -92.883440 -96.443605 -67.937938 -77.510017 -70.935180 -74.744173 -70.075567 -90.001557 -72.794820 -80.641442 -79.983362 -75.125015 -83.666839 -81.053513 -72.732493 -76.506837 -71.142399 -94.523043 -81.073815 -86.397837 -66.872451 
-91.519932 -91.523134 -94.098900 -79.000977 -76.954520 -74.295307 -94.398513 -98.040382 -78.195896 -66.827062 -84.246710 -74.174690 -75.933574 -71.616670 -68.951870 -76.560752 -75.932451 -81.772413 -77.371692 -90.915830 -68.470665 -76.345325 -95.491990 
-91.372579 -92.203809 -71.431333 -72.549656 -77.159315 -73.779794 -92.485753 -95.365987 -75.195411 -81.621900 -97.988996 -74.693456 -77.455138 -91.583033 -84.139662 -77.770201 -77.674594 -94.122645 -78.018967 -66.260948 -83.058205 -93.797253 -79.510111 -77.172372 -74.963068 -82.254212 -84.264555 -73.320902 -89.902844 
-94.927504 -91.435140 -100.410282 -71.927080 -77.093966 -73.420161 -92.610504 -97.388130 -88.156463 -78.007306 -73.795172 -67.452656 -73.111164 -81.254414 -75.742740 -83.501167 -74.875791 -90.235959 -79.620428 -68.607283 -91.646774 -76.599325 
-77.031234 -89.612215 -79.996360 -71.078236 -99.205159 -73.705537 -90.488324 -96.528490 -90.900653 -84.424697 -76.536243 -67.757030 -74.464773 -82.191982 -74.134544 -76.967941 -90.022439 -78.977060 -90.284458 -80.803229 -80.689804 -78.976801 -79.897289 -76.726286 -87.534657 
-76.293973 -89.902062 -80.287756 -72.579918 -70.901177 -73.887045 -92.343364 -76.345648 -84.894107 -77.725888 -77.675219 -66.958486 -94.144216 -90.058430 -86.241883 -90.810033 -85.282592 -74.449077 
-76.509586 -90.576744 -75.005687 -92.113656 -72.444570 -73.860454 -78.641143 -80.114693 -74.202600 -88.905981 -80.093701 -98.155670 -79.498813 -79.194642 -83.117984 -98.892046 -66.629350 -77.211738 
-76.728540 -91.976565 -88.890877 -92.683808 -72.537844 -73.382357 -81.106848 -77.517066 -92.470911 -65.286564 -89.038838 -70.069717 -97.240269 -77.803829 -72.423282 -71.483574 -87.487025 -87.986382 -82.452316 -69.195060 -99.323386 -81.516127 -77.553679 -86.882864 -75.849252 -66.600350 -81.909208 -94.237567 -64.909785 -78.483823 -80.953784 -74.684882 
-75.628183 -90.975337 -88.906732 -92.537261 -72.411160 -74.100123 -81.786697 -77.949019 -79.466281 -77.086519 -81.222493 -91.012134 -66.664177 -76.254821 -85.455900 -98.273056 -82.226258 -93.586384 -70.773358 -68.423392 -79.955428 -81.348962 -85.342421 -77.999157 -68.783471 -89.103160 -83.858106 -81.144985 -78.616734 -78.921276 
-76.332547 -76.847073 -79.805227 -91.574446 -72.710844 -74.506663 -92.714233 -77.636636 -67.519212 -69.906218 -98.984906 -90.597298 -77.549892 -86.929255 -75.195591 -98.562345 -68.688585 -83.473267 -78.258718 -76.607935 -74.386415 -66.083222 -68.869888 -90.404004 
-76.593756 -77.698320 -96.332118 -89.402006 -71.707066 -73.552861 -90.622542 -79.153441 -80.140893 -68.168813 -80.874844 -92.082227 -83.100583 -78.497929 -84.481733 -76.294776 -76.274603 -88.525136 -80.321629 
-75.763355 -80.630225 -83.321884 -88.727130 -72.681245 -73.153746 -89.718961 -72.739817 -80.911713 -64.974116 -96.178908 -91.341058 -95.461623 -79.323733 -85.112839 -78.771270 -66.348565 -79.612109 -78.869112 -77.737480 -82.251629 -72.475185 -95.288428 -80.479517 -76.583212 -76.816226 -84.336555 -74.549167 
-76.276089 -80.797270 -66.202020 -89.925183 -71.614550 -73.029784 -83.685543 -67.078013 -83.554323 -72.652520 -96.512713 -77.517251 -98.460231 -90.748912 -94.479968 -83.989630 -80.391574 -83.901209 
-84.994595 -96.977540 -86.636594 -89.274028 -72.243061 -73.859374 -75.360095 -97.196291 -68.532702 -72.946200 -83.285991 -93.739442 -67.545159 -74.449787 -89.629487 -77.433172 -95.547281 -83.677330 -84.069152 -80.629899 -85.730230 -66.514759 -97.498077 
-80.327305 -98.925968 -98.548682 -88.398615 -76.384845 -74.036897 -75.954608 -79.235242 -66.646265 -66.633469 -78.485015 -92.702102 -100.699847 -72.888886 -89.115267 -76.113520 
-99.578607 -97.410257 -80.661053 -87.611934 -88.858567 -75.804211 -75.447123 -76.598259 -68.885737 -74.389301 -85.003659 -80.729156 -96.460265 -72.276370 -71.488337 -68.233722 -78.278623 -74.285605 -79.419872 -98.933760 -95.746427 
-72.381055 -98.932614 -79.169128 -88.871976 -90.137166 -73.417155 -76.576473 -76.544329 -71.590372 -80.346343 -87.470684 -92.501229 -97.545218 -80.749300 -69.166970 -99.247521 -76.275736 -69.680177 -81.281206 -85.381107 -90.778396 
-75.841293 -97.162837 -75.312444 -87.403616 -90.754117 -79.837422 -82.781532 -95.586199 -71.944134 -74.542161 -96.257032 -68.426343 -70.341388 -75.605685 -78.876751 -77.437660 -84.658324 -86.516659 -80.646082 -80.252749 -99.014753 -75.672160 -91.226310 -80.765619 
-72.360875 -96.794130 -78.757758 -87.694763 -91.691296 -75.914230 -80.912650 -68.405647 -92.846001 -74.542161 -80.389587 -83.305398 -68.523577 -98.039623 -75.256158 -73.911684 -75.941149 -77.236652 -85.839083 -94.767238 -84.893463 -97.473759 -76.426869 
-71.864187 -96.223441 -77.563832 -87.692082 -90.512332 -95.497893 -68.827706 -75.834770 -71.628006 -74.750258 -65.307244 -93.104020 -93.706148 -95.930031 -74.970778 -67.126125 -77.118302 -86.959749 -96.159751 -69.335264 -90.924504 
-71.995425 -76.240022 -95.590561 -87.460901 -92.275453 -94.775234 -81.161286 -75.737516 -78.341919 -73.990441 -79.040716 -68.418598 -77.587933 -85.069625 -86.476075 -73.462158 -71.075925 -71.898484 -90.229851 -78.111651 -79.537270 -88.740046 -85.009357 -90.794220 
-88.041952 -84.168578 -96.890741 -68.772604 -91.842783 -91.602694 -79.363811 -76.238187 -72.625316 -74.360188 -89.251126 -82.153816 -87.557319 -85.878953 -66.958366 -85.833151 -79.546000 -98.981169 -70.418139 -76.181245 -74.859926 -79.161043 -67.999860 
-66.639713 -70.704536 -96.005492 -98.162360 -88.026343 -66.247115 -73.379204 -76.329056 -76.061164 -65.669966 -97.889200 -78.335637 -77.107468 -75.059727 -90.138170 -88.053384 -92.404423 -71.087565 -75.847473 -81.435279 -83.092504 -73.732255 -77.265965 
-76.639209 -73.163090 -97.632952 -80.536226 -74.337049 -66.763947 -97.470739 -72.636782 -81.132647 -75.143141 -68.435857 -76.705040 -86.996962 -92.692395 -91.114549 -68.743394 -76.538024 -75.097110 -98.693734 -75.665840 -85.131673 
-71.238316 -75.156403 -96.620002 -97.620327 -73.433013 -68.783054 -77.596530 -71.353427 -75.397242 -75.548334 -92.973209 -92.534588 -87.615248 -82.122099 -93.054746 -71.920236 -81.593924 -97.752464 -75.146496 -97.240708 -87.336894 -75.203170 -91.684704 -72.076873 -98.069576 -95.801842 
-72.501598 -74.859134 -89.090919 -93.354479 -74.888854 -73.240511 -97.724624 -70.665886 -75.966513 -75.221568 -75.454697 -89.818204 -88.654879 -74.033327 -91.198062 -66.801994 -92.076193 -87.997751 -96.373215 -86.074591 -87.785992 -75.285537 -71.913641 -83.818262 -78.906447 -76.151490 -80.804340 -76.961643 -80.630270 -80.115512 -84.631036 -93.377731 -87.817644 
-76.745521 -72.563972 -97.065792 -96.942230 -74.493426 -96.806876 -65.587527 -75.354930 -87.547060 -74.813153 -84.852735 -86.377442 -87.011267 -72.594008 -90.805081 -87.171923 -86.685658 -68.763736 -77.473890 -66.640547 -79.737420 -82.256614 -80.371955 
-77.670234 -71.580135 -99.514298 -96.355717 -74.421377 -75.453145 -78.154097 -78.484599 -74.395049 -96.108638 -76.660454 -77.709695 -88.015726 -70.687649 -90.638928 -81.163968 -84.245292 -85.733438 -82.940448 -67.007753 -89.534612 -79.625054 -73.326170 -97.540999 -75.099024 -75.520393 -79.029011 -71.986446 -71.368336 -71.835376 -72.099009 -99.085159 -78.636126 -76.238105 -87.192054 -97.862449 -64.116475 -72.798165 -75.848430 
-71.456232 -73.226809 -71.726652 -96.177629 -73.636129 -75.991549 -67.147238 -89.634749 -68.807440 -95.583699 -81.123682 -71.794745 -88.632242 -79.634986 -83.250538 -65.188559 -70.992049 -94.833914 -80.543695 -65.768113 -65.676860 -68.543541 -69.020011 -80.533149 -84.114880 -80.228439 -91.687479 -87.207323 -79.506837 -64.729079 
-88.180993 -80.598286 -73.504788 -94.987264 -73.398740 -76.127530 -82.826095 -68.651707 -80.042594 -92.320500 -64.286218 -71.795585 -89.141891 -78.716991 -80.468472 -79.274380 -72.162654 -98.506948 -78.285350 -84.252226 -82.548933 
-66.943841 -72.909328 -68.545143 -93.656552 -73.750328 -79.756388 -95.008301 -92.776471 -70.234264 -96.805773 -67.832861 -72.721065 -89.986075 -89.538661 -76.181339 -88.243136 -83.531088 -79.321177 -74.806919 -86.330885 -92.165319 -68.633916 -94.743450 -89.172451 -73.014759 -95.162231 -69.160948 
-96.753538 -70.931732 -69.095018 -94.754497 -73.260201 -95.655620 -84.362299 -93.651751 -77.014120 -82.509331 -83.205061 -98.128467 -89.011519 -79.156550 -76.226732 -75.574224 -77.603591 -77.655653 -81.710916 -96.277355 -88.688060 -69.221869 -94.305527 -84.848803 -79.192913 -83.249994 -64.921598 -75.731014 -94.594912 -71.524529 -93.867195 -82.362116 -84.876864 -99.598347 
-79.071811 -98.432413 -77.245113 -95.065156 -73.911871 -71.454240 -85.488404 -93.995402 -68.515365 -78.491311 -72.663425 -75.621799 -87.735168 -92.426968 -75.415345 -79.685527 -67.755566 -73.049265 -69.373047 -82.272460 -80.341347 -77.408680 -89.261769 -70.169283 -70.004005 -74.493103 -68.061297 
-86.000142 -96.522529 -71.499561 -96.896824 -74.207131 -79.675541 -66.656375 -90.373074 -77.945005 -82.913941 -71.041133 -78.665944 -89.789860 -95.498504 -75.082729 -67.584306 -69.072405 -83.853141 -82.856818 -98.419895 -77.779768 -81.279401 -83.229308 -77.480729 -97.429428 -79.360880 -79.121365 -97.101561 -78.204432 
-90.688973 -95.731174 -75.253875 -95.965076 -74.522370 -84.033439 -69.543193 -71.255357 -70.303323 -67.266042 -67.350014 -78.070420 -89.563697 -73.671358 -75.385512 -87.900347 -87.756641 -80.884239 -77.565702 -66.790740 -80.851085 -80.306555 -84.071294 -71.383200 -79.005498 -79.673387 
-91.510533 -95.645002 -69.484407 -77.498183 -73.916927 -81.333626 -66.822623 -78.569638 -88.637184 -71.113695 -90.252927 -72.124346 -89.629208 -96.581035 -75.981852 -73.834647 -69.940030 -72.452295 -72.830165 -82.435825 -73.318081 -72.435217 
-91.725589 -80.920664 -98.248525 -81.489794 -74.289049 -72.426245 -69.199194 -73.448268 -70.251291 -75.044823 -92.988119 -98.708076 -89.321021 -98.874460 -74.926688 -71.909614 -77.773397 -76.940973 -67.467714 -75.451824 -93.716468 -82.500464 -68.499336 -78.099351 
-81.519801 -80.709877 -97.722414 -89.807765 -74.265622 -98.875846 -73.238217 -74.291529 -96.484468 -68.557701 -95.420446 -76.835998 -88.932010 -80.751792 -75.389470 -80.914934 -76.869398 -78.507714 
-78.406859 -89.680287 -98.226263 -79.234121 -74.157300 -75.677670 -73.297999 -88.556364 -77.290141 -67.980994 -77.263830 -95.311333 -88.932517 -83.054329 -90.347428 -83.238139 
-82.576130 -89.742704 -98.528868 -92.880915 -74.631379 -75.368806 -72.578385 -82.092521 -66.916176 -87.996898 -99.451132 -94.934292 -80.147930 -80.126610 -88.082910 -79.188362 -79.627190 
-83.317967 -88.872837 -95.751282 -78.693260 -74.411191 -75.017364 -73.676128 -83.468279 -76.654356 -88.896853 -80.415967 -92.364483 -74.861312 -78.703076 -66.456901 -85.513339 -70.370789 -78.282746 -70.214628 -79.553416 -78.773711 -76.939956 -78.183408 -100.133375 -82.570779 -89.393431 
-89.186210 -90.714896 -93.678299 -66.797366 -74.385065 -80.026810 -86.980884 -97.858384 -73.803396 -89.435921 -70.690365 -65.590658 -75.405406 -80.631258 -71.708880 -81.723093 -82.342154 -80.369824 -69.882412 
-96.978548 -91.274940 -94.349512 -93.312891 -74.380109 -72.166400 -93.234352 -85.871117 -72.630580 -90.557616 -89.962405 -65.716345 -75.400965 -79.815911 -78.557263 -84.146153 -76.943637 -79.724530 -75.691293 -74.780006 -93.587778 
-74.840166 -92.196119 -96.194650 -86.425004 -74.020249 -84.278679 -90.537134 -93.467991 -69.847763 -89.755930 -75.546601 -66.862870 -75.717715 -84.265450 -79.156919 -77.908550 -92.270273 -85.390254 -97.257738 -88.934237 -88.555979 -98.310785 -91.577992 -71.975038 -77.103738 -75.677962 -69.666380 -73.187804 -78.638307 -99.260702 -70.388251 -78.621047 
-73.962573 -96.197403 -96.128671 -89.724724 -66.133799 -83.047342 -69.871663 -81.271428 -70.976451 -90.350969 -73.729533 -66.729238 -76.059447 -89.067267 -77.285930 -76.973284 -74.188556 -86.345954 -73.785636 -99.894125 -82.106394 -72.247600 -77.879449 
-96.671646 -92.775129 -76.724721 -76.876216 -72.155706 -81.560631 -71.575993 -73.792999 -100.030028 -89.991781 -77.830669 -69.306253 -75.758093 -88.784242 -79.776295 -93.433343 -72.369271 -84.746440 -96.263632 -66.566485 -71.363637 -76.926872 -71.369280 -74.598256 
-95.884119 -92.243158 -70.590513 -93.347072 -70.157940 -66.873905 -78.193976 -74.046910 -79.747595 -91.369599 -88.503011 -84.886939 -75.656163 -72.054491 -88.306886 -77.374778 -95.491085 -80.783930 -93.895005 -72.961395 -73.687925 -73.626446 -93.651975 
-100.175739 -89.999790 -81.447836 -94.153901 -71.427913 -66.084508 -99.774523 -73.404269 -73.792330 -89.845914 -77.239477 -95.279134 -75.423506 -70.976588 -84.339398 -75.786921 -69.649031 -80.954598 -100.782155 -80.046020 -80.736063 -86.571352 
-98.854955 -90.763488 -80.113557 -92.739083 -74.451877 -98.131229 -100.285393 -73.386924 -74.187880 -69.564257 -67.784279 -86.455966 -76.314829 -72.023832 -76.533958 -65.827930 -95.226170 -77.816251 -76.350830 -81.863574 -89.203100 -71.530479 -81.913628 -79.579097 -95.802123 -98.557307 -82.481493 -80.667237 
-74.887136 -90.515607 -69.657510 -78.797288 -77.569720 -66.192994 -81.051272 -74.040435 -98.196536 -71.944248 -99.143970 -89.348663 -96.587986 -70.752601 -89.508137 -82.124064 -70.694081 -67.278462 
-75.058097 -92.920993 -80.987030 -98.491477 -78.854834 -80.068731 -74.540316 -74.247375 -81.105540 -73.946498 -79.400372 -89.989222 -88.889995 -71.345057 -89.852520 -98.485725 -68.248780 -76.917104 -67.293619 -65.783352 -83.789545 -77.454093 
-75.949647 -90.234364 -84.419351 -90.836952 -77.751569 -67.971925 -89.931872 -74.605155 -96.645167 -70.503365 -64.478391 -78.225878 -78.891954 -69.307259 -77.929375 -89.355447 -80.559411 -75.873992 -74.048531 -98.501712 -88.963886 -84.146035 
-75.837440 -89.627094 -83.099922 -72.771146 -98.268685 -68.882381 -70.557445 -75.064974 -69.402649 -77.178489 -85.849199 -100.603564 -89.397634 -75.066007 -78.436576 -87.621607 -74.296359 -78.348254 -71.804254 -98.893067 -82.948019 -78.144666 -70.249397 -75.085764 -65.939944 -79.268980 -65.588834 -97.269292 -98.319667 
-75.544430 -90.415762 -77.692057 -72.997344 -99.978941 -73.080862 -76.129612 -74.749984 -95.088348 -75.928771 -87.853565 -68.602459 -89.525480 -79.039238 -97.878011 -88.733706 -81.076801 -71.160080 -72.161357 -68.553852 -71.680915 -87.761843 
-74.843125 -91.011976 -84.088710 -69.513412 -81.278560 -74.985585 -67.614458 -74.104560 -85.794557 -85.999601 -74.336355 -69.947435 -98.580994 -76.133201 -89.298662 -97.690672 -98.378662 -89.228507 -72.635607 -78.899406 -83.242955 -81.263423 -72.123447 -72.104478 -75.675800 -64.964614 -68.067557 -81.877439 
-75.681015 -72.970126 -78.519822 -83.662278 -77.928282 -73.362778 -84.834454 -73.761372 -68.394932 -81.029877 -81.287962 -90.801928 -67.329312 -78.680423 -90.078207 -98.906519 -78.452914 -90.394233 -68.716937 -81.045064 -96.839795 -65.352638 -86.233276 -76.054539 -87.654587 -79.921640 -94.111810 -78.435910 -78.686322 
-76.207576 -71.925417 -96.667084 -81.201347 -92.399096 -91.616883 -82.181038 -73.930707 -78.615521 -74.557069 -73.842386 -94.305860 -93.432049 -70.253614 -73.292089 -89.394209 -97.286627 -76.018240 -68.131750 -95.516602 -92.560386 -79.286164 -92.879830 
-76.996550 -71.395290 -72.348182 -85.289386 -90.168597 -88.704005 -80.077993 -95.525902 -74.273753 -72.176450 -71.844576 -92.447728 -93.303575 -94.349326 -72.313612 -69.699403 -79.727867 -79.578584 -70.407049 -73.522997 -67.830381 -89.654221 -88.699270 -74.232853 -78.767130 -79.802432 -76.900913 -75.041682 -78.279123 -75.507219 -81.368902 -73.706243 -71.263486 
-77.585720 -71.480972 -83.855923 -68.615083 -97.070275 -90.598468 -79.966432 -72.413652 -96.702458 -72.003485 -71.568494 -92.588428 -69.845707 -74.869760 -90.738520 -78.535096 -92.866169 -96.728218 -78.026050 -68.540825 -74.986202 -87.986512 -76.685961 -85.418321 -79.710174 -80.168019 -73.176732 -97.298335 -69.928992 -74.759389 
-76.797817 -80.441314 -85.952357 -78.711252 -78.338464 -89.885818 -88.248909 -66.600762 -72.600771 -72.907608 -70.593629 -94.495116 -85.525607 -65.457550 -92.463847 -85.023247 -94.268935 -82.827963 -81.533067 -69.977961 -79.092391 -82.569100 
-76.484704 -70.837586 -68.254205 -86.663930 -95.786853 -70.652043 -85.072857 -68.125950 -78.969257 -72.890900 -79.772792 -95.404705 -68.656091 -78.012300 -92.531406 -85.201748 -74.199791 -75.652911 -91.280578 -78.206008 -85.636281 -76.010119 -78.528761 -72.228907 -73.881364 -73.236756 -82.984247 -96.828067 -83.269246 -83.746696 -71.048965 
-75.825666 -85.012885 -70.675346 -91.957287 -94.929981 -72.195770 -86.719046 -70.033577 -71.331165 -74.353494 -94.434817 -95.134727 -68.025953 -88.663198 -86.704705 -79.059401 -72.258745 -79.754707 
-76.087649 -82.886679 -70.549375 -79.724789 -93.423000 -69.497377 -66.567096 -86.937218 -76.970226 -73.244329 -93.197205 -93.552763 -71.831452 -74.409042 -94.062396 -82.068728 -71.106850 -90.739152 -97.608971 -83.213803 
-76.719545 -74.698147 -79.053492 -83.826454 -92.404705 -92.560191 -73.460212 -79.724262 -92.471044 -73.121320 -76.009968 -80.625123 -71.765019 -94.221063 -66.925307 -64.714986 -73.288948 -78.546335 -77.405024 -84.561367 -90.104763 -75.984008 -78.242174 -80.163451 -81.660650 -90.731671 -84.079379 
-76.350104 -82.824330 -95.996328 -94.594647 -90.808548 -97.061429 -69.857371 -83.523978 -91.285066 -74.065147 -84.097156 -93.460367 -70.373038 -72.808384 -80.273405 -67.957804 -75.697204 -67.638589 -75.817541 -96.788718 -83.416191 
-75.294215 -75.356571 -92.850497 -91.643773 -91.956145 -94.607367 -71.883382 -78.570622 -68.190594 -74.152313 -93.300439 -92.968346 -70.357529 -74.310111 -68.895827 -78.875599 -80.679543 -70.689839 -69.234165 -66.099788 -82.011328 -66.110574 
-75.258843 -76.401620 -91.171322 -74.702159 -68.267126 -98.909225 -64.919304 -100.032176 -72.738814 -74.441799 -92.609857 -91.087655 -69.436110 -77.436120 -69.756361 -76.376727 -71.883387 -72.002667 -76.207507 -79.463742 -77.651458 -70.159946 -74.071681 -66.800335 -76.765536 
-75.511537 -77.115706 -91.126929 -78.889726 -72.070763 -96.356628 -90.321729 -83.456685 -97.483918 -74.295078 -93.577331 -91.031356 -82.643197 -73.542800 -67.477395 -81.037374 -77.826604 -78.602193 -69.233052 -84.513386 -94.589916 -73.121155 -99.854341 -80.333656 -81.125028 -78.926067 -75.418611 
-75.825903 -71.435247 -92.671496 -88.089287 -88.925030 -94.888009 -81.338697 -74.312125 -67.026569 -67.613913 -93.582553 -73.581494 -66.723994 -85.345133 -97.559915 -71.571681 -67.821932 -84.597653 -70.398563 -77.937620 -97.805397 -93.055814 -70.809050 -77.588590 -88.272044 -79.962742 -69.154351 -81.336502 -98.601761 -70.548879 -92.877521 -79.426191 -89.337711 -70.922311 -67.867697 
-77.342676 -89.398101 -77.809472 -78.352662 -74.138791 -94.069745 -83.448928 -65.512785 -89.087009 -69.173278 -94.005362 -74.431378 -73.885619 -74.522918 -70.835932 -92.352949 -75.137221 -94.929987 -85.397263 -76.149418 -80.507668 -79.097385 -74.981607 -74.484825 
-84.091023 -76.713983 -84.560228 -78.236289 -76.953061 -92.989594 -70.054738 -77.632679 -73.459708 -73.170107 -95.106187 -75.039188 -95.341854 -90.661045 -77.247891 -89.232101 -83.986409 -94.737666 -65.903812 -68.813789 -65.601407 -87.330684 -93.806163 -86.065940 -72.141785 -84.452808 
-92.579136 -95.615078 -76.464934 -77.712063 -65.388310 -92.060125 -76.319840 -74.215629 -76.421472 -74.787018 -92.816672 -76.659423 -78.868987 -84.880915 -76.211731 -67.540381 -70.304587 -87.352090 -69.810311 -71.052639 -99.158494 -66.740156 -84.029204 -72.411020 -79.473967 -70.074381 -83.188754 -77.230061 -91.469360 
-81.819990 -80.118000 -76.649383 -93.468319 -66.393385 -94.016680 -73.822217 -74.056583 -90.057598 -72.212109 -95.755957 -73.333752 -66.437874 -82.736244 -77.329138 -68.172547 -92.700390 -90.860184 -88.090117 -76.029895 
-78.903289 -73.952252 -86.995842 -92.667476 -68.223936 -93.819536 -74.670402 -74.234047 -74.431566 -75.898576 -94.749424 -69.859173 -71.855410 -84.412024 -69.481485 -91.493920 -71.515766 -80.322711 -72.205445 -77.766877 -73.030154 -67.013661 -73.968868 -76.454670 -83.742750 -93.388974 -85.459036 -82.797951 -77.904688 -86.240401 -73.611492 -93.308543 -77.853774 -72.159775 -77.224589 -69.826915 -81.310582 -81.044545 -96.355159 
-74.475823 -72.462521 -90.574103 -93.766264 -90.331622 -92.456243 -70.536921 -80.031192 -94.807863 -76.229309 -94.532743 -71.103225 -79.767146 -94.885176 -75.472386 -86.977880 -74.135513 -78.772005 -76.540449 -67.868145 -73.465649 -77.669152 -69.803914 -91.780681 -78.584539 -87.223442 -66.548448 -90.779120 
-84.777443 -70.804943 -77.728613 -93.174373 -78.190130 -93.915424 -75.137582 -80.003898 -82.076578 -76.440225 -94.978275 -70.858356 -74.689210 -78.511185 -69.008992 -73.988438 -77.163198 -79.625734 -77.861024 -82.998602 -95.253738 
-73.627794 -78.325383 -78.069717 -92.725942 -80.554560 -93.664986 -74.040503 -67.345175 -70.766911 -76.448882 -94.022042 -72.349985 -77.533464 -94.708142 -74.232562 
-66.123139 -70.710737 -72.754453 -93.367447 -85.248826 -86.047719 -74.162889 -76.129688 -95.038877 -76.148206 -94.073100 -73.571333 -80.176193 -85.585005 -84.623726 
-81.172848 -85.282448 -74.559353 -93.417200 -68.123271 -71.709804 -74.383961 -72.003948 -95.452756 -74.831747 -95.672093 -84.703268 -76.458999 -69.231602 -86.415660 -69.927250 -69.394453 -83.989660 -90.738547 -97.034446 -72.994677 -68.988011 -93.659833 -92.627297 
-72.717446 -72.687411 -95.617706 -70.378509 -67.711853 -83.963364 -73.669851 -76.598471 -95.682548 -76.413282 -94.106127 -77.122831 -83.763390 -72.180876 -83.904691 -72.462305 -89.732209 
-77.020880 -82.395776 -78.917820 -81.645098 -80.932953 -70.719813 -90.955617 -95.570134 -95.191627 -76.959101 -72.918136 -73.345929 -82.391022 -75.359674 -81.081497 -76.057615 -91.378119 -94.764372 -66.098387 -79.846479 -67.786787 -70.619019 -75.804257 -73.186004 
-77.068277 -76.367137 -75.510693 -81.721124 -66.900341 -72.426529 -72.433293 -96.393803 -95.757118 -77.047963 -67.633894 -73.151698 -95.601797 -74.681536 -97.523824 -73.607399 
-77.172589 -76.320133 -75.840339 -95.583308 -70.576169 -75.517750 -74.236605 -96.301464 -96.185908 -76.805099 -67.446933 -64.764750 
-69.965710 -77.882084 -74.506091 -96.262804 -70.290917 -72.114687 -72.457689 -96.296350 -96.328299 -77.139103 -66.994567 -78.565195 -68.331797 -68.107024 
