  1   7
  1   8
  1   2
  2   8
  2   9
  2   3
  3   9
  3  10
  3   4
  4  10
  4  11
  4   5
  5  11
  5  12
  5   6
  6  12
  6  13
  7  17
  7  18
  7   8
  8  18
  8  19
  8   9
  9  19
  9  10
 10  11
 11  20
 11  12
 12  20
 12  21
 12  13
 13  21
 13  22
 14  23
 14  15
 15  23
 15  24
 15  16
 16  24
 16  25
 17  26
 17  27
 17  18
 18  27
 18  28
 18  19
 19  28
 20  29
 20  30
 20  21
 21  30
 21  31
 21  22
 22  31
 23  32
 23  33
 23  24
 24  33
 24  34
 24  25
 25  34
 25  35
 26  37
 26  38
 26  27
 27  38
 27  39
 27  28
 28  39
 29  40
 29  30
 30  40
 30  41
 30  31
 31  41
 31  42
 32  33
 33  43
 33  34
 34  43
 34  44
 34  35
 35  44
 35  45
 35  36
 36  45
 36  46
 37  58
 37  59
 37  38
 38  59
 38  60
 38  39
 39  60
 40  61
 40  62
 40  41
 41  62
 41  63
 41  42
 42  63
 43  44
 44  64
 44  45
 45  64
 45  65
 45  46
 46  65
 46  66
 46  47
 47  66
 47  67
 47  48
 48  67
 48  68
 48  49
 49  68
 49  69
 49  50
 50  69
 50  70
 50  51
 51  70
 51  71
 51  52
 52  71
 52  72
 52  53
 53  72
 53  73
 53  54
 54  73
 54  74
 54  55
 55  74
 55  75
 55  56
 56  75
 56  76
 56  57
 57  76
 57  77
 57  58
 58  77
 58  78
 58  59
 59  78
 59  79
 59  60
 60  79
 60  80
 61  81
 61  82
 61  62
 62  82
 62  83
 62  63
 63  83
 64  65
 65  84
 65  66
 66  84
 66  85
 66  67
 67  85
 67  86
 67  68
 68  86
 68  87
 68  69
 69  87
 69  88
 69  70
 70  88
 70  89
 70  71
 71  89
 71  90
 71  72
 72  90
 72  91
 72  73
 73  91
 73  92
 73  74
 74  92
 74  93
 74  75
 75  93
 75  94
 75  76
 76  94
 76  95
 76  77
 77  95
 77  78
 78  96
 78  79
 79  96
 79  80
 81  97
 81  98
 81  82
 82  98
 82  83
 84  99
 84  85
 85  99
 85 100
 85  86
 86 100
 86 101
 86  87
 87 101
 87 102
 87  88
 88 102
 88 103
 88  89
 89 103
 89 104
 89  90
 90 104
 90 105
 90  91
 91 105
 91  92
 92  93
 93  94
 94  95
 97 106
 97 107
 97  98
 98 107
 98 108
 99 100
100 101
101 102
102 103
103 104
104 105
106 109
106 107
107 109
107 110
107 108
108 110
108 111
109 113
109 110
110 113
110 114
110 111
111 114
111 115
111 112
112 115
112 116
113 114
114 118
114 115
115 118
115 119
115 116
116 119
116 120
116 117
117 120
117 121
118 119
119 123
119 120
120 123
120 124
120 121
121 124
121 125
121 122
122 125
122 126
123 124
124 128
124 125
125 128
125 129
125 126
126 129
126 130
126 127
127 130
127 131
128 132
128 129
129 132
129 133
129 130
130 133
130 134
130 131
131 134
131 135
132 136
132 133
133 136
133 137
133 134
134 137
134 138
134 135
135 138
135 139
136 140
136 141
136 137
137 141
137 142
137 138
138 142
138 143
138 139
139 143
140 144
140 145
140 141
141 145
141 146
141 142
142 146
142 147
142 143
143 147
143 148
144 149
144 145
145 149
145 150
145 146
146 150
146 151
146 147
147 151
147 152
147 148
148 152
148 153
149 150
150 156
150 151
151 156
151 152
152 157
152 153
153 157
153 158
153 154
154 158
154 159
154 155
155 159
155 160
157 164
157 165
157 158
158 165
158 166
158 159
159 166
159 167
159 160
160 167
160 168
160 161
161 168
161 169
161 162
162 169
162 170
162 163
163 170
163 171
164 165
165 166
166 167
167 172
167 168
168 172
168 173
168 169
169 173
169 174
169 170
170 174
170 175
170 171
171 175
171 176
172 173
173 177
173 174
174 177
174 178
174 175
175 178
175 179
175 176
176 179
177 180
177 181
177 178
178 181
178 182
178 179
179 182
179 183
180 181
181 184
181 182
182 184
182 185
182 183
183 185
184 185
