-71.543434 -83.800931 -79.218031 -75.350019 -74.589010 -92.114918 -71.021160 -87.119225 -79.695207 -77.997890 -79.718534 -78.851618 -80.089079 -79.009879 
-96.042549 -80.709859 -71.302250 -92.591466 -93.465420 -78.600063 -82.155894 -76.764961 -83.712462 -75.997495 -93.013810 
-77.040188 -84.689894 -76.232289 -83.048634 -90.276164 -89.910969 -88.684850 -90.922526 -87.711524 -80.565510 -70.390550 -86.806356 -85.183219 -80.915443 
-86.542717 -79.239598 -77.867813 -78.463958 -84.095818 -77.844955 
-88.265680 -87.881878 -77.710866 -90.934119 -75.726148 -68.259252 -93.778532 -89.046048 -83.371164 
-70.447975 -72.966939 -88.893370 -80.110338 -70.099884 -86.814215 -81.348378 -80.436302 -80.638165 -73.978264 -72.284258 -69.331140 -83.803511 
-70.332758 -92.870316 -96.290236 -76.601352 -93.501343 -87.245636 -80.289733 -78.844651 -77.671579 -89.558749 -79.744918 -82.828427 -81.223469 -69.894175 
-73.832092 -87.460706 -79.544984 -79.436698 -70.106741 -96.127313 -87.811881 -81.734070 -79.028986 -92.146989 -95.605559 -76.565594 -80.387510 -77.621811 -79.652082 -87.037534 -83.457489 
-79.255954 -95.927907 -89.261939 -88.767895 -78.923918 -95.791518 -82.324250 -76.124933 -83.211460 -80.746007 -92.427955 -87.196972 -78.154440 -87.267855 -78.503340 -70.535600 -81.611345 -95.458532 
-93.833946 -80.499217 -85.109212 -79.736777 -87.657097 -75.495190 -93.970424 -75.199164 -95.085750 -79.296869 -76.814835 -84.043708 -75.010008 -94.950380 -69.124983 -75.728715 -81.481958 -71.950854 
-69.202242 -70.565354 -89.756377 -96.545016 -80.221732 -69.547146 -78.003024 -85.609601 -74.348580 -90.754074 -72.096204 -69.596824 -92.143228 -75.793463 -78.309717 -90.908952 -88.707092 -96.099693 -82.968708 -79.233198 -79.160618 -76.839211 -81.872483 -79.533214 -83.697217 -68.157456 -79.476404 -82.327794 
-91.395012 -75.511206 -70.133152 -87.645773 -87.304620 -83.770714 -71.491517 -73.461225 -70.435489 -86.611724 -80.584534 -83.834513 -83.053427 -93.684570 -71.563737 -76.680248 
-82.941922 -88.390010 -76.720885 -87.680701 -92.046670 -68.595522 -80.380586 -97.245628 -94.092382 -92.374232 -73.162008 -75.529286 -80.008992 -81.342260 -79.684909 -78.301736 -96.504218 -92.283854 -74.633214 -88.378418 -75.298127 -75.314825 -79.698343 -82.357199 
-90.955543 -79.497641 -74.111616 -71.635365 -75.623060 -79.157192 -93.699496 -79.759340 -79.002619 -72.137438 -93.034516 -87.155018 -78.422330 -80.319405 
-71.216219 -90.083476 -83.610133 -95.316119 -82.374438 -73.714371 -80.020569 -78.700326 -78.735113 -92.110177 -82.219757 -83.541554 
-89.887658 -72.423464 -69.267186 -96.624127 -94.289489 -83.261736 -94.078900 -87.841290 -77.651231 -86.721606 -80.756662 -79.473784 -69.369929 -90.123127 -94.559461 -71.954424 -86.063065 -83.786484 
-94.499883 -90.221382 -90.681550 -72.200246 -92.550363 -79.768778 -76.419743 -75.341101 -92.083338 -72.141329 -82.162341 -86.074234 -79.877364 -85.352595 -85.127442 -91.281678 -88.693816 -75.281330 -79.474894 
-94.833647 -95.196133 -82.641304 -94.719854 -90.383101 -86.247491 -75.627580 -83.361563 -89.578546 -91.338565 -80.388960 -79.286593 -76.693208 -79.387477 -71.125781 -95.053075 -70.522547 -75.176704 -69.178681 -83.606607 -81.218468 -79.684393 -69.640968 -79.770925 -72.764865 -82.320184 -77.993413 -75.828987 -89.979745 -74.246574 -78.736879 
-74.407272 -74.081732 -81.206499 -74.738562 -82.835671 -77.613599 -96.964143 -82.807076 -90.605098 -80.006434 -82.589085 -77.916777 -87.823152 -96.456302 -69.180056 -73.916560 -97.805694 -73.481917 -96.708376 -92.481511 -69.474294 -71.281411 
-92.476587 -76.124393 -93.759213 -89.542225 -94.973118 -79.093660 -81.951986 -71.324269 -93.615968 -81.226513 -80.667645 -77.943515 -79.615435 -80.000339 -82.647601 -84.625415 
-71.505247 -70.439587 -88.842807 -95.224305 -74.569833 -78.829938 -92.222324 -69.747611 -79.365627 -96.626068 -76.732134 -88.226791 -84.011690 -82.824938 -93.848525 -68.527186 -83.532842 -79.086992 -76.905262 -83.634101 -79.239342 -80.916024 -76.296493 -68.792135 -79.245527 -79.080754 -76.263612 -73.950730 -97.222559 -87.518160 -78.850605 -74.880259 
-75.269651 -78.043291 -73.140235 -87.162728 -75.225681 -80.301855 -76.169231 -81.630501 -94.080711 -89.386402 -79.440026 -88.560301 -97.152942 -89.421250 -90.171534 -84.998715 -91.096722 -73.528712 -95.775099 -76.578907 -89.733548 -78.755211 -83.628104 -82.102989 -78.881048 -79.362706 
-79.802348 -73.852688 -93.335216 -71.355556 -78.482520 -82.798481 -68.774542 -76.562809 -79.807342 -69.258006 -92.361456 -78.391098 -71.236339 -80.189764 -76.045270 -75.378977 -74.733184 
-90.497421 -92.112371 -78.701538 -69.682235 -75.150211 -68.566217 -79.193132 -83.920213 -79.669431 -75.900962 -94.734430 -95.747071 -76.463003 -74.286410 -74.145923 -74.586257 -89.316690 -87.560690 -95.675599 -97.705676 -90.323815 -75.063983 -75.884459 -79.087937 -82.661955 
-76.420522 -74.754664 -92.413391 -94.000362 -71.813628 -89.765791 -91.844045 -84.407918 -87.472805 -78.984600 
-87.685963 -75.596346 -87.033868 -89.155226 -84.201021 -84.718196 -90.386749 -96.956413 -91.685039 -75.443158 -77.938388 -68.548213 -78.659442 -81.559051 -95.720199 -69.226766 -78.984485 -76.354283 -71.716842 -74.624850 
-84.244311 -83.309479 -76.647787 -86.503726 -75.697729 -92.616824 -69.899426 -68.025756 -97.925832 -74.828637 -89.957328 -70.596593 -73.756276 -72.809286 -85.487052 -78.068364 -68.488634 -68.435079 -85.953973 -70.872849 -68.290239 -82.856468 -78.463613 -83.433250 -89.206339 -80.837719 -88.232551 -69.482723 -78.118798 -83.377440 -68.523624 -80.685911 -97.737157 -70.718113 -86.273082 -98.117268 
-75.339825 -71.995473 -77.561226 -88.493622 -76.009151 -78.951078 -79.337854 -83.848450 -83.612817 -68.502006 -88.054289 -92.543413 -74.700536 -80.383751 -78.491678 -71.975690 -78.923638 
-92.752793 -78.607153 -75.053445 -81.981566 -80.433389 -78.931310 
-90.662077 -83.801954 -93.298888 -74.326154 -69.841708 -96.674019 -84.421697 -83.215624 -75.773033 -79.670896 -88.309475 -83.186318 -83.224244 -81.973137 -75.954028 -78.641961 -72.782736 -96.695380 
-90.379395 -83.463956 -82.349831 -95.630645 -70.383847 -94.610509 -92.915145 -73.132518 -87.669611 -87.945562 -77.117667 -86.704555 -88.054166 -74.511412 -76.305895 -73.327828 -82.545482 -86.668909 -75.330159 -86.219342 -80.374130 
-84.895210 -83.770279 -79.232851 -92.506632 -87.168758 -88.606836 -79.442861 -71.224387 -89.002923 -95.005432 -70.386050 -83.669828 -82.858974 -84.008131 -86.249432 -82.648228 -85.877973 
-74.967502 -69.203471 -70.204556 -95.775884 -78.327964 -69.302958 -70.092233 -69.932978 -76.499442 -74.067792 -76.724680 
-68.977969 -76.500990 -75.094377 -79.677396 -92.910133 -79.270365 -81.984050 -76.202230 -75.402792 -78.839924 -79.548150 
-79.361504 -87.115075 -79.231462 -90.023329 -84.190874 -80.710750 -83.182929 -95.472081 -70.070513 -69.271367 -76.534504 -83.415228 -76.044415 -75.605480 -82.469816 -86.702790 -78.252923 -74.880700 -78.049186 -82.977630 
-94.529714 -97.009130 -72.182149 -81.752652 -90.957332 -73.375030 -92.607881 -80.552037 -69.511381 -87.043017 -80.455741 -83.677209 -72.451113 -79.321839 -80.322075 -69.890770 -78.855663 -86.449965 -88.571768 -69.324178 -84.781223 -95.571205 
-87.464603 -77.993755 -95.404832 -83.742190 -74.170389 -78.387019 -75.239203 -84.226914 -74.670827 -69.608114 -96.757501 -79.352409 -78.910009 -86.591732 -79.707196 -82.822261 -80.007324 -73.915021 -84.429448 -84.076506 -95.346331 
-79.574512 -83.016354 -94.855040 -78.766790 -93.346055 -81.607555 -71.638082 -95.922638 -71.612431 -68.581808 -69.293465 -95.401814 -74.742175 -78.849208 -89.877025 -79.682417 -80.149310 -80.432954 -94.959508 -72.016011 -80.789393 -86.987005 -87.400237 -83.214651 -82.520316 -70.656664 
-90.551010 -71.651426 -83.634471 -76.197206 -93.089278 -70.764739 -69.712718 -80.141608 -95.463857 -71.187249 -75.194344 -68.871833 -68.665949 
-80.810166 -86.691872 -72.563467 -74.754212 -93.295637 -73.478013 -92.750976 -78.153497 -90.976472 -77.562408 -87.355253 -87.522730 -78.724852 -95.827801 -94.445744 -91.624296 -69.113379 -89.006350 -94.605572 -93.916713 -92.123665 -72.258734 -80.654795 -69.946949 -83.907754 -94.777142 -90.554185 -97.376833 -72.584810 -95.005883 -88.694299 -79.240326 -89.247666 -83.385850 -93.232367 -73.583790 -69.501493 
-76.260151 -84.176498 -82.552180 -71.689564 -89.061248 -77.598881 -90.458872 -78.034660 -76.926343 -72.978209 -69.205910 -70.429468 -70.388244 -72.101958 -74.529400 -86.401497 -93.535909 -80.039035 -79.300200 -79.592536 -92.999474 -78.364431 -92.580647 -80.786193 -95.853903 -93.563662 -79.693964 -83.464864 -75.258052 
-79.025254 -84.141271 -75.970125 -89.364544 -75.407474 -70.120369 -88.685447 -82.754833 -80.338660 -93.447078 -70.158633 -95.833733 -76.137537 -75.457731 -93.656889 -84.523116 -82.695446 -90.566377 -84.994300 -68.119473 
-80.234668 -72.644004 -80.488907 -80.340837 -75.797080 -70.599572 -71.212450 -76.317925 -76.035040 -72.618835 -78.270542 -75.995118 -71.649116 -79.986700 -82.881891 -93.476944 -88.110285 -93.028154 -72.826148 -80.915507 -89.515472 -69.496044 -79.633713 -79.874074 -78.423720 -83.782134 -78.847071 
-69.143455 -84.329811 -94.577209 -79.689037 -83.101816 -91.182969 -79.953349 -80.267073 -95.296960 -78.683097 -89.896454 -75.012238 -68.963686 -73.472141 -87.556006 -94.880754 -83.288787 -70.742619 -78.510186 -83.877471 -83.946392 -73.704820 -70.150228 -97.348074 
-69.541428 -76.433190 -88.267062 -84.494214 -75.744962 -77.968254 -69.463817 -91.776296 -72.351282 -70.533565 -90.780018 -92.259191 -88.733740 -81.081532 -68.279758 -69.247199 -83.521670 -79.453940 -75.274720 -76.976636 -95.301930 -87.671963 -89.461771 -93.752582 -93.018828 -80.824898 -80.256880 -70.682967 
-69.726564 -92.661970 -79.380439 -80.190071 -75.626190 -91.705127 -88.527686 -96.521522 -87.924603 -71.031302 -74.895646 -80.307191 -76.927344 -75.591988 
-79.473739 -76.335240 -80.917877 -91.246224 -74.977320 -95.996593 -90.009705 -97.318260 -76.878185 -80.785094 -78.025615 -84.640263 -78.854423 -89.538793 -90.635540 -92.840218 -85.597028 -79.741026 -88.785565 -70.110531 -74.379238 -77.290351 -69.286642 -82.224172 -80.213017 -80.219467 
-81.341475 -75.104970 -90.061555 -81.993672 -96.208453 -85.353051 -88.751624 -70.121815 -68.255186 -79.480617 -93.953416 -73.980328 -76.367271 -94.468616 -94.395928 -81.378331 -93.601570 -78.467917 
-93.512404 -74.994096 -76.790616 -88.529553 -68.668076 -70.051718 -78.408503 -76.975224 -94.111049 -79.583146 -85.843034 -79.240322 -71.085583 -83.818178 -96.573041 -90.214913 -69.862798 -72.439713 -92.070145 -82.715291 -74.445745 -79.873858 -69.272229 -97.561556 -76.061280 -73.692781 -82.586856 -80.643535 -72.298914 -81.513101 
-73.225559 -95.072255 -73.652429 -79.106780 -73.808522 -81.306748 -72.039378 -78.943281 -92.643456 -69.687590 -93.833672 -73.501203 -76.763203 -68.975672 -89.624836 -76.965186 -82.184463 -79.809751 -98.063285 -87.353548 -89.839717 -70.913781 -95.721565 
-91.673214 -90.346539 -75.707591 -79.822577 -79.729958 -79.263858 -77.918645 -90.188939 -85.572373 -79.642545 -81.994477 -94.960278 -90.886051 -91.680476 -91.340803 -89.986531 -76.987200 -82.481746 -78.483805 -80.280011 -68.808450 -76.630675 -79.972701 -81.831764 -86.999435 -79.181338 
-88.956133 -81.922063 -91.672727 -95.115848 -78.644080 -93.822119 -97.475737 -77.823810 -94.241613 -86.420967 -84.155000 -88.074224 -86.460899 -84.410589 -96.607591 -74.268671 -78.298209 -79.870405 
-75.838988 -70.227502 -74.828574 -90.625301 -97.493909 -88.006189 -85.063124 -81.422562 -83.756385 -81.263317 -96.796213 -92.660739 -78.446120 -73.505977 -82.612716 -94.287655 -96.422529 -82.653147 -74.077625 -79.179610 -90.525395 -79.548528 -84.124675 -79.033001 -79.161637 -88.022474 -90.768289 -95.441754 
-75.257130 -85.593262 -80.002418 -90.207342 -86.670050 -92.696275 -69.030947 -94.169626 -92.924601 -78.843780 
-72.993412 -77.822050 -79.119650 -88.745726 -83.144508 -95.695087 -87.416565 -72.741241 -73.844976 -96.841122 -79.927735 -72.488461 -97.709712 -97.422391 -95.567589 -75.044001 -79.625293 -83.310246 
-76.150842 -83.348263 -69.534610 -72.870352 -79.654442 -71.456435 -91.284087 -77.125143 -94.521764 -79.930749 -79.896388 -76.963825 -97.112450 -83.884405 -95.716040 -73.116658 -77.373481 -95.917690 -83.255993 -82.847162 -79.858522 -91.867002 
-83.155741 -69.954267 -79.741419 -79.360831 -68.824089 -90.911936 -68.835278 -96.062112 -92.941970 -80.623526 -69.179416 -79.801138 -78.954862 -75.541900 -91.003339 -92.014679 -94.894830 -83.568001 -89.792906 -79.129968 -83.126049 -80.509397 -77.912081 -87.259447 
-94.342356 -76.588549 -94.301232 -70.898419 -72.750588 -68.582275 -81.116362 -96.924047 -91.463919 -82.942682 -97.172869 -83.278836 -82.635913 -84.264517 -77.618399 
-91.040576 -75.076347 -93.670563 -90.025833 -69.812446 -88.739247 -80.299010 -81.952700 -84.204535 -72.918856 -76.047047 -81.441672 -78.890092 -86.890543 -76.386946 -72.990079 -72.567738 -95.706971 -89.853647 -69.275929 -87.123105 -79.367873 -79.193654 -81.848735 -86.936912 -80.345910 -89.347959 -79.898691 -76.789322 -80.714607 
-88.101476 -76.685944 -73.873496 -69.430393 -84.413756 -94.800412 -96.253204 -94.892114 -96.897581 -93.806861 -74.950704 -82.778102 -79.687682 -85.828539 -77.051072 
-83.205872 -94.895125 -91.636501 -69.060753 -72.652377 -76.321383 -68.817417 -77.441361 -73.354562 -72.431658 -74.412363 -95.960169 
-97.047935 -73.801954 -78.825525 -96.500761 -89.031588 -90.854742 -76.072445 -79.685492 -75.201300 -75.491492 -88.360246 -80.754080 -79.491088 -95.047134 -69.733050 -75.366870 -79.008388 -79.443628 -89.859679 -73.965592 -77.041056 
-79.955877 -69.549603 -96.192431 -75.608942 -82.647366 -93.707369 -83.300459 -69.306418 -69.179305 -76.529105 -96.905296 -89.557426 -87.237742 -70.673201 -74.319437 -88.428838 -94.246862 -70.538305 -78.449322 -83.518245 -95.411915 -81.477871 -93.930472 -83.550932 
-75.980012 -89.088694 -79.084659 -91.227166 -72.035838 -95.365920 -83.546708 -68.838785 -89.631723 -71.886716 
-70.154275 -90.392690 -75.571724 -94.218103 -92.000912 -72.729539 -73.999360 -76.211875 -88.079626 -85.582600 -94.811617 -83.094249 -93.715229 -91.885995 -86.580100 -82.423870 -93.510809 -74.920709 -88.609030 -68.986766 -70.687791 -69.421551 -80.723323 -84.306056 -96.499805 -77.556921 -69.268866 -77.257370 -91.525933 -93.414132 -89.186783 -84.150083 -85.274022 -77.687224 -68.611288 -68.939266 -77.529557 -80.867197 -97.182042 -89.307884 -75.988132 -81.396297 
-79.481134 -84.912311 -69.969776 -69.776888 -75.143265 -88.007330 -87.748545 -78.288326 -78.238704 -90.050163 -81.955304 -80.321092 -89.418915 
-88.276193 -79.687898 -97.345927 -80.720511 -77.965372 -77.899065 -75.374878 -79.977879 -68.468543 -78.101099 -70.475065 -87.456297 -78.267072 -72.432992 -73.225102 -77.105746 -74.265468 -84.675961 -83.170608 -74.235745 
-91.763787 -92.846226 -94.583204 -76.177828 -89.065631 -69.671681 -79.422875 -72.378801 -69.727910 -74.629695 
-69.131869 -73.303531 -83.581157 -94.579500 -80.301617 -87.979929 -79.124045 -70.130556 -70.428586 -77.027238 -70.514672 -85.293668 -82.065656 -77.732134 -82.930699 -72.072565 -78.070662 -96.078961 -83.666193 -83.043381 -79.265376 
-75.693274 -73.495058 -79.339499 -72.771767 -70.918507 -72.523283 -83.867632 -83.830065 -91.796426 -93.304167 -85.005099 -97.215101 -96.699683 -69.827428 -95.541178 -83.965083 -95.889382 -97.814909 
-91.111750 -96.434054 -79.219346 -80.973515 -93.687488 -79.559806 -74.455233 -73.887385 -96.522231 -77.514552 -95.263072 -83.114798 -76.375518 
-74.473152 -81.106177 -79.356085 -85.631774 -68.768639 -83.224769 -80.411355 
-89.443349 -96.055340 -79.901943 -90.444673 -75.820123 -78.849207 -96.928597 -68.989374 -73.196381 -94.016071 -70.385656 -92.722638 -97.334513 -89.623424 -80.258491 -75.020280 -80.105210 
-94.477654 -95.878397 -87.134115 -74.721097 -82.532720 -94.010123 -76.072271 -91.560587 -87.014712 -81.100013 -78.447920 -88.667780 -69.868489 -69.461783 -79.932159 -78.879145 -80.890512 -92.739701 
-70.019272 -78.528453 -91.284805 -82.211508 -80.653884 -68.868423 -73.322901 -79.963863 -75.891374 -85.525618 -76.196426 -71.930195 -69.047225 -81.512855 -78.910461 -79.986291 
-75.074888 -86.945503 -85.381311 -89.124815 -70.485569 -95.808560 -76.521924 -77.319586 -79.740816 -83.041205 -75.815499 
-74.353118 -88.374788 -81.679139 -90.235614 -73.285285 -69.154908 -80.470183 -89.985821 -80.360806 -76.575560 
-84.563783 -89.284124 -70.246275 -80.850951 -85.534018 -91.455567 -91.051063 -80.305237 -67.992822 -77.047550 -90.490226 -68.254728 -94.440954 -77.707106 -79.384415 -85.233494 -71.167452 -78.467525 -90.697325 -69.789033 -82.263092 -81.616706 -79.514469 -84.055226 -90.339995 
-81.404410 -90.738907 -69.866607 -89.521930 -93.663810 -71.931013 -93.059583 -96.554151 -73.870024 -93.402797 -68.483491 -88.686383 -92.249236 -89.593394 -69.736062 -96.124737 
-78.898081 -73.533871 -77.319006 -75.144323 -81.462527 -69.492317 -81.198839 -75.575461 -92.076201 -88.058821 -82.403829 
-83.811311 -88.007090 -75.360414 -70.827628 -79.358631 -80.232899 -82.812282 -86.606773 -69.179617 -82.818130 -83.312917 -95.359857 -78.223772 
-79.507481 -84.979301 -93.802705 -75.561032 -80.998709 -85.658225 -79.477065 -74.912318 -79.738911 -79.295128 -83.750846 -80.640065 -76.010766 
-95.037534 -79.424764 -74.084117 -68.820403 -76.240853 -69.264200 -76.309902 -69.812559 -70.954648 -82.538794 -73.036010 -70.088869 
-74.919711 -80.363446 -79.315940 -68.580768 -88.489461 -88.222552 -79.484226 -76.440096 -71.818665 -69.038709 -75.329409 -78.078597 -72.552096 -81.427686 -72.685548 -81.587936 -86.887532 -69.882154 -69.336615 -79.060686 -78.344064 -68.527805 -81.650510 -69.712544 -88.017545 -96.765873 -72.983659 
-83.633033 -87.380242 -97.008952 -73.016193 -90.500640 -85.675965 -96.487020 -91.815414 -85.035588 -74.357778 -80.044162 -74.475494 -77.573303 -69.345786 -73.305818 -83.746044 -68.167457 -70.862822 
-86.644369 -76.255109 -71.181960 -93.737799 -76.645576 -89.260089 -80.837312 -68.535366 -79.779936 -76.874445 -85.755429 -84.689698 -80.728601 -74.932124 -89.038793 
-94.060818 -69.661066 -78.835594 -80.517587 -88.170021 -97.200505 -77.833057 -79.124126 -71.142458 -88.320049 -69.799387 -82.929847 -79.329071 
-92.857966 -97.122777 -76.147294 -89.805953 -70.398736 -90.984079 -80.479461 -78.525993 -80.595264 -80.073363 -93.262443 -78.571536 -90.689322 -90.125907 -70.695188 -74.423722 -89.731904 -97.802914 -93.193218 -70.382914 -77.912354 -80.324394 -80.177313 -97.659660 -68.491753 -69.568060 
-90.828755 -92.949991 -89.452063 -87.234533 -80.399530 -79.176823 -84.109070 -75.852873 -80.082869 -87.507026 -74.077824 -78.324435 -81.250010 -78.607420 -87.630580 -73.725779 -86.771830 -73.738617 -97.475242 -68.929298 -91.393564 -80.239635 -79.866186 -96.661783 -78.083689 -80.682887 -87.449307 -93.342287 -76.826849 -88.010145 
-75.903521 -93.392512 -68.723577 -96.229438 -77.996937 -79.600344 -77.938280 -85.707370 -69.596669 -73.626336 -90.813750 -78.946253 -76.503591 -73.156253 -69.189755 -76.967204 -71.265338 -76.155935 -92.660394 -84.707221 -87.759158 -79.656301 -72.741600 -80.035809 -70.094969 
-86.584328 -83.858284 -89.364804 -76.618611 -92.636637 -86.235951 -75.087190 -80.912494 -70.196614 -89.972859 -92.304662 
-94.560013 -68.470693 -80.442731 -74.755488 -94.564752 -75.311899 -79.837064 -78.797885 -79.277583 -91.684236 -72.588804 -81.601691 
-97.267447 -75.228390 -92.783244 -69.470266 -91.034374 -85.732833 -97.939359 -91.368340 -68.882047 -93.174447 -78.794904 -89.549171 -79.238511 -72.836274 -94.445720 -84.367749 
-69.210604 -78.496146 -87.959520 -94.040498 -95.207821 -74.491742 -77.119800 -82.427413 -78.570361 -84.706320 
-84.270988 -78.584006 -78.221967 -69.492229 -98.049230 -81.264454 -78.888908 -78.443502 -90.853870 -90.716034 -93.606736 -95.564677 -76.855017 -93.315210 -75.836563 -81.778497 -79.509711 -79.038526 -79.396814 -68.964168 -81.453423 -79.991108 -77.708403 -84.797141 -79.833597 
-69.083069 -82.851731 -73.973823 -78.271718 -78.340728 -78.182970 -95.327104 -71.380828 -95.317986 -77.878295 -87.974080 -94.120820 -79.491649 -72.783575 -72.203722 -95.190542 -86.170895 -86.548615 -82.669591 -79.790629 -72.674900 -70.807116 
-70.636493 -69.495473 -88.905945 -94.981672 -79.541306 -86.306073 -80.160007 -76.425759 -95.532245 -75.360736 -69.194732 -84.866944 -78.656445 -76.170513 -70.161921 -79.530486 -79.603234 
-90.186862 -71.318296 -70.196516 -68.929335 -68.912527 -79.815618 -82.967857 -94.711871 -82.512799 -80.606138 -86.516977 -77.415427 -77.601038 -91.282168 -80.562735 -73.661505 -96.273764 -76.593947 -93.784348 -73.340737 -88.484220 -69.498822 -82.780362 
-75.285266 -92.208009 -78.574832 -78.187249 -79.088280 -96.077182 -73.237423 -70.164469 -93.850275 -95.085895 -71.184344 -90.220297 -84.985181 -73.987209 -95.864329 -76.865717 -75.145872 -79.076280 -76.634315 -91.329014 -79.980946 -96.089297 -73.987921 -79.407300 -84.149678 
-93.852952 -84.631606 -97.610646 -95.904596 -81.713348 -79.002396 -98.056239 -68.728247 -95.738753 -78.796425 -70.460843 -71.758877 -88.645728 -94.315581 -68.531825 -93.977557 -75.210973 -69.916206 -75.140881 
