0.000000 0.065805
0.000000 0.060803
0.000000 0.070914
0.000000 0.454232
0.000000 0.047407
0.000000 0.134558
0.000000 0.038179
0.000000 0.033409
0.000000 0.025937
0.000000 0.057879
0.000000 0.027521
0.000000 0.019170
0.000000 0.018453
0.000000 0.071651
0.000000 0.037434
0.000000 0.033932
0.000000 0.037248
0.000000 0.018472
0.000000 0.014967
0.000000 0.024518
0.000000 0.017806
0.000000 0.028816
0.000000 0.024206
0.000000 0.016377
0.000000 0.071669
0.000000 0.022807
0.000000 0.014659
0.000000 0.062295
0.000000 0.046857
0.000000 0.043783
0.000000 0.022857
0.000000 0.028240
0.000000 0.043882
0.000000 0.054109
0.000000 0.024710
0.000000 0.032644
0.000000 0.028090
0.000000 0.022210
0.000000 0.055359
0.000000 0.011107
0.000000 0.016917
0.000000 0.016499
0.000000 0.021028
0.000000 0.021942
0.000000 0.027715
0.000000 0.034261
0.000000 0.019766
0.000000 0.036229
0.000000 0.013988
0.000000 0.029729
0.000000 0.022532
0.000000 0.025171
0.000000 0.026365
0.000000 0.019153
0.000000 0.067030
0.000000 0.013976
0.000000 0.019628
0.000000 0.030255
0.000000 0.015802
0.000000 0.031977
0.000000 0.030403
0.000000 0.040567
0.000000 0.036662
0.000000 0.075716
0.000000 0.021328
0.000000 0.059251
0.000000 0.018464
0.000000 0.032940
0.000000 0.020779
0.000000 0.022795
0.000000 0.096072
0.000000 0.211059
0.000000 0.036366
0.000000 0.047076
0.000000 0.051726
0.000000 0.029308
0.000000 0.059270
0.000000 0.025586
0.000000 0.030167
0.000000 0.029049
0.000000 0.044870
0.000000 0.055858
0.000000 0.036036
0.000000 0.024181
0.000000 0.028872
0.000000 0.033164
0.000000 0.029152
0.000000 0.027357
0.000000 0.028833
0.000000 0.031606
0.000000 0.041471
0.000000 0.074175
0.000000 0.020466
0.000000 0.175135
0.000000 0.020581
0.000000 0.025045
0.000000 0.032280
0.000000 0.037542
0.000000 0.066133
0.000000 0.011789
