  0.266023 633.100122
  0.269010 664.194961
  0.264146 686.574276
  0.262924 590.291614
  0.281518 657.356687
  0.283928 628.222266
  0.277915 641.991262
  0.315839 650.922893
  0.299485 642.556018
  0.315884 631.604189
  0.319236 601.464422
  0.331087 630.648606
  0.340946 669.327005
  0.309447 590.601915
  0.319326 692.308786
  0.323009 677.790910
  0.325577 648.499727
  0.310963 658.631366
  0.300510 648.219336
  0.299231 633.156023
  0.295181 605.577575
  0.295907 631.091802
  0.274210 678.289131
  0.271877 623.868035
  0.275777 663.155723
  0.269432 612.155076
  0.275448 641.334171
  0.287237 653.764874
  0.286371 675.175349
  0.266288 665.758208
  0.258111 628.805109
  0.275036 622.776650
  0.270663 617.057209
  0.279948 632.164026
  0.294039 618.618286
  0.294873 618.797576
  0.292852 665.537783
  0.295691 612.637490
  0.294696 645.616640
  0.294597 621.911901
  0.303702 638.803445
  0.312153 636.071858
  0.314650 605.646363
  0.329976 678.337809
  0.322628 632.696898
  0.332458 672.514969
  0.342222 626.148173
  0.319289 640.219475
  0.302843 640.272629
  0.286460 640.069659
  0.297239 663.750437
  0.321984 698.462808
  0.308740 621.478246
  0.320325 617.607065
  0.307885 604.010919
  0.301383 632.985903
  0.309803 635.645284
  0.317541 634.189068
  0.312400 634.546511
  0.291944 640.650387
  0.290347 612.530156
  0.297546 655.451613
  0.308489 637.124685
  0.309349 654.124374
  0.307349 673.344989
  0.307256 675.989548
  0.290843 655.019873
  0.270712 646.404413
  0.289304 620.038241
  0.284521 641.593516
  0.266443 646.447113
  0.269108 662.427164
  0.260728 680.552164
  0.249731 602.190253
  0.251417 604.369058
  0.252038 645.367590
  0.255790 656.712639
  0.265198 666.834713
  0.265302 602.781593
  0.270209 666.161990
  0.282132 622.438564
  0.273029 608.839609
  0.296698 648.856841
  0.294698 618.088084
  0.295230 687.502572
  0.293923 604.328589
  0.300683 618.480839
  0.306560 647.065404
  0.294124 597.360804
  0.288062 610.196377
  0.274254 597.940987
  0.269926 629.617142
  0.279391 667.815991
  0.271470 659.417975
  0.277189 645.359882
  0.271899 647.718111
  0.285515 605.932178
  0.282336 636.292153
  0.283669 646.745646
  0.287690 655.363515
