1.122620 1.423724
1.211040 2.334704
1.302385 5.184082
1.269145 2.063151
1.177345 4.752022
1.029047 2.083449
1.043680 2.938858
1.296470 1.664509
1.067136 2.091695
1.339007 1.512101
1.053753 1.249751
1.138313 3.331139
1.124988 2.296611
1.078465 2.247269
1.049990 3.764618
1.344433 4.354592
1.356831 1.357200
1.266052 1.543697
1.141547 2.276050
1.155469 3.990362
1.270359 2.683897
0.969991 3.657089
1.157385 3.369667
1.137333 2.557798
1.378473 1.355265
1.221355 1.609910
1.317245 1.801620
1.274311 2.349343
1.309503 1.069075
1.125110 3.188519
0.983666 2.240936
1.179299 2.855651
1.216402 1.846826
1.328997 1.509130
1.442458 2.916093
1.358091 3.843330
1.311833 1.094236
1.343459 3.500383
1.434102 1.588087
1.370129 4.090578
1.380131 1.696097
1.226011 1.319323
1.391798 2.949823
1.278073 0.738638
1.238264 0.968572
1.437143 3.843597
1.438496 1.699345
1.317616 0.958567
1.242141 1.554548
1.292980 3.199287
1.165731 1.921060
1.378406 3.565076
1.282611 1.388709
1.382142 1.489539
1.005111 1.299169
0.938644 2.095763
1.147751 5.586789
1.126657 1.028558
1.172433 2.242952
1.069839 3.326681
1.105555 2.805064
1.146591 1.637709
1.222804 2.757444
1.241219 0.958301
1.201507 5.151648
1.264087 1.484050
1.221000 1.619448
1.245444 2.084238
1.305036 1.439947
1.431132 2.344168
1.242443 1.413515
1.140923 2.014828
1.076918 1.323721
0.921649 2.034135
0.984728 1.615315
1.073149 2.903205
1.138705 1.903253
1.331257 2.775012
1.260332 3.456294
0.868124 2.079103
1.016474 2.601028
0.938636 2.344662
1.061784 1.240169
1.222123 1.092058
1.185698 2.471199
1.245057 2.502136
1.313048 3.483184
1.115251 2.953417
1.127170 2.107433
1.385242 1.483539
1.308750 2.279184
1.336440 2.114645
1.013807 1.360206
1.073681 6.373763
0.788946 1.813495
1.119244 4.921986
1.235162 2.348224
1.261986 1.440225
1.183757 3.254934
1.279004 1.995997
