1.181472 0.885443 0.897720 1.098413 0.862967 1.040199 0.971478 0.973393 1.043606 1.086365 1.110733 1.166789 1.108498 1.239664 
1.001486 0.931870 1.150916 1.062454 1.149040 1.129280 0.813122 0.999575 1.203379 1.104647 1.111502 
0.949068 1.031543 1.102863 0.986709 1.045815 1.061023 1.190829 1.081922 0.861947 0.932007 1.169397 0.987545 0.835137 0.903882 
1.075656 1.116669 1.133962 0.845655 0.867834 1.245716 
0.951542 1.038896 1.012141 0.976088 1.042226 1.089373 1.040628 1.205812 0.806631 
1.104730 1.032954 0.980758 0.871795 1.120450 0.858951 0.990571 0.832025 1.044894 1.053665 1.054482 0.801308 0.961534 
1.080352 1.096545 0.963635 1.063791 1.025502 0.911399 0.985186 0.940662 1.135861 0.976183 0.959648 1.072222 1.055300 1.045131 
0.937010 0.969968 0.797950 0.839179 0.993168 0.864331 1.188375 1.005153 0.926475 0.924740 1.248311 1.067384 0.804095 1.182702 1.069992 0.919504 1.220199 
0.856744 0.905251 0.913047 1.086972 1.051253 1.222536 1.187809 0.996977 0.903101 0.807614 0.984135 1.102434 0.991126 1.019393 0.999071 1.065261 1.124593 1.156206 
0.849189 0.907142 0.882129 0.914972 0.827521 1.197037 1.001040 0.844440 0.838081 0.904935 1.175105 0.822968 0.982473 1.008243 1.001634 0.939260 0.851564 1.170488 
0.969040 0.829402 0.835621 0.856832 1.114403 0.894887 1.134329 1.085594 0.995775 0.847115 0.878227 0.877137 0.952597 1.040115 1.136817 1.020239 1.084710 1.022219 0.975360 0.897363 1.117632 0.905566 1.242934 1.164956 1.078253 1.063411 1.001013 1.054111 
0.851761 0.898974 0.976972 1.034100 0.833863 0.895305 0.923283 0.827377 0.945730 1.151761 0.819564 1.256054 1.042595 0.837019 0.853154 1.020327 
1.057540 1.109906 0.889333 1.163917 0.799374 0.900281 1.183507 0.820497 0.842984 0.848180 0.889661 1.044500 0.881749 0.900848 0.818151 0.989670 1.236019 1.129121 0.849596 0.922082 1.076751 0.860285 0.886140 0.902456 
0.873147 0.953059 0.958449 1.014757 1.165073 0.823428 0.892937 0.835694 1.026117 1.114841 0.993380 1.022748 1.104076 1.159103 
0.962879 0.863094 0.961439 0.858470 0.953799 0.916565 0.959847 1.055580 1.170037 0.905912 0.880769 1.053402 
0.860857 0.930024 0.945866 0.820822 0.855678 1.229844 0.912949 0.999873 1.209527 1.237387 0.886375 1.170323 0.846843 1.242269 0.997552 1.071446 0.959551 0.998698 
0.830565 0.857057 1.109452 1.107121 0.899790 1.221687 1.206005 0.922473 1.056408 0.952430 1.217145 0.894342 0.951393 1.060019 0.901197 0.903512 0.990146 1.002080 0.858053 
0.916161 0.856067 0.920440 1.084196 0.838450 0.799085 1.040372 0.973020 0.942481 1.192715 0.912974 0.910505 0.897611 1.127781 0.992047 0.961587 1.016403 0.923559 1.242604 1.121566 1.219458 1.083493 1.202046 0.975024 0.948961 0.902773 1.085458 1.137878 1.118079 1.218058 1.230938 
1.015255 0.966677 0.917811 1.205563 1.182397 0.896797 0.894918 1.209108 0.897225 0.801398 1.138080 0.840314 1.237866 0.916753 1.019754 0.948467 0.920314 0.809434 1.009696 0.927764 0.843996 0.965217 
1.000963 0.985480 1.015526 0.923087 0.884657 1.136029 0.916310 1.040780 0.864033 0.929278 0.928873 0.949062 0.893953 0.987246 0.973762 0.946732 
1.166090 0.924086 0.913109 1.079972 0.992774 1.056604 1.155880 1.054495 0.805523 1.111616 0.988910 1.171503 0.864435 0.899898 1.021442 0.898719 1.086464 0.843064 0.820369 1.256707 0.928165 1.036357 0.893169 0.936597 0.947362 1.048735 0.983307 0.825233 0.940414 0.932410 1.047787 1.174886 
1.008681 1.200958 1.042956 1.247102 1.210530 0.866810 0.916023 1.207334 1.016182 0.925402 0.906638 0.956127 0.883754 1.215316 1.003391 1.022427 0.960111 1.225006 0.873754 0.961330 0.819046 1.017572 0.845686 0.897377 1.055011 0.980328 
1.138649 1.105317 1.039630 0.835216 1.155639 1.204532 1.142828 0.870247 0.952418 1.116865 1.017807 0.797482 0.920725 0.876610 1.132726 1.093362 0.987832 
1.004312 1.044577 0.815877 1.086018 0.820090 1.023239 1.143603 0.872475 1.069175 1.072897 1.067828 0.812185 0.887910 0.963018 1.109130 0.797919 1.212023 1.025556 0.954512 1.036541 1.160036 0.802018 0.944114 0.824040 1.177670 
1.056973 0.812434 1.092384 0.949380 1.127802 1.000927 0.914663 0.910671 1.046545 1.056590 
1.248532 0.935438 0.930064 1.097946 0.926766 1.196349 1.021331 0.983754 1.023434 1.072605 1.240242 1.122843 0.880511 0.949440 1.182176 1.138450 0.871023 0.922087 1.067193 1.106763 
0.975830 0.894120 1.161409 1.098290 1.059491 1.101436 1.115577 1.169096 0.920227 1.063268 0.969291 1.218190 0.922576 1.220702 0.888180 1.149221 1.149185 1.010023 0.857966 1.037423 0.884143 0.998802 1.044733 1.002540 1.162754 0.890992 0.994910 1.006689 0.989606 0.806179 0.884810 1.092488 0.927676 1.223620 0.945724 1.058946 
1.179613 0.794602 0.984261 0.810837 1.026739 0.833116 1.026563 0.884145 1.225580 1.111241 1.099216 0.947837 0.949417 0.943479 1.100500 0.898065 1.007380 
0.999728 0.887397 1.066865 0.818737 1.108018 1.224313 
1.003861 0.898678 1.163872 1.101628 1.178270 1.046650 1.212764 0.811527 0.804304 1.252541 0.937104 1.044389 0.885219 1.002111 1.083331 1.012838 1.074667 0.892658 
1.036229 0.825662 1.043441 1.084833 1.238294 0.830770 1.199451 1.151699 1.012157 0.898590 0.903016 0.835528 0.840072 1.117987 1.181913 0.963299 1.166937 0.929107 0.977820 0.891131 0.852243 
0.940508 0.828001 0.858809 1.099933 0.918880 0.989841 0.919089 1.072088 0.987238 0.993480 1.119767 0.910852 0.981862 1.112861 0.854013 0.877391 0.872875 
1.007806 0.902646 1.232245 1.001548 1.074082 1.005776 1.127576 1.061207 0.998779 1.092365 1.147255 
1.097368 1.183715 1.035304 0.823178 1.007112 0.816607 1.138871 1.117455 0.798024 0.890325 0.832003 
1.049030 0.849564 1.118867 0.895830 0.964524 1.018073 0.856731 0.971116 1.036943 1.219327 0.899613 0.932028 1.001879 1.021059 1.186269 0.815904 1.038638 0.979018 0.813947 0.956244 
1.134268 0.926880 1.213899 1.163390 0.916437 0.976818 1.005753 1.090895 0.999445 0.951519 0.947092 0.880900 1.121802 0.930448 1.253309 1.033675 0.973259 0.807276 0.929519 0.985074 0.826120 1.017601 
0.938640 0.978566 1.055957 1.164540 1.181545 0.921881 0.991635 0.979137 0.987744 1.060436 0.905789 1.239958 0.816456 1.074297 1.062630 0.886466 1.019572 0.930585 1.232278 0.842730 0.973612 
1.221396 1.132686 0.976208 0.999021 1.018344 0.903694 0.971985 0.922592 0.873847 0.965366 1.001172 1.047075 0.999128 1.032959 0.933321 1.239729 1.022402 1.190636 0.980142 0.992295 0.806310 0.888777 1.137869 1.195789 0.864174 0.827690 
0.912842 0.932514 0.866618 0.999491 1.012333 0.967608 1.173094 1.189827 0.903495 0.888794 1.029097 1.069498 1.142193 
1.100672 0.835137 0.938472 0.999491 1.012333 1.183749 1.203649 0.875206 0.942685 0.955498 0.948894 1.091607 1.182435 1.082230 0.951626 1.087418 1.078348 0.849973 1.160988 1.136903 0.985003 1.043972 1.029628 1.191747 1.009409 1.075650 0.997110 0.916411 1.160464 1.175407 1.166703 1.189187 1.071068 1.034694 1.019701 0.838133 0.867024 
0.994820 0.855678 0.876040 1.228151 0.989080 0.986691 0.892623 1.060267 1.114431 1.086893 1.069217 1.079444 1.004031 0.999520 0.953833 0.807801 0.947961 1.160522 0.932824 1.102832 1.242436 0.941065 0.844982 1.218872 0.873658 0.862760 1.058436 0.845067 0.959837 
0.943634 1.080579 0.995931 0.891656 0.948404 0.968838 0.970594 0.810769 1.003456 1.113844 0.986719 0.872858 1.036460 1.215954 0.942542 0.958529 0.802138 0.942546 1.180372 0.948252 
0.907541 0.888393 0.913387 1.090448 0.916856 1.234780 0.989507 0.823220 0.940552 1.006902 1.157251 0.926213 1.112425 1.059791 0.939151 0.891642 0.969920 0.956072 1.055993 1.061933 0.859602 0.938316 1.204063 0.993788 1.118672 1.243083 1.123059 
0.927848 0.820181 0.864404 1.148837 1.018709 0.821901 1.067097 1.079256 0.810145 0.806559 0.989911 0.910145 1.104877 1.142713 1.083568 1.117374 0.803069 0.961295 1.167385 0.955774 0.822966 1.252313 1.168008 0.802629 
0.990329 0.901563 0.991437 0.799831 0.908585 0.882830 1.074881 0.829945 0.813529 1.038628 1.217225 0.979204 0.973686 1.118935 1.239055 1.135137 0.884243 1.017787 0.912570 1.074002 0.823535 0.847203 1.236015 0.912113 1.146985 0.861395 1.054965 0.966998 
1.249836 0.858653 1.053169 0.952577 1.021222 0.825815 0.985525 0.814257 0.947866 0.944662 0.882174 0.863746 0.823244 0.804668 
1.116477 1.179658 1.025102 1.199215 1.087888 0.916126 1.059723 0.807601 0.881081 0.952558 1.079038 1.247078 0.842369 0.836417 0.807772 0.855639 0.913124 0.894488 0.941644 0.903613 1.240094 0.905036 1.060372 0.898422 1.139812 1.206165 
1.113467 0.949699 0.848793 0.978180 0.847521 1.211024 1.060158 0.957465 0.986060 0.986272 0.942221 1.213848 1.085806 0.878414 0.803565 1.081708 1.221870 0.993714 
0.964556 0.963313 1.003257 1.041140 1.012998 1.153584 1.217654 1.001068 1.056636 1.164069 0.809820 0.833777 0.836109 0.922180 0.931277 0.874246 1.074006 1.182134 1.192975 1.158411 1.029287 1.255271 0.813639 0.921004 0.921943 0.864301 1.154234 1.017404 1.156741 0.844299 
1.122644 0.856511 1.031119 0.958636 1.019340 1.013203 0.989991 1.170707 0.994640 1.046616 1.081454 1.088783 1.021272 1.145140 0.862061 1.066775 1.143931 0.981087 0.926107 0.952191 0.988217 1.052967 1.067401 
1.083167 1.056067 0.989646 0.987051 0.879989 0.855739 1.129948 1.194552 1.073350 0.976634 0.893064 0.888336 0.943681 1.001766 1.035124 0.932005 0.837339 1.014580 0.938014 1.163788 1.032713 1.059088 1.255271 0.941720 0.861021 0.823426 
0.974967 1.122135 0.836711 0.814677 0.952349 0.937805 0.794694 1.162390 1.135786 1.099862 0.796425 0.797906 1.035976 1.024307 1.013878 0.929032 1.123941 1.024839 
1.120317 1.023672 0.955060 0.899381 0.903385 1.254798 1.037513 0.875019 0.963654 0.881196 0.806473 0.965494 0.905417 0.804792 1.093428 1.057451 0.889958 0.963473 0.870005 1.211362 0.876590 0.879073 1.032903 1.023032 1.258130 0.954385 1.160627 1.102906 
0.921341 0.876513 1.019465 0.846413 0.809516 0.929063 0.980993 0.872008 0.984316 1.156753 
0.972375 1.120688 0.992470 0.869042 0.844419 0.973389 1.216029 0.999217 0.933960 0.848484 0.852085 0.816216 1.188386 1.185382 1.124054 1.001870 0.809441 1.251957 
0.968042 0.998781 1.046759 1.138508 0.907337 1.025741 0.911356 1.090020 0.947646 0.917196 0.803689 0.839268 0.929018 1.136646 1.244220 1.207244 1.031951 1.125020 0.956875 1.030782 0.907289 0.897343 
0.846414 1.068007 0.831706 1.030428 1.012425 0.879043 0.937376 0.886836 0.973656 0.924486 1.007552 0.991513 0.897103 0.953513 0.837223 1.243172 0.963185 1.196758 1.160438 1.237771 1.093112 1.084224 0.825136 1.203391 
0.910234 0.925672 0.931256 0.916757 1.035476 0.954507 0.957546 0.873235 0.857240 1.064488 1.155367 0.830638 1.047865 1.121171 1.174837 
0.868238 0.926571 0.945082 0.851837 1.150231 0.851228 0.841624 0.908701 1.138998 1.233976 1.095440 1.151564 0.875984 0.957747 0.962055 0.947696 0.862281 0.872957 0.859609 0.992678 1.102597 1.117061 0.944363 1.222672 1.013250 1.118732 1.024625 0.922602 1.098680 1.217378 
0.922373 1.093999 1.012068 1.046005 0.911073 0.979576 1.133364 0.849627 0.933782 0.978061 1.128517 1.125440 1.120481 0.887364 1.001376 
0.906369 0.980426 0.925900 1.067571 1.145507 1.082633 1.035284 0.986395 1.235760 1.075844 0.984321 0.929430 
0.952532 1.202317 0.869027 0.966238 1.047950 0.878429 0.852675 0.876205 0.949080 0.979465 1.025349 1.020005 1.258111 1.003554 1.063089 1.098141 1.227185 0.917942 0.822941 0.977697 1.183250 
0.959162 0.804277 1.131098 0.968796 0.970837 0.993961 0.798543 0.906680 1.005692 1.210812 0.885544 0.873225 1.068111 0.974467 0.825486 1.091441 1.222219 1.254171 0.925828 1.051780 1.131377 1.170231 1.147873 1.080090 
0.968428 1.162689 0.874867 0.900571 0.971418 0.884146 0.849122 1.011672 0.907460 1.059832 
1.221369 0.893748 0.982043 1.242853 1.083263 1.170776 1.010947 0.972837 1.098532 0.827620 0.944340 1.203647 0.932984 0.930279 0.880265 1.111121 0.873797 1.146098 1.098481 1.012406 1.098520 1.091824 1.054179 0.984481 0.946420 1.032071 1.051803 1.182104 0.878193 0.916323 1.151535 1.012791 1.047925 1.041325 1.242870 0.922111 1.179627 0.890072 0.858484 0.908075 0.942041 0.883483 
1.042050 1.129271 0.811172 1.020434 0.947224 1.106899 1.177406 1.191737 1.211730 0.912043 1.102772 1.241280 0.839581 
0.988787 0.918050 0.933246 0.968026 1.249665 0.812647 1.022319 1.152733 1.134496 1.175174 1.079166 0.908319 1.145755 1.045681 0.993925 0.931605 0.912107 0.981170 1.009079 1.107096 
1.020382 1.069250 0.957186 1.097255 0.954090 1.121709 1.110737 1.125808 0.905998 1.103016 
1.096625 1.025249 1.028773 1.032095 1.056979 0.916867 0.899992 0.892631 0.878453 1.039634 0.798828 1.210032 1.103943 0.876618 1.049831 0.998459 1.077713 0.924375 1.202844 0.849699 1.009799 
0.968027 1.038356 1.093610 1.059240 1.099093 1.062729 1.130846 1.220595 0.947078 1.037526 1.053457 0.954043 1.204958 1.121087 1.143201 1.033232 1.141687 0.967310 
1.054639 1.026598 0.928982 0.891339 1.130281 0.921974 1.106722 1.149237 0.826337 0.900192 1.091337 0.815794 1.023728 
1.075161 1.072516 1.039774 1.039971 1.168761 0.986006 0.859175 
0.800831 1.083729 0.889255 1.006944 1.134896 1.198060 1.023718 1.206483 1.116358 1.144668 0.980304 1.081153 1.017538 1.243354 0.825926 1.077047 1.161358 
0.838889 1.070699 1.106773 1.172308 1.234628 1.222794 1.014543 1.035905 0.829858 1.145395 1.074003 1.036178 1.089939 1.246140 1.107688 0.840484 0.991456 1.179705 
1.237427 1.016232 1.110069 1.137801 1.037181 1.062593 0.866091 0.868149 1.068814 1.132394 1.206082 0.864254 1.220150 1.246027 0.917539 1.052130 
1.160168 0.834613 1.111275 1.080985 1.218290 1.123906 1.081335 0.916983 1.210161 1.135696 1.230819 
1.132636 0.816710 0.955358 1.067560 0.801289 1.195227 0.832782 1.210938 1.020805 0.811982 
1.148630 1.097724 1.157856 0.996914 0.898079 1.129438 1.026580 1.062861 1.084456 1.099594 1.071433 1.213022 1.022353 1.153818 0.943716 1.022440 0.884893 0.973253 0.996479 0.918955 1.098670 0.890174 0.917725 1.022872 1.248878 
1.136289 1.053081 1.166081 0.888631 0.806433 0.923274 1.107623 1.000706 1.108541 1.189132 1.088171 0.905819 1.216360 1.255686 0.848096 1.026019 
0.831981 1.012873 0.878274 0.864131 1.050757 1.137446 1.074292 1.099921 1.055136 1.010098 0.905242 
1.131124 0.949885 1.033986 0.976478 0.870069 0.855700 0.857129 0.885902 1.086689 1.249764 1.140087 1.017854 0.987315 
0.963867 0.975046 0.993577 1.099306 1.040049 1.083242 0.897495 0.873194 1.116235 1.180050 1.175062 1.027145 0.872876 
0.929431 0.949416 0.984256 1.086946 1.252061 0.955667 0.829555 1.001511 1.067232 1.243391 0.912708 1.067532 
0.818196 1.061582 1.157389 1.055739 0.944288 1.039217 1.088780 1.019667 1.094971 1.079974 1.191731 1.019150 0.802799 1.092541 1.090703 1.134621 1.153876 0.863743 0.969648 0.927595 0.806619 0.806639 0.934686 1.074923 1.241288 0.985879 1.034856 
0.880744 1.014301 0.990503 1.219047 0.964154 1.017221 0.916749 0.991753 0.859035 1.011680 0.818108 1.215956 0.800328 0.849811 1.071279 0.816030 1.070406 1.142013 
1.232068 0.856812 1.062414 0.947551 0.989722 0.899710 0.805551 1.163792 1.070201 1.038867 1.065661 1.112850 1.086171 0.898225 0.930760 
0.984718 0.972047 0.900051 0.846954 1.232162 0.911643 0.810866 0.969354 0.989467 0.899749 1.039091 1.014068 0.796980 
1.237365 0.882459 1.029865 1.218040 1.012987 1.113705 1.088124 0.798649 0.933776 0.826672 0.965610 0.908379 0.899665 0.835697 1.250272 0.964495 1.038324 0.947581 1.099484 1.092760 0.840152 0.958525 1.077918 0.899196 1.241117 1.097893 
1.157838 1.004741 0.915181 1.069783 1.081983 1.161629 1.157362 1.010116 0.827892 0.991783 0.868991 0.955948 1.062290 1.082992 0.951759 0.989696 1.148977 0.913776 0.942785 1.054825 1.227049 1.043505 1.196998 0.931457 1.241919 0.883755 0.907954 0.802073 0.989038 0.934156 
1.236700 1.041741 1.154232 0.925213 1.188376 0.817138 1.101735 0.841612 1.047309 1.005786 0.904918 0.913175 0.900220 0.891401 1.134910 0.926483 1.187570 1.002048 1.221151 1.205022 0.997889 0.803221 0.987546 0.855950 0.984853 
0.817294 0.869363 0.822335 1.079001 1.027181 1.088545 0.900126 0.813410 1.110415 0.984523 0.976099 
1.129603 1.165752 0.891754 1.092089 1.033264 1.085369 1.112686 0.817604 0.947414 1.000095 1.082009 1.114398 
1.046891 1.068300 1.049199 1.126333 0.939322 1.044163 0.953594 0.960638 1.107557 0.891075 0.874738 1.131600 0.980594 1.083054 0.857163 1.023285 
1.135231 0.810595 0.965698 1.069329 0.998196 1.081508 1.037622 0.947683 0.887047 1.078370 
1.243910 0.876307 0.866717 1.099860 0.946104 0.802666 1.002746 0.990478 0.925762 1.203471 1.058831 1.146670 1.182447 1.179378 1.087478 0.943306 1.250887 1.011487 0.955292 1.205539 0.863047 1.101327 0.937904 1.153888 0.878599 
1.154031 1.110170 1.081030 1.218023 1.042595 0.988713 0.981856 1.065484 1.196798 1.014756 1.079496 1.083374 0.799941 0.955461 0.861492 1.136706 0.845019 0.822432 1.031951 1.067373 1.026686 0.810140 
0.981230 1.105964 0.921297 0.989770 1.079493 1.051792 0.985446 1.021845 0.961916 1.032664 0.879307 1.052534 1.091162 1.204362 0.980231 0.821032 1.002396 
0.954689 0.968305 1.024813 0.802745 1.111669 1.186159 1.117600 1.026792 0.802673 1.006867 0.951217 0.824443 1.155421 1.169959 0.977592 1.045097 0.944606 0.842478 0.937007 0.946966 1.121097 1.174113 1.075772 
1.044375 1.079699 1.248462 1.205115 0.939030 0.933321 1.104541 1.080517 0.927015 0.871428 1.206710 0.972239 1.216134 0.959733 0.910436 0.939879 1.027124 1.158661 1.017096 1.181705 1.020252 1.207018 0.799554 1.048930 1.154244 
0.978023 0.992071 0.970903 1.204222 0.955115 1.068832 0.862807 1.080517 1.074468 0.998366 0.992682 0.831281 0.942493 0.859732 0.874465 1.058712 1.018794 0.815038 1.131278 
