36.419242 30.527928 30.196338 39.782159 37.394302 28.158789 28.221569 24.569297 23.933925 30.330037 
29.039238 30.596806 30.249036 40.646322 36.214594 28.217795 28.694206 36.020682 33.351135 34.425437 
30.540725 30.599549 30.166834 35.750770 35.807173 28.091354 29.487328 39.667505 34.017699 32.153366 40.953024 34.136657 33.237187 26.761631 
37.130541 30.912258 29.273313 35.906342 28.987734 28.256190 38.285570 30.602860 
37.570075 30.832200 29.431454 35.020666 39.175874 28.470313 40.904578 30.595444 37.176092 29.850654 38.578516 37.577177 26.276659 40.147265 30.694514 24.794319 
41.160838 38.969316 29.485139 32.319179 43.288604 28.135892 30.864085 38.971589 38.243741 29.889840 29.238246 
30.408473 37.866564 29.668210 30.564533 28.218829 28.149607 32.995371 39.415270 36.915193 37.747077 39.627290 
29.638607 34.291617 29.715211 30.895158 28.301002 26.614495 37.732597 39.496550 37.558492 41.327818 28.220710 43.816936 41.000495 25.854677 43.332035 
28.258662 38.275327 29.407599 30.899397 28.240835 37.034435 42.739064 39.439595 29.017521 36.931228 29.383353 35.500602 41.018051 
41.689313 30.569846 29.338034 30.695902 39.028416 37.701519 42.227218 40.161363 28.119375 37.721417 28.575318 39.147896 42.497963 26.445360 33.678689 42.867002 40.180685 
30.721918 43.546913 29.066586 30.860778 36.993576 39.553522 39.094777 29.293651 28.121587 36.024217 37.034625 29.791792 28.619493 
28.483624 28.292464 29.646329 30.726326 38.370988 36.990640 39.710700 29.196021 
28.163683 30.479025 30.005191 30.805744 33.052576 38.833671 38.911316 28.265822 38.084509 39.111867 38.472420 
28.216227 29.951471 29.612586 30.865974 39.836536 39.116919 39.546817 28.122845 30.751862 35.281894 42.759021 40.133922 35.411301 43.955656 44.454207 32.058347 
28.223209 25.547766 29.339429 30.914319 30.405090 37.514435 40.622238 29.713637 28.734700 36.214005 24.011457 
28.229225 36.198596 29.439237 30.750424 40.614441 36.934874 25.274011 29.499668 33.816661 30.684623 25.362517 
28.142316 41.918288 29.600225 30.906107 40.282350 43.757613 28.807921 28.280902 39.167133 36.711878 37.483620 34.372707 27.907172 40.624800 44.192266 25.764816 31.935630 
28.602436 30.535062 29.658804 30.528886 38.818547 37.363240 37.510423 28.716833 42.701988 40.975623 33.882294 25.848474 
28.180506 30.199466 29.365332 30.791142 38.627483 36.448615 38.245914 41.985656 37.843946 35.441641 25.004163 43.134695 28.307361 28.909438 28.306298 
28.188612 28.812764 29.840635 30.776554 35.884127 39.214835 37.396633 28.098881 38.513739 27.635349 27.584736 28.334166 31.259378 28.255609 29.513857 26.260507 29.331811 
28.417212 28.360987 29.661064 30.798877 28.208973 44.345646 37.721847 28.269266 38.571982 30.101326 28.298770 42.087738 28.143542 33.592323 27.657778 38.372252 35.346452 33.302630 24.541098 33.573342 40.452855 29.695318 40.856339 41.458411 28.586069 28.011201 40.422563 37.096588 
28.573166 30.102826 29.735653 30.868612 37.622140 28.866470 38.640324 38.990923 40.754429 28.421210 41.448581 42.667008 40.385242 
28.413164 38.607237 29.655032 26.326669 36.197119 28.734238 28.197953 39.696179 30.502820 31.889763 30.973670 29.380441 27.996071 28.047946 
30.652856 42.392078 29.494117 27.550603 37.772675 29.473289 28.204155 39.616991 30.457026 36.834975 42.889226 
30.947281 39.866565 29.460089 36.493135 38.925919 29.930756 28.069408 38.899362 30.758209 41.176421 25.323376 42.093074 40.005390 40.292756 33.779337 25.479387 33.925170 34.492354 
33.487874 39.334006 29.484151 29.984591 32.593745 29.757477 28.169167 37.499908 30.578390 40.682685 38.716216 40.474833 37.355687 40.209417 33.807298 28.383627 34.192279 26.495989 28.228597 34.027699 28.091982 36.209476 26.597530 33.523340 24.974306 33.940484 
36.989749 35.916380 29.675565 30.598621 33.305472 29.290218 28.217839 40.045682 30.676403 40.864866 37.990111 39.315966 43.049135 41.563600 29.989626 35.556702 30.158427 39.508906 26.823129 28.034550 
37.348751 39.430906 29.703039 30.209607 37.376442 29.290124 28.477320 35.856888 30.898455 25.862737 29.410779 37.666278 
39.790218 40.415291 30.166200 40.008882 38.418326 28.972330 28.296128 39.521044 30.358810 30.263791 40.594126 42.802483 37.321360 44.029000 34.052225 26.558826 42.463173 
40.217108 40.036401 30.278576 32.941450 36.551560 28.708316 28.133486 30.701507 30.369302 36.058355 26.173373 33.610393 26.923936 40.199540 
29.717067 30.207540 30.476622 39.736198 36.092815 28.744881 28.281607 30.663306 42.036130 40.355908 35.799535 29.088921 33.857144 28.440847 29.060292 41.037598 
29.559201 34.551644 30.019240 40.334384 36.008291 30.074347 28.320498 30.448816 35.738589 30.361216 27.497547 27.197881 29.145388 
29.250339 30.944434 29.689997 28.303664 37.415538 27.211731 36.067258 30.876040 31.804339 30.664562 30.006558 39.420324 29.452225 35.055220 26.218776 29.236693 29.685734 36.828302 26.973453 25.566392 34.428193 26.240035 
28.248774 30.776990 32.484230 28.133717 38.447642 39.500887 29.433239 38.556020 26.284042 39.992376 29.685891 42.257981 39.194784 25.794199 27.855909 26.905176 
29.841833 30.824602 27.770737 28.497100 37.778415 40.144001 29.539783 30.731034 42.467854 26.999967 35.098431 40.131931 34.801584 27.072691 30.470889 
37.132530 30.757621 28.654091 28.213764 37.773419 39.837952 29.665464 30.792853 27.613046 33.785020 
41.306508 30.911046 28.759209 28.320129 37.944166 39.694522 29.987723 25.368462 38.112910 42.972554 35.897077 30.283770 37.110796 37.444660 
25.438267 30.832636 29.195731 35.984973 37.789273 39.906036 29.636963 41.220205 28.492623 29.753564 41.598778 
30.507232 30.602202 29.120510 39.861879 38.015667 27.010869 29.938709 35.757898 28.370131 31.793080 35.999251 42.481073 41.610699 
40.137607 30.262893 29.267989 44.026057 39.825009 37.854619 30.090017 28.886870 28.353052 30.903027 38.415601 42.559811 34.527021 40.535732 40.510365 40.911072 
39.449814 41.802418 29.778434 43.066727 39.452401 37.154710 29.982978 33.551068 28.252915 30.811752 37.711594 39.357325 30.752852 31.382427 42.244431 25.626521 36.634559 
39.232661 34.631740 29.501601 37.867122 38.682025 34.869218 29.483815 37.263787 28.301652 30.849849 30.687793 39.021124 43.559343 27.797691 
30.642080 36.702462 29.127214 40.368014 27.359801 36.189342 29.592417 28.292292 30.292273 
30.829429 38.664943 28.794015 39.606541 40.910097 36.929883 30.180799 28.265931 41.299756 30.538861 43.318325 38.721192 40.483519 43.581617 
30.443498 38.148794 28.783755 38.493639 38.585667 34.921910 29.965163 28.662498 40.420280 28.740161 39.772591 25.174915 38.085844 42.759223 41.710864 38.007791 
30.690282 42.932850 29.244058 27.242418 39.217457 36.826888 29.828752 28.937079 36.642664 34.629725 26.246445 
30.811089 27.478152 29.715551 42.977664 43.343361 39.674829 29.673357 28.230829 38.493021 30.591997 39.329109 36.553743 
30.775388 29.163949 28.472086 37.087084 40.479508 36.154580 29.774589 28.217418 37.851568 24.011677 24.689435 42.407135 30.188163 41.145089 38.633802 34.161451 41.273766 39.694644 
30.888812 29.556468 30.281675 37.289241 38.870266 28.065018 29.556677 39.905805 37.487582 28.187655 36.646280 40.660676 40.102162 
30.662340 28.979217 26.912789 36.901692 39.879889 24.855914 30.093944 36.547715 28.654389 28.135607 27.611947 41.922490 42.171758 33.845253 32.885416 35.463638 34.744362 30.053467 34.382736 42.609147 
30.767583 29.056033 28.088790 38.289881 38.646906 28.333385 30.199136 28.848021 38.043912 36.038502 36.578884 
30.427635 29.751763 28.487471 39.700620 38.258602 28.324735 29.816888 30.376490 36.764069 27.528391 
30.946949 28.537859 28.400474 39.494857 37.535992 38.357585 30.295706 28.545596 30.197464 37.381140 35.344908 27.372696 38.557409 27.126886 43.462360 28.722128 43.646130 37.665201 43.078896 36.332809 
29.630869 30.653790 28.195932 37.476658 37.081360 38.095533 30.065177 28.795049 30.268595 28.205171 34.128538 40.452178 26.596025 36.175602 41.457667 33.935861 43.667158 39.944028 41.237691 41.325370 34.134905 40.627045 33.232503 
29.270707 30.609916 28.380644 34.292684 36.528605 41.060027 29.819228 28.960350 29.135943 36.276790 24.772175 28.671477 
29.856492 30.819299 28.252449 39.848437 30.959754 40.115971 29.418752 28.689468 29.797603 35.183745 43.886144 36.452667 40.662305 37.077765 35.001768 41.329143 
29.772026 35.267875 28.151613 43.351011 30.628482 40.780065 29.287052 30.328256 35.972984 33.703318 41.266005 29.664148 34.701393 32.876594 
29.652625 42.177582 28.456682 36.426361 30.444040 39.728686 28.547866 41.916605 36.879447 29.226509 39.241545 32.475831 
29.667672 29.017025 28.188088 39.796515 30.806824 36.437939 28.737186 41.134995 37.185258 39.569022 36.946110 28.349824 
29.645356 28.423888 28.758602 39.140089 30.610619 36.463287 40.348646 40.916441 32.781110 29.378343 38.015198 31.849950 36.656355 23.854689 36.296743 
29.549955 29.292885 28.267975 39.256014 30.631067 37.454844 38.933644 28.328927 26.998393 43.020771 39.092036 40.667211 
29.926831 28.992036 28.050126 37.127684 30.832238 39.505712 37.913523 36.496183 41.286627 39.448356 38.487385 28.102005 39.874826 26.432925 39.486328 27.045042 29.411170 36.211069 24.499326 28.347214 27.377251 31.137000 33.905069 40.825187 40.170435 36.865398 35.776881 
29.945754 25.262582 28.011389 37.577831 30.921320 38.430785 36.946121 34.410159 28.489618 30.127744 28.127796 26.842980 
29.889505 30.610753 28.057249 30.901009 28.477460 31.953446 32.769881 28.132872 25.511154 29.989087 39.676728 37.341006 38.379836 38.961488 27.071780 33.064799 30.138233 26.405889 37.014997 38.597490 36.758652 37.463454 
30.509718 30.790873 39.135263 30.842211 30.535428 41.259874 37.424623 36.432949 28.143347 29.551370 41.763276 25.406179 25.409625 
29.629783 30.816578 39.691810 30.674778 39.367447 28.360279 29.661448 30.156322 28.290188 37.261748 37.298153 40.236743 38.403419 35.926942 24.790252 
29.789526 30.568272 36.335461 30.680618 39.676110 39.398130 33.850255 29.951218 28.129160 42.191232 41.001942 34.065653 23.780540 24.233118 
29.983351 30.550169 31.455262 30.894189 39.111571 38.229802 37.290701 29.899518 28.076071 25.464721 27.669165 
30.059816 30.869621 28.081332 36.577210 40.993713 28.623912 29.982956 29.017829 31.904859 24.679572 37.020781 40.241694 27.751618 41.096355 27.846336 42.145094 27.966781 
29.794013 30.252447 36.615762 24.682656 38.293839 37.943794 39.071999 29.143073 30.781184 27.631065 28.056953 41.852017 37.588178 36.936000 
29.794013 30.252447 28.710182 38.267674 38.339508 39.692511 42.442809 29.212839 43.392638 28.322236 34.067831 40.828052 24.287918 34.464066 
29.797020 30.873984 28.195386 36.545251 37.380300 39.691474 36.481078 29.215339 27.801485 27.791709 32.391375 
29.833945 30.458800 28.490942 37.865608 26.405743 29.958024 37.659695 29.222957 40.180824 39.431382 40.087925 31.499465 25.096156 24.186341 34.590396 42.138504 26.417068 29.853935 30.344148 36.509369 27.703106 27.200452 41.910460 
29.991811 30.579082 42.116403 37.992313 39.350640 41.083085 27.360660 29.139426 38.617170 28.644531 36.478901 40.210763 
29.486957 30.397659 39.402338 36.996869 39.105809 30.486931 28.411726 29.708724 30.755081 
29.459204 28.988864 38.727303 28.736469 30.183542 29.839237 28.144526 30.149230 30.860522 29.902652 29.579553 39.070287 39.987309 41.101397 42.679799 27.948512 35.606139 
29.331200 26.853323 39.323980 30.043038 30.949048 29.695282 28.163495 44.101428 38.414932 26.939639 26.726329 27.742991 36.942002 41.246774 42.208161 33.719767 32.527530 30.581332 28.514293 
29.302746 37.758719 33.322806 38.327281 30.564436 41.951835 28.678581 29.389577 37.364963 37.821198 30.470183 35.560322 39.518288 27.647300 35.390646 34.003038 30.524670 26.020701 
28.715975 38.599891 36.868851 30.319038 30.770769 27.428294 28.095081 29.604101 39.568149 
28.949707 37.691259 40.204823 42.132096 30.899321 36.985925 28.143139 29.842462 36.631860 32.788284 30.324886 44.310247 
28.550911 37.985150 37.910168 28.758810 30.644876 39.183950 28.365977 29.748417 36.426835 38.930791 
39.156655 29.261444 36.879065 30.310786 30.482021 39.328182 28.411964 29.751352 
37.022985 28.209191 36.845798 28.071106 30.757258 39.410634 28.233011 29.265484 29.822973 26.704088 
35.980897 29.312282 33.231493 40.106140 30.740592 34.260474 28.130609 30.418570 30.776113 40.284180 37.441487 42.846119 37.132442 40.731848 44.072721 36.897856 25.979559 34.079839 33.815039 41.800224 
40.391070 42.390362 29.421757 29.642966 30.717666 36.249381 28.273418 37.085242 35.473872 40.096289 30.555677 30.534721 26.688209 25.628549 28.526678 
35.241918 39.021448 29.530165 29.843602 30.316286 30.826153 28.394635 38.089260 38.415927 30.756226 43.864090 37.629648 26.183401 
37.378810 39.296402 25.158669 30.089263 29.184253 30.762179 28.287821 38.091305 30.350152 37.724915 33.102144 29.295355 31.639756 29.975693 
29.832531 38.432874 35.455774 29.852937 29.160477 30.822912 28.312853 30.323672 37.875045 38.161560 44.557035 42.683134 40.583412 33.441055 44.506499 
41.305198 40.542001 30.819564 29.578720 28.978965 30.914043 28.147267 36.510032 38.825071 34.281996 39.372116 24.480852 36.659611 33.410863 
28.269986 27.823721 30.888725 29.555123 28.862726 36.857498 37.255648 28.809746 34.731875 39.502657 28.066502 28.378716 40.271528 25.967799 25.814576 24.973506 25.045418 38.442360 
28.582467 40.427489 30.929977 29.747271 29.015499 36.561486 30.271674 35.634420 36.976668 28.286756 
28.248216 39.568739 30.901087 29.131851 29.485488 37.914732 31.551394 30.217940 39.391213 40.238479 36.603747 33.849415 42.145816 36.328530 40.076880 
28.111683 32.849437 30.958421 28.145368 29.285998 37.178215 28.589204 39.960685 40.340362 30.327074 42.995730 34.611108 27.999039 30.471662 37.228506 33.154323 
28.136034 37.129921 30.556448 35.199219 29.934372 37.017538 39.794412 28.415620 28.675684 26.142038 40.293008 28.978904 
28.269027 29.926380 30.777217 40.326623 29.312627 36.728523 24.144060 28.205333 36.247084 32.464386 
28.601465 39.023088 30.547465 39.420040 29.458276 38.057207 37.977905 29.621726 35.460140 25.462075 41.050405 30.637267 29.847715 26.822278 40.958027 29.220344 
28.356606 28.775836 30.658606 39.163875 29.344130 37.114383 38.604369 29.192902 37.805784 28.674282 30.200416 39.739937 37.734258 42.461310 
28.692882 24.162403 30.622642 30.235906 29.826845 36.475683 38.193219 28.811276 39.105330 35.567584 37.775404 36.118103 34.735710 43.093170 
24.771409 28.938815 30.842182 28.125178 29.755168 33.838853 37.144179 28.841238 40.112487 24.257168 36.347224 25.703586 
30.689203 29.929965 38.513067 28.312328 29.587820 39.347154 42.973108 28.524634 39.440049 37.455073 25.958346 31.472530 
