  59.987416 3058.812777
  52.251887 3056.398767
  59.715295 3055.212604
  39.597834 3052.479552
  43.803924 3057.197165
  59.313577 3053.247295
  59.231509 3059.754623
  63.735057 3059.342282
  65.348495 3063.838085
  64.951455 3054.899564
  88.022890 3056.473672
  58.244956 3055.089257
  77.295245 3052.498102
  59.306247 3058.328576
  53.119747 3061.774060
  68.165863 3050.397182
  65.852082 3058.371263
  92.988501 3057.916346
  67.178517 3058.970685
  58.918624 3055.929673
  88.396149 3054.564136
  86.142881 3058.350049
  60.513407 3055.241368
  77.779065 3055.239411
  46.770030 3060.163333
  63.001001 3051.307736
  98.990020 3057.367957
  66.999991 3052.395199
  33.153033 3050.584881
  67.388700 3055.894022
  68.149555 3055.756244
  62.450868 3060.476422
  45.081161 3054.374653
  49.133745 3050.429299
  69.578796 3056.182247
  78.180160 3057.479970
  73.142010 3057.361841
  84.094720 3050.913181
  55.496854 3054.770962
  99.755025 3063.148987
  85.269974 3056.322130
  63.403670 3058.358074
  86.658512 3058.046668
  74.102598 3055.801316
  87.917649 3059.018904
  58.120647 3059.148522
  82.248940 3059.434293
  62.082399 3055.370056
  85.377716 3060.742392
  76.217770 3052.887209
  83.359135 3060.751220
  65.458024 3052.093577
  85.869726 3059.187821
  35.912718 3055.366674
  66.640165 3056.882369
  65.444363 3063.618609
  77.116520 3060.646092
  57.362393 3060.891339
  88.972619 3063.539435
  59.065049 3056.927235
  52.794574 3048.768704
  67.247558 3050.300621
  82.466635 3054.898452
  39.025179 3057.256312
 121.994224 3057.878194
  54.865599 3055.899481
  64.689264 3057.703308
  46.898992 3056.049538
  68.147348 3057.508456
  64.895401 3053.862615
  55.201784 3061.440545
  41.607542 3055.593517
  56.757703 3058.098146
  68.398202 3058.218718
  62.958300 3060.732606
  45.002355 3058.746040
  45.316989 3053.963075
  80.278422 3060.908423
  62.484436 3059.277131
  48.242338 3052.176550
  57.123104 3061.437833
  58.191403 3052.821678
  51.288439 3054.638010
  82.198988 3052.638540
  64.631459 3053.903577
  59.515424 3061.357754
  53.123809 3055.142708
  84.436618 3061.516124
  94.928141 3055.080362
  81.084239 3053.559213
  50.228314 3061.095995
  54.098541 3054.763885
  53.510015 3061.512911
  50.929902 3056.028911
  79.653678 3057.869470
  73.584831 3058.210153
  63.949095 3055.111427
  78.418483 3059.772296
  87.564348 3058.685812
  57.541408 3059.232160
