39.969963 28.752373 24.061916 39.102790 34.320340 30.172302 39.673500 28.267693 25.837079 33.854103 23.620474 24.006752 24.299235 31.724749 
27.267900 31.096785 40.257358 28.103031 29.503171 26.905155 24.743646 36.842182 28.462688 38.278017 29.807355 
32.601239 29.885107 38.384815 28.442158 29.043782 29.487135 28.771987 30.851146 28.416732 30.672187 40.034579 29.933036 29.439628 29.316224 
28.260496 32.908106 32.136612 25.827129 27.212220 27.076671 
30.593344 28.357834 34.351751 29.887167 37.203647 41.110514 28.104842 28.336691 29.412915 
43.226894 40.689360 30.596570 30.364947 43.222215 29.657633 29.799182 28.818230 24.393821 37.404478 39.685146 41.886203 26.712568 
42.758388 30.466392 26.861045 35.736075 27.952039 28.181838 31.982408 27.678765 34.134483 30.152902 30.836711 24.984849 24.122111 42.330462 
36.679783 29.881131 32.901089 32.952424 40.082741 27.565735 28.775475 24.847055 32.254072 30.350287 26.625901 32.648037 25.046936 32.903419 26.327972 30.290490 26.230528 
28.870189 25.768268 28.979570 29.961969 24.182233 28.257069 25.129076 36.507558 24.522022 23.993016 28.486678 29.684581 27.682242 29.185748 31.901683 42.457327 24.082897 27.671074 
28.896027 31.232198 28.806312 23.718455 28.935138 36.618024 29.713764 33.765350 26.947688 31.144720 34.209947 29.631256 35.610728 27.076402 40.528200 36.690590 23.858779 39.374276 
44.059948 40.542161 29.515682 26.120304 31.516482 41.522985 31.759938 28.563187 35.745172 29.610285 39.995377 44.491048 28.477757 35.336797 31.635555 30.755933 29.419586 26.973372 25.470275 29.619828 27.733010 38.086026 23.868582 25.561872 25.399351 41.647966 32.298586 23.909032 
30.356261 38.783220 42.626642 30.035519 29.080575 25.770932 39.164863 37.372722 42.451327 29.457613 32.135385 29.203389 25.993741 28.322310 39.469054 35.987847 
26.497925 29.952128 37.031599 29.194621 28.915695 39.957103 31.181056 27.036713 29.654122 29.027618 40.528809 33.893032 28.320545 30.460667 23.612417 27.639251 28.462206 29.996154 35.380030 29.315917 34.283267 35.513659 29.935338 27.223060 
30.333875 31.631040 37.333160 41.336566 35.392277 28.105430 30.222691 27.633668 29.173164 40.038897 30.026573 28.875697 25.344225 25.097544 
40.199275 30.486961 27.950948 26.875559 24.790100 39.890272 25.163156 26.302698 31.435883 30.352098 24.118719 24.999279 
28.919414 40.746071 41.539086 27.028401 30.189771 27.247650 27.800381 30.608988 32.276156 28.404949 25.170814 29.929197 40.367985 29.949325 29.141225 40.758254 28.262248 26.017253 
29.473511 28.293440 30.641462 38.925675 29.941251 29.125775 34.925662 36.724436 30.464327 40.123206 24.107022 28.965070 26.911432 29.860583 28.696549 30.881848 28.818216 35.749489 24.519664 
28.506693 27.759771 24.211535 28.354985 29.085527 29.490552 35.526424 29.359040 28.769183 29.828360 28.364618 25.339880 36.869698 32.304881 39.429105 28.915800 43.327695 36.933142 41.504570 25.585694 30.877807 23.667875 42.410947 25.503647 40.857106 26.505195 33.144998 36.428557 29.915775 36.806328 26.165607 
37.612595 39.522683 29.945732 34.389068 24.081605 31.964268 27.374774 25.809548 28.932572 24.900027 27.638559 26.481839 28.390652 25.495342 43.888829 36.661027 27.334714 39.632256 26.168082 30.595422 41.336925 39.102659 
30.745787 36.893092 29.584443 30.708523 28.524026 26.105589 26.367262 39.414893 27.911130 31.179651 30.391053 33.129677 31.193617 26.697102 26.757800 28.313098 
39.802506 40.310058 28.882924 29.516405 38.846576 27.023076 30.474590 41.653811 27.271586 28.025409 37.737856 30.397950 28.373596 27.831181 30.970638 41.234292 28.850257 27.426762 36.538257 27.469627 29.180509 29.582866 33.254619 40.699945 32.468690 24.238505 36.315053 35.976760 27.375675 28.144324 25.080348 34.636974 
37.336281 31.703401 39.271872 30.029157 33.916210 31.815366 35.333989 25.214211 27.730853 28.873861 30.707938 30.478750 26.761563 28.086761 30.351157 28.475821 28.812049 37.988073 26.165200 38.911015 30.364069 27.036484 29.575938 25.963855 27.927324 24.388894 
29.311299 39.653856 29.302545 40.270371 26.477851 27.999950 42.570056 34.982828 31.632042 40.885825 29.849625 26.410139 40.976671 25.117919 35.259076 37.809940 35.365765 
28.919237 30.811594 26.134665 42.271366 34.408888 41.299668 28.693727 25.800323 26.773136 37.887874 29.321936 26.317447 35.847524 35.708918 37.046805 34.118178 30.038474 30.617215 27.691700 27.454479 29.838774 36.332846 33.887870 27.492766 25.743305 
36.918464 34.208859 30.240320 27.718195 39.972805 28.594298 30.271900 27.201300 30.358989 32.818277 
30.061643 35.202199 28.489095 30.735807 26.783896 29.666574 28.680336 27.457185 28.469669 38.230942 32.759623 41.774386 33.281924 24.579947 27.470314 43.269646 26.112139 33.614230 38.905737 37.472030 
29.458319 28.968150 38.081830 28.623826 37.946534 29.071787 43.949636 42.059784 27.383822 38.851222 28.347362 39.921331 37.056748 39.029621 29.476724 33.772579 41.160789 43.008886 29.490263 39.640698 40.346641 23.936432 31.833456 25.678863 28.913785 29.696591 29.979421 44.560102 26.927556 24.222146 39.915451 31.228137 26.633661 40.317635 28.947523 25.885104 
35.118121 40.659207 32.688915 30.117259 37.538502 27.896653 33.102700 26.016098 27.626441 43.063855 28.411201 28.545637 34.118329 31.924828 24.309014 39.654770 27.220709 
28.141210 23.924789 36.741497 25.311867 32.143026 33.010273 
29.293772 29.564964 28.078724 37.061922 44.277914 26.720583 26.664994 27.339124 34.253806 25.710256 28.419958 29.465249 23.995811 24.736727 34.442744 31.551451 40.020477 27.909507 
29.007656 26.513705 26.831965 26.249720 40.360439 27.602298 28.064860 38.315059 29.920277 28.849596 32.299457 29.663751 29.865169 36.928645 32.714219 37.694980 26.197182 28.801010 33.947254 29.745369 28.438568 
29.186669 28.530824 27.274110 29.422218 30.425170 28.438814 29.202134 40.750953 29.749253 28.295441 40.584795 28.779070 26.861419 27.524704 28.367370 26.746451 29.941187 
34.851010 42.562438 41.981174 28.316468 25.974755 39.795153 44.230730 41.289146 33.610268 38.005483 33.905338 
41.114166 34.025925 37.094606 28.551056 29.409344 24.314521 26.417940 33.831444 33.339439 23.752331 30.646515 
29.313898 29.937126 32.904631 28.515721 27.020832 29.895288 28.898555 28.970863 43.228886 41.800113 36.154471 28.347993 37.933999 35.867915 26.965788 30.502684 27.172210 34.386564 26.185820 26.792551 
28.372524 25.417998 38.692245 23.905964 30.814825 39.961434 29.241748 24.685228 42.649012 30.498017 28.376459 28.799327 39.164928 25.978539 29.476357 43.738408 23.754737 29.003866 29.668912 42.527376 27.495869 27.369467 
29.829294 33.051236 27.711195 29.756655 35.552177 26.399501 37.640864 27.832129 36.037708 42.477546 26.016873 32.244687 28.429034 28.921143 32.333279 27.628288 27.911746 37.896493 28.797753 28.924730 28.810472 
24.301274 28.339241 28.946130 24.110408 28.448066 24.596115 39.552085 27.110932 40.473815 40.776720 42.192027 27.327425 36.217845 27.632603 29.328742 25.601245 27.898419 28.600621 28.817147 38.815921 29.139369 28.308672 29.897952 29.202172 24.684442 42.357834 
29.161135 41.091542 28.692051 38.755780 30.152968 40.943124 41.913275 27.239826 28.270500 40.268164 37.443768 42.838010 39.791025 
24.764385 28.288007 38.980917 38.547936 30.008574 40.422317 29.786233 31.632635 28.759820 32.320451 28.450630 29.322407 26.855397 28.073661 29.710153 28.343723 43.838320 29.182551 29.151319 27.567319 30.685886 38.557925 29.295006 42.740935 25.978482 27.845661 28.358729 26.324840 40.034807 28.379387 29.786865 33.361244 29.067561 24.329234 28.538136 38.851098 43.105879 
37.767447 27.721458 26.766804 40.511626 30.617094 31.814096 29.027235 27.502811 32.662689 39.095984 43.111961 41.815135 40.058895 41.107291 37.264123 28.831575 29.725555 29.292883 30.857685 23.839254 30.168470 25.692955 30.638649 31.940390 27.880374 28.744648 25.418333 26.931267 37.983251 
25.463020 27.761534 36.107408 29.363868 37.806597 39.950859 29.265954 27.741837 30.283246 29.326189 43.994413 26.905580 36.460959 34.635881 29.696402 27.799245 24.560724 30.667416 28.197308 42.474679 
27.352010 39.789503 25.122630 30.023748 33.286960 40.150617 40.844177 36.906265 38.684670 39.679218 33.730726 36.742136 40.080978 24.814070 25.940026 28.199670 30.247768 29.218736 38.636461 31.845892 29.432037 39.982839 29.384674 24.927178 28.071771 26.274508 24.986737 
44.444726 29.333467 28.932633 27.097734 28.168713 29.155825 29.039487 30.384722 27.605437 31.955833 29.607432 38.990306 40.041910 39.828797 28.960686 28.738758 24.260564 41.101487 26.288679 29.224786 26.248119 38.956432 43.034086 27.560390 
44.488312 35.344911 28.450492 29.057234 37.882294 32.989740 39.928644 29.323938 39.459968 42.030943 30.476638 30.748771 28.919784 24.392759 42.688349 41.071540 27.748633 25.767855 33.868521 38.052113 27.007892 29.553896 29.162902 31.000795 28.333243 24.871319 31.493978 41.264836 
40.029281 30.888763 24.205040 30.126887 34.605127 30.278615 30.014329 25.764740 29.163212 40.967047 37.670915 30.683964 36.751831 36.167398 
29.287404 35.941980 31.472505 29.630664 35.519410 28.328244 30.464417 26.812714 37.576542 28.774956 27.229280 28.356438 25.234465 30.105455 29.074867 30.756793 29.392393 25.180414 29.239327 41.525469 34.694407 33.188957 40.594360 25.580009 30.678288 23.761847 
23.951046 36.533367 29.730180 25.120694 25.300729 29.193276 30.229627 44.013818 42.899848 29.104360 29.785596 36.694831 34.849156 27.408180 29.792314 30.271338 28.504151 24.323801 
30.364431 38.673163 33.561094 28.213227 43.163523 40.494409 25.371437 33.543212 27.823842 24.068169 29.142895 25.168606 41.161965 29.242830 27.217123 29.857033 41.736215 39.577935 30.564277 24.456112 35.432370 31.567475 41.609375 27.176329 33.765761 37.649709 24.469795 28.564992 39.420634 24.845603 
37.916564 26.935647 38.943206 27.803852 37.547682 30.972658 38.883936 31.982379 30.755949 41.702603 28.266150 38.072611 33.740251 39.882818 30.074121 32.661490 24.030824 23.673913 26.024055 28.275232 29.930579 40.733445 25.520515 
28.280215 29.212451 36.179716 31.054078 30.072069 25.243001 31.799037 28.640867 29.436688 30.992469 25.556334 27.347541 29.202450 29.456948 28.318163 30.736374 33.448476 26.563241 32.612305 30.204213 43.379679 35.960551 27.288602 26.501813 29.974291 28.753847 
28.822012 24.973470 29.518503 27.089256 26.856926 28.726928 27.648088 27.166896 28.176635 28.513682 27.172674 29.753045 28.435701 28.977190 27.832109 36.895469 33.827210 25.194324 
33.174102 41.101438 37.682239 28.886821 27.204489 28.850582 29.641619 30.661547 28.823995 25.071930 26.323295 29.710737 25.412857 37.110828 29.108739 27.513099 28.440905 23.964498 37.222384 25.461093 29.915670 30.813304 26.524358 28.657909 23.925645 29.015747 29.424566 26.764155 
34.535139 29.693416 25.667117 30.603594 28.344702 30.026593 43.789484 29.547399 29.400455 27.085705 
39.907702 32.420352 27.894774 28.677150 26.242421 28.893172 30.346913 40.316358 37.200371 26.209170 24.272193 38.994541 25.859474 25.375271 28.348353 35.658736 30.003407 28.230143 
38.075381 29.199099 39.918240 38.726097 28.958068 41.194580 30.726374 33.981306 29.016194 30.780580 25.456036 34.387434 26.274266 29.735032 26.274029 38.682113 32.275662 26.076472 27.312352 29.051995 24.952825 29.498499 
23.982840 43.230983 23.829379 32.653092 43.587610 28.868736 40.510181 28.661602 28.386536 28.603732 41.761621 30.281718 24.518248 33.969423 30.370036 28.503373 28.932237 28.194861 30.817310 25.064696 29.071670 24.813679 27.021651 28.879033 
29.025892 39.021874 30.526153 39.869607 38.555498 41.593698 29.664784 27.494032 28.566715 24.588825 25.682181 25.103553 27.725473 28.856750 32.957920 
28.192483 38.811536 30.812489 28.538388 39.394081 28.283662 29.822867 25.141997 29.710006 40.951852 34.082812 25.304920 27.079955 29.269353 36.886696 40.015631 38.491256 26.032252 29.073200 43.399158 28.779552 25.229441 29.727182 25.974681 28.732338 28.916598 29.939977 23.756404 33.648304 29.580677 
29.720273 34.770179 37.623265 40.081784 28.422780 28.326978 26.582913 28.518140 25.717845 28.618035 34.479308 28.054457 24.834257 29.813405 38.443794 
26.071298 29.103579 30.015048 43.919916 40.116274 32.885776 40.247962 31.992262 38.166945 39.257598 38.089716 27.606769 
26.138882 37.943763 32.246670 25.657685 29.825542 30.398690 35.075028 24.731706 35.295077 38.991723 29.461520 29.286758 25.837207 29.393837 41.523247 33.794875 25.056660 27.250710 30.305186 36.608246 32.588102 
30.883992 41.620000 27.256578 38.300290 24.379090 29.351647 29.257340 40.740229 43.275520 36.295226 27.229286 30.594816 28.205196 40.634940 37.527231 30.461037 28.098401 39.457921 24.552110 24.740349 28.065317 23.812523 28.608896 29.342495 
33.964245 30.591130 32.999442 29.122443 40.062560 27.804910 26.431099 41.854550 28.469512 40.771188 
39.925237 29.435261 34.378113 29.441501 28.310249 39.617350 36.140134 39.191479 30.109259 29.039167 28.228872 25.182269 29.739931 28.222203 29.927371 24.524166 28.027341 35.474527 29.834268 43.065346 41.613591 41.976509 23.951296 27.284418 25.840342 34.301288 40.753820 32.262528 29.333685 30.331212 28.514005 27.600771 29.023830 33.682489 41.165851 42.556671 32.154554 29.173171 27.061621 30.031625 34.473534 24.843412 
28.684268 28.273787 40.836868 43.955672 39.074216 29.179576 29.336553 33.119391 25.380348 30.272407 25.992200 27.817114 29.544577 
29.157548 27.373666 26.500417 30.174885 32.981993 33.130339 38.744121 32.602282 41.952987 34.067673 43.129425 29.478359 27.978585 40.609605 40.102129 38.354174 37.791447 28.283664 29.222705 36.530059 
28.878503 30.047205 28.892629 37.237378 29.295763 41.673866 27.078729 38.861313 40.916344 34.798762 
41.784433 40.009359 27.995517 29.965634 32.614766 28.525619 29.227839 39.614896 39.423011 34.123940 41.841158 28.903208 25.858992 33.318865 26.910081 41.293482 27.444562 27.631092 27.270973 26.236860 24.535191 
34.300171 38.802704 31.095832 40.963380 40.990325 40.608484 27.126001 25.503773 29.153259 28.452801 29.409538 27.018696 27.121815 39.761658 26.272811 29.938639 26.122425 26.566198 
30.706464 27.776545 24.472197 30.895879 30.465503 30.855922 38.704882 40.740699 25.485239 33.558497 29.503202 29.150018 35.299475 
34.523728 29.408614 30.795812 28.750206 43.790102 29.347841 28.698241 
28.975915 25.390066 28.392508 28.701238 39.155883 24.209448 26.126413 43.161842 39.580188 28.752543 40.380849 28.238943 27.486357 28.278982 29.166553 34.350577 29.408209 
29.930833 27.538189 28.332234 36.155611 25.976230 29.615087 35.546167 28.898400 28.446692 24.787692 27.725373 29.989482 41.789183 42.652700 31.758715 31.907308 28.779734 30.222117 
40.230214 27.538934 28.938823 24.567334 30.473705 40.469680 40.852105 29.218322 35.584502 28.969202 37.903351 40.985615 44.128411 24.781703 24.622074 28.802652 
38.153722 28.399822 29.983244 29.939949 40.954431 28.394544 38.250233 33.539287 25.990064 28.233070 34.603076 
39.450825 29.485399 25.230930 29.400882 39.217732 40.618521 28.733170 29.033012 31.696847 32.725140 
28.743620 28.717663 42.456937 30.183675 29.811206 28.452247 29.119537 28.665803 42.286157 37.865949 29.576440 40.676920 27.644685 27.301678 29.624911 29.126609 39.623102 28.104616 30.402714 41.310460 24.570343 25.390723 32.466835 29.250540 30.438419 
25.049422 29.583540 41.622776 30.174141 28.161318 38.753249 30.346165 25.871599 37.411549 30.914795 40.438080 29.570588 28.784946 28.750028 40.366438 27.435827 
29.008255 40.867674 33.772397 33.636870 30.660109 43.171876 30.918565 39.668031 28.168863 29.345678 27.242462 
25.594087 30.095459 38.018762 40.879135 25.821186 24.068709 24.225306 30.110110 42.658929 26.072751 26.033557 28.935238 32.583722 
26.338690 29.873263 29.970898 38.882583 30.334979 29.752319 26.269378 35.320203 31.925936 27.266331 29.095544 31.290921 35.391710 
27.983062 27.582247 37.833029 43.704139 34.772568 41.064043 35.123885 40.844543 39.002220 23.910270 40.255873 42.508635 
34.185496 31.829446 29.173553 41.773818 28.199256 28.631776 27.904533 37.949093 40.954185 40.128099 35.358613 33.439315 41.006811 24.254950 41.187759 25.792337 28.293485 41.603819 39.942460 32.221395 26.479897 40.063585 25.044506 40.230891 28.911216 26.663720 38.877221 
28.433650 28.957169 25.216984 40.884389 28.427830 28.850334 28.141997 29.766131 28.271981 39.299972 32.423055 35.179588 33.603072 39.828191 40.615547 29.678620 42.394364 39.251881 
28.498812 35.420352 41.345929 27.961523 37.517477 28.277769 30.960758 40.249791 27.575007 37.597423 29.289487 27.685136 25.072231 34.212543 28.919363 
30.110141 42.341361 24.076717 32.080454 28.700958 27.097575 26.990530 25.239195 41.034583 28.443898 43.116797 28.761677 25.868862 
28.661034 27.256718 34.015196 29.965085 42.303418 30.486052 31.410202 27.945520 30.608767 29.606256 29.673980 33.193815 28.904405 30.601192 39.840901 35.396005 29.434382 27.732939 28.891368 39.446009 34.058912 31.125538 25.806437 25.795037 40.305852 41.217787 
30.727580 29.352274 29.010713 28.678323 31.591035 28.805804 26.086989 36.337845 24.114768 29.166620 35.899356 33.110519 29.487318 28.498482 28.529939 37.877157 30.392146 37.804964 27.346564 44.165852 30.502570 28.485656 30.946243 27.719136 26.655201 24.870666 28.692006 29.118157 37.663758 28.289494 
33.535027 30.223020 43.812207 26.238704 33.779358 31.494671 33.329738 29.568372 43.784339 38.188634 28.876235 33.058363 34.160990 38.299351 44.049519 32.461533 40.461648 34.375054 30.443633 28.143658 29.741999 31.171575 38.421728 25.909890 42.626552 
29.347149 29.230826 29.394340 38.721379 29.932280 29.935385 34.096534 31.325437 42.878689 28.818197 28.862591 
30.098774 41.329990 31.391570 36.670834 28.295486 35.033069 30.848272 33.371608 25.447322 29.438679 40.333385 23.864291 
27.768323 36.772271 30.304735 40.671898 30.549179 29.311184 27.073277 29.722563 43.300370 28.110897 27.100517 28.430801 27.250737 40.377475 29.986492 28.525469 
41.729332 25.262328 28.609722 27.608309 27.744724 37.026787 37.488524 26.901890 27.553943 28.601756 
26.312951 24.328755 32.414704 42.965779 26.292663 30.971919 26.046919 33.040434 29.150220 30.803359 29.026953 26.671985 36.722788 28.324222 36.596181 26.552323 23.706076 27.157955 24.827070 42.291262 24.205650 31.910997 33.814725 28.672249 32.424049 
41.093143 24.502296 38.461555 25.085459 32.203809 32.520915 26.831857 40.568119 27.124283 27.436867 30.338899 27.953504 26.349225 40.050302 39.798960 27.648010 29.224203 30.076712 25.278234 27.692851 38.470665 39.952434 
42.999475 43.965646 30.223955 29.635034 28.280521 28.704091 25.617577 37.991331 27.657845 37.673090 41.746255 29.828753 33.732421 34.020556 40.924903 24.808272 23.994433 
28.757057 40.495859 42.912729 43.003295 43.845388 23.915394 27.038199 29.806634 24.717993 29.499430 29.149141 33.291056 31.839043 28.788436 27.890980 40.636858 25.877030 33.117366 28.399560 40.635470 30.443027 41.324871 27.573652 
39.520615 30.767454 26.440686 25.381918 23.958602 26.302770 40.812676 42.669301 28.349415 28.557484 39.445033 29.635880 29.419429 35.761782 28.272169 34.869799 37.050179 23.553016 35.580985 29.703632 25.272286 28.303491 36.900429 25.070909 28.886459 
28.187894 29.936514 27.171506 26.881891 25.214688 27.632849 27.313869 43.773284 25.844333 25.135312 39.224556 40.286529 29.860543 28.194789 39.990960 30.025718 39.383777 41.907808 34.535601 
