402.452597 112.606539 0.218235 17.180724 0.670840 872.114886 0.315107 560.617142 60.283429 310.155175 
1193.472936 204.413905 0.202195 15.590875 0.608048 633.443931 0.544979 261.608775 1168.288394 184.667155 
295.593351 95.422805 0.207984 547.440779 0.338691 1113.239218 0.231891 24.801602 426.186548 978.742390 16.639252 279.901939 426.487028 1414.913722 
0.887647 89.218101 0.200170 1802.186249 0.347423 1158.704626 16.950854 1439.922533 
0.376818 90.193354 0.208470 837.895033 5.238976 1068.555598 93.674616 1187.510970 0.220187 0.229498 21.973863 683.203148 1025.841745 7.063822 3.907552 1360.775452 
9.535993 0.210575 0.158689 826.988021 18.735443 656.875268 54.898438 19.721483 215.247765 386.047057 0.494547 
1000.005246 0.623065 0.123023 200.808609 1.214261 399.495657 966.553627 14.422423 170.442795 21.270090 17.938356 
1016.069812 466.335826 0.230381 166.555794 0.683590 642.994507 136.215504 19.912203 0.391506 3.062026 469.163558 29.776553 18.276541 1063.557756 63.946914 
365.073521 16.522830 0.155546 135.687994 1.260306 0.119544 52.968423 28.983222 648.106464 286.911342 0.273727 769.916361 11.064777 
1.516588 988.887247 0.326289 1407.555690 14.191366 0.380775 0.258574 51.588372 1665.718729 427.928102 0.274750 16.975793 144.133326 267.814011 757.666289 5.102896 1433.472148 
463.398586 967.463353 0.138564 259.849406 0.392104 13.032548 15.899788 0.417201 138.852165 582.207626 390.366761 299.708329 0.726093 
822.477934 875.436062 0.172471 139.745564 0.240056 1011.822883 21.369878 0.409698 
238.029560 392.323671 0.176779 147.309085 753.258894 24.233388 35.953829 0.446612 856.816354 0.557244 4.972505 
258.480662 307.030463 0.131129 76.705801 362.927834 0.266127 17.069256 0.536256 986.369320 963.071157 15.226669 40.057572 1.564234 0.771431 31.959787 88.179766 
811.643921 584.858149 0.140967 102.860639 239.079479 0.696040 19.540027 0.452715 1066.954820 1000.287394 30.984674 
1232.506452 227.250287 0.310572 151.729857 21.865481 0.232443 32.747104 0.364734 490.922889 129.887112 1783.826752 
653.136851 5.775791 0.235775 99.864214 33.825764 214.501515 1626.209466 0.264872 598.341938 353.170348 0.946496 1800.732192 541.325257 0.623051 17.609367 269.838804 907.277868 
266.688114 864.877613 0.229424 125.375380 16.540521 0.300026 532.200640 0.680448 245.959129 0.632813 721.058150 90.892775 
385.837834 226.656628 0.168236 54.191022 20.564174 1267.500628 0.199014 515.230514 17.376407 7.778552 625.420317 6.683416 0.684338 844.658875 969.737561 
337.096636 928.829197 0.156923 1139.862758 282.921359 14.481166 2.533014 0.649824 163.074724 12.348850 467.185997 367.916459 517.117273 25.522759 111.279097 640.150116 358.833893 
230.086675 25.716592 0.236036 1210.357560 617.995391 5.660028 1.603332 129.944727 22.636822 1517.332405 48.460406 7.697557 0.373902 217.287617 1226.904824 986.252328 244.108281 851.253586 1806.869993 9.260524 64.870965 14.464842 551.994755 12.408365 412.500249 36.695577 8.736204 1375.140604 
604.261069 437.810325 0.112487 450.055492 526.631482 0.521759 0.281792 14.886638 26.253101 840.241026 2.990919 119.999392 16.909401 
1246.939658 0.430271 0.145388 0.373412 569.334497 0.298532 774.871587 21.520391 684.134454 569.334900 48.758116 702.027973 428.660316 894.155253 
66.656735 43.705888 0.138436 1022.540325 0.195273 0.500942 808.182515 16.433105 148.307236 504.351377 0.644913 
112.978819 13.691397 0.302075 1126.283713 0.319649 0.270748 178.309565 3.256132 1766.115818 459.785295 444.145235 77.616694 16.492275 12.145565 274.739697 892.445318 32.962318 33.107947 
9.323326 19.629619 0.225988 139.099361 282.225239 0.196744 388.305455 313.464574 226.997092 0.949471 0.213062 29.654873 26.126457 4.612883 114.315903 479.630359 438.170211 202.959584 122.251184 103.107491 30.543464 3.694844 280.929786 201.208359 729.497395 465.612931 
95.675631 167.989458 0.227272 1846.748879 196.626318 0.364991 302.817575 12.324933 44.758007 1.031968 0.340933 20.797087 159.155128 49.015381 1676.166685 354.074998 2.140416 86.041922 1656.674493 679.782593 
123.908139 20.553925 0.217464 126.736619 0.196363 0.560708 105.459315 1544.607759 157.503600 1098.510785 789.688973 0.225677 
26.695180 7.358881 0.274086 131.969038 1.356462 0.318156 692.827753 171.428816 59.709254 1372.865316 5.042717 61.882799 462.339987 1.615302 746.889746 1669.278417 25.921600 
8.743261 22.560800 0.170334 640.892985 0.289990 0.331247 1183.915834 100.377510 1074.353574 509.208445 604.353332 247.395873 545.893875 390.764644 
696.277795 63.567640 0.157111 0.168884 0.165534 0.277027 297.920287 236.201347 36.164544 13.009598 273.429348 706.264657 956.384398 387.437657 3.627552 558.174933 
0.305070 1229.601296 0.182291 22.205316 0.248541 536.150885 324.790780 124.598837 312.511016 724.794768 270.346179 1395.015287 0.194018 
0.337120 53.000130 0.349561 619.932677 0.400443 766.200079 32.539070 70.656083 749.768321 452.459223 0.173685 21.913890 59.057548 390.039544 155.122863 282.954724 760.604242 1248.484518 239.017426 334.120827 10.316616 7.980367 
0.286655 149.399762 1974.176512 935.856037 0.214230 12.561291 0.299722 555.912555 2.729995 3.014337 405.089522 116.224900 54.754677 122.205195 2.896596 142.570557 
0.290956 99.454931 1009.541161 184.609274 0.388360 19.343578 0.313308 706.598648 23.905673 69.467192 779.753476 13.904715 929.763263 1009.677657 1157.430948 
252.959366 519.719467 0.420577 1896.771577 0.684596 17.302712 0.231222 173.716854 2246.025830 720.033920 
142.692867 139.775052 0.246923 235.699145 1.358206 25.277542 0.252259 183.324686 28.949270 8.786324 293.422221 2018.869027 129.414624 208.427154 
1491.508799 2059.779644 0.254688 2050.957725 0.750012 26.402777 0.304362 5.345018 519.074158 178.663850 1801.273935 
172.363701 67.174819 0.293929 20.224279 0.928694 2465.695072 0.336255 1315.236740 1204.950217 1950.244094 115.935842 16.227360 322.162295 
17.908772 1869.772778 0.299890 3.453386 178.735127 654.708521 0.281921 1769.314866 302.160202 96.097369 0.326662 16.222446 316.004615 579.769148 20.711212 15.411997 
15.738992 102.357017 0.269026 701.058989 124.527982 509.939498 0.266177 1020.166472 193.513732 345.998952 0.532085 3.865711 561.638619 159.951661 0.713650 1839.862620 10.712051 
15.271483 1.223919 0.364094 0.616769 310.150978 806.717150 0.223886 685.916140 406.780345 52.666656 1459.864432 31.836273 24.120425 1013.950859 
300.040321 0.421069 0.265721 18.293317 1967.876356 1402.301309 0.280608 370.722789 1197.264270 
168.457899 0.308133 0.229274 39.791916 9.001614 255.599555 0.376996 1133.549409 7.962065 802.790915 92.033017 350.870737 7.320823 188.563417 
132.406695 1.930773 0.209061 22.741591 123.253734 1339.832811 0.406249 650.488747 2.703356 433.951370 119.964197 631.745040 194.550974 10.129176 122.122322 6.001183 
170.040907 26.232329 0.336234 1039.765471 15.832747 258.499616 0.334004 299.611166 0.560275 1394.526463 525.883620 
1340.481938 1992.979357 0.300199 6.214316 15.648047 37.103495 0.319251 946.383691 1.053894 70.872685 52.573599 452.606903 
315.285968 0.439524 916.667845 894.640770 3.244923 82.538244 0.250395 152.655215 0.329749 1.838054 1604.500199 77.535533 843.486035 29.157780 38.526136 1016.963459 8.219281 14.342823 
142.696337 0.224326 961.852971 196.608888 19.171434 910.291673 0.250007 86.665113 0.320147 1221.719801 861.260248 3.239672 15.253805 
428.483222 0.249481 833.041297 0.275629 15.752201 43.743628 0.351847 102.045847 1675.132324 492.760205 11.097464 1.202892 99.114381 255.809661 249.403852 0.579312 209.321592 1467.587224 979.989114 40.895965 
215.068546 0.154554 1029.852793 0.251968 18.806906 0.778971 0.391890 444.573780 596.810855 0.922332 815.601295 
120.239506 0.244922 730.984759 27.034465 0.551696 0.321586 0.355673 1603.121929 894.462636 1238.899620 
159.185487 0.402493 462.416359 19.806450 0.688613 3.494394 0.290866 0.489445 1055.527422 12.042382 950.088415 1217.001426 46.692714 1331.766204 7.945954 1.708348 82.768016 609.026605 17.597819 12.474448 
0.352963 140.573781 1174.608390 362.344934 0.391167 25.955758 0.246307 0.503825 420.125667 246.322933 102.798403 7.957066 926.820754 241.910764 1883.896987 331.646513 18.927314 59.380003 9.897878 0.732124 7.294511 2.056859 25.479892 
0.347575 260.781196 219.591207 842.366068 0.609223 17.469695 0.308032 0.269046 1000.771496 170.348322 790.722932 622.068510 
0.103679 521.691866 345.632244 6.893184 64.477395 13.077116 0.714758 0.140692 404.515243 650.593450 238.778165 768.654554 82.644703 0.116484 89.388652 40.253290 
0.280918 354.517425 728.070857 11.698199 480.230585 15.143595 0.472520 1226.310241 0.179935 741.839754 52.723606 0.532764 26.642398 1238.956063 
0.150006 41.020470 558.480810 551.534788 82.596321 12.910842 0.761432 3.407729 0.325560 556.059164 117.963823 636.458881 
0.187922 1196.987732 592.188102 20.103866 95.192416 711.529714 0.332746 11.153140 0.168052 112.104725 63.932455 1340.744001 
0.252480 328.235883 632.375621 15.794360 198.198269 615.095374 83.606711 8.941063 220.370746 0.359942 1.022061 388.671257 61.242299 1069.674645 193.577776 
0.266486 785.976363 75.271668 17.719456 124.537054 338.285145 0.308770 0.364740 34.371090 342.835173 9.481556 19.322338 
0.170145 369.905635 218.748977 897.874457 398.754603 716.957266 1.902522 805.675790 12.950742 1.914981 468.435992 0.887669 36.538895 41.201450 1.835813 412.295837 362.586238 42.444788 217.389906 0.397688 588.859756 231.840931 764.788304 21.838398 20.383363 261.546157 3.308117 
0.230627 1123.745032 791.118934 0.706748 472.640685 26.644532 352.833572 1053.251140 596.312427 396.638825 0.484326 112.702607 
0.425125 478.096106 303.036333 35.229349 2.181536 546.384277 689.977815 0.615354 757.456784 0.185581 37.761840 1437.970781 47.562478 7.263557 115.204387 117.454011 1284.954779 747.323975 36.817118 0.259834 76.464626 665.030663 
0.398427 1086.157157 20.487966 38.288880 1165.392364 10.861771 0.679416 355.987136 849.353710 0.180369 444.901431 438.313104 18.830963 
0.246268 1769.021637 16.407145 51.104212 10.774301 558.684429 575.930530 0.369020 340.586170 2.355693 589.484754 29.716837 0.436978 489.747170 324.562527 
0.319660 997.139386 501.212733 40.233493 12.292640 0.278589 104.085766 0.258095 1078.146702 293.367095 11.623068 1363.806304 201.184825 1358.328664 
0.281076 464.831285 782.647683 28.096863 18.762431 0.614392 651.227509 0.294851 303.939377 114.339650 630.785129 
0.288059 671.204672 614.064131 1141.193338 16.222617 450.744155 824.252305 0.204147 489.137167 153.570157 0.209382 8.519343 141.164379 32.631476 97.665107 81.147792 64.995396 
0.322774 540.044871 211.104733 382.810500 1.044626 33.710823 6.132255 0.292000 1505.113919 425.033656 271.627287 161.232651 5.104524 200.190143 
0.253660 122.054504 595.373298 634.647780 0.209627 14.507889 312.918493 0.224248 3.712074 454.178913 734.788341 10.015126 1178.248757 328.573761 
0.297630 90.141851 689.212975 132.780158 0.269542 17.042943 980.036263 0.222859 1370.841784 348.476425 271.975797 
0.217094 275.736139 881.301306 0.700852 176.330613 601.493266 261.697667 0.194071 167.253350 14.652821 2.777671 1049.866637 291.295875 214.639741 562.190244 98.497375 301.678388 507.450622 2.899892 100.600813 179.946873 64.476659 13.139580 
0.219461 203.827101 4.856690 0.447979 11.992291 32.155399 772.889508 0.250565 240.487004 786.058724 818.447508 0.426579 
0.342670 651.369485 17.211072 823.837408 0.186685 737.670103 948.281648 0.115581 39.011052 
0.139858 1092.946699 31.808640 309.298089 584.704979 0.710208 814.918879 0.124257 62.507335 99.544982 0.838248 0.339258 2.098566 488.858768 28.207857 407.772321 989.571504 
0.252441 4.608098 35.982497 180.916742 76.421339 0.219176 715.804425 612.141511 0.775555 80.518176 811.210099 347.122500 160.919789 10.464341 12.109701 521.922614 15.719264 840.371633 908.606893 
0.220198 0.223500 664.139969 1141.465431 286.608161 6.941264 749.776059 0.247789 406.551650 15.768168 302.730344 276.062221 31.284063 1316.735161 53.511895 10.219263 769.619238 907.095096 
0.199142 0.222606 356.341399 1178.337260 59.724633 586.281277 514.964255 0.275173 14.433143 
0.733954 0.132184 29.572895 15.619709 90.745252 1.079154 456.292504 0.088603 121.018103 636.426136 515.929592 5.983171 
0.963045 0.284855 378.050962 837.404251 91.015660 15.752938 293.698909 0.118992 457.734912 4.629739 
0.712707 0.306433 759.197192 834.872979 120.134897 19.645339 161.140700 0.121001 
0.290418 0.368988 263.727453 50.682649 160.593907 18.839814 364.479456 0.212047 444.911688 1056.058900 
521.225407 0.185955 70.756533 2.266513 270.890452 31.741752 988.262021 0.357763 1027.525256 22.024062 1.042852 2.322800 205.038484 34.650488 40.283020 575.171333 1161.436140 16.014020 353.683074 9.934920 
344.808905 9.624038 0.288438 0.253907 92.578044 485.026811 1023.388359 0.500041 1145.081101 17.231389 777.482937 383.677546 189.434290 10.064732 0.252234 
1181.487004 14.227312 0.196919 0.364093 1088.103792 392.514857 621.538358 1.630964 71.201477 47.153368 21.242506 434.791877 1274.212416 
69.015368 25.250986 1497.722248 0.320613 0.227136 279.919003 1329.244291 0.304100 404.726259 85.436768 422.417565 0.782234 184.797855 244.176369 
1.057948 24.646078 144.679917 0.198981 0.149880 86.465067 538.638535 1102.808438 0.277735 1089.110458 11.887719 26.549350 12.161347 583.224884 0.236160 
423.314746 9.820574 686.915705 0.189148 0.267960 74.335045 227.857144 59.155393 1.265609 466.082208 15.877320 497.880530 718.833226 977.966975 
488.716880 92.930176 1399.722093 0.331476 0.245859 268.910917 0.889749 1599.434827 1170.624808 14.218090 3.810686 987.984078 20.453285 118.397468 133.928559 704.359939 51.112198 17.925446 
443.577134 18.619168 52.779840 0.322627 0.233806 180.297988 1726.014086 935.997988 0.269961 1728.201082 
315.306277 15.961506 181.185431 0.374174 0.228930 0.791946 622.308973 370.326199 0.538058 416.294360 119.451510 1522.315167 10.039658 24.815833 0.797666 
409.443861 827.388712 203.453594 1.059090 0.150800 0.121877 461.843205 17.344604 7.569118 289.751388 117.136481 505.367722 392.195537 348.861028 138.816499 274.390560 
199.781234 693.893694 1092.770038 684.220998 0.231319 0.408398 20.135332 0.186453 100.422983 280.641536 16.909159 1110.817920 
434.994171 580.326885 82.282827 15.849617 0.137252 0.565484 376.586718 0.629653 456.424224 352.903962 
266.370673 92.452343 53.793230 13.555827 0.133785 0.136896 1007.779031 0.369129 155.129376 40.397261 0.307760 503.624990 885.859276 997.551755 9.024811 987.712815 
228.918773 783.422835 1018.458855 12.248187 0.204665 98.401067 0.338080 0.295042 1249.375274 444.350668 1.384546 63.058583 726.492233 9.280413 
257.032552 1429.057138 111.610898 259.116901 0.200410 355.744037 0.188984 0.338639 25.178929 212.147708 20.552878 645.806811 904.432230 19.364182 
1135.161246 1201.910373 147.812479 272.927434 0.172531 797.612704 0.606776 0.405453 17.546376 0.459072 61.958923 591.823960 
406.883994 1393.512490 0.370262 777.666419 0.209988 19.344878 125.441320 0.476756 8.956600 414.858628 704.110129 196.452913 
