-75.790148 -91.420185 -91.483576 -73.012380 -76.581240 -91.007860 -90.648817 -79.891307 -78.605362 -88.270801 
-87.530594 -91.569554 -91.553296 -72.841824 -75.961789 -90.752232 -90.429881 -75.011641 -77.680480 -75.808385 
-87.916095 -91.609308 -91.705759 -74.497505 -75.746679 -91.023408 -90.236942 -72.478027 -75.093381 -77.469142 -69.484520 -77.777744 -79.405341 -78.342132 
-76.556235 -91.328529 -91.653186 -75.708971 -90.925131 -91.488317 -73.691042 -89.090920 
-75.923228 -91.562182 -91.533712 -75.646576 -70.662721 -91.355433 -70.009296 -89.243097 -73.869259 -89.803811 -74.228073 -74.277023 -83.696524 -70.594291 -91.173318 -82.914077 
-70.306453 -76.797187 -91.523996 -77.973937 -69.337940 -91.454224 -91.428444 -74.447308 -73.702507 -87.971399 -89.072550 
-87.490783 -76.360629 -91.390325 -91.434060 -89.117857 -91.459692 -76.636312 -73.887131 -74.982281 -76.520214 -70.055001 
-87.961948 -75.971506 -91.322603 -91.106315 -89.847619 -96.621608 -73.810962 -73.650751 -76.608291 -68.325372 -91.428065 -69.910462 -72.587500 -82.889026 -69.616961 
-90.975160 -73.369541 -91.212002 -90.830758 -88.054830 -75.642780 -69.528995 -70.426686 -87.534515 -74.793402 -90.457535 -75.098252 -70.674921 
-68.488058 -87.990802 -90.974569 -90.921914 -72.538901 -75.769418 -68.500434 -69.818928 -90.908449 -74.658665 -90.639032 -74.345224 -68.489482 -78.393937 -77.135129 -70.505054 -68.409821 
-88.642693 -69.544556 -90.900495 -90.698564 -75.252484 -70.407730 -73.760514 -90.050835 -90.949064 -74.904600 -74.990506 -84.508376 -88.394850 
-90.793822 -86.849866 -91.043022 -91.037467 -76.668006 -74.250927 -74.253934 -90.324912 
-90.851104 -87.512744 -91.048406 -91.059566 -79.513966 -73.107481 -74.251525 -89.320519 -73.793188 -75.719784 -74.064882 
-91.351269 -87.211000 -91.397881 -91.272548 -73.943473 -76.156204 -75.938990 -89.000569 -79.881979 -75.782954 -69.476178 -73.217386 -76.229070 -70.135669 -69.996440 -80.821177 
-92.006922 -82.566648 -92.133577 -91.459512 -89.559303 -77.085500 -73.521186 -91.010696 -86.737555 -74.778928 -82.408307 
-92.018230 -74.308448 -92.046454 -91.900437 -72.873352 -76.915666 -82.951998 -89.968424 -75.268839 -88.882612 -82.727721 
-91.544220 -69.498176 -91.845712 -91.998729 -73.352999 -70.013521 -87.498946 -88.308892 -72.173854 -75.654272 -76.334449 -75.700614 -83.599822 -72.195460 -69.680100 -97.362516 -80.573554 
-91.131510 -88.097880 -91.464694 -91.506111 -73.361173 -76.540373 -73.794392 -90.131774 -68.657048 -73.321979 -75.933873 -97.683434 
-91.203032 -89.054690 -91.363145 -91.390975 -74.944961 -75.373909 -75.326195 -70.108515 -73.440253 -74.155203 -83.272202 -69.536604 -89.409494 -83.878922 -91.306913 
-91.283017 -88.073739 -91.248483 -91.225286 -76.681953 -73.895901 -76.779498 -90.220204 -73.777551 -78.068162 -78.132734 -88.254713 -78.742663 -88.122088 -88.278179 -97.373952 -88.490392 
-91.675857 -78.742247 -91.776904 -91.775228 -88.792883 -69.169257 -76.235895 -78.564394 -73.897650 -81.202333 -82.879196 -68.675362 -89.330639 -76.844419 -83.403175 -73.060182 -76.056491 -76.152680 -81.734158 -75.187660 -70.179197 -83.618835 -69.032966 -70.086993 -79.205709 -82.851853 -69.128971 -73.648372 
-91.578153 -86.318450 -92.087231 -91.906540 -74.405065 -90.993945 -75.955699 -74.620994 -68.343088 -91.468516 -69.859178 -68.738749 -70.212816 
-92.340164 -76.134086 -92.569002 -96.133509 -75.011477 -91.209919 -91.401707 -75.568132 -88.590649 -77.509257 -92.638541 -79.013923 -97.226795 -92.731403 
-92.200305 -69.406664 -92.221636 -84.528249 -76.598361 -90.218711 -92.127832 -73.952478 -89.608494 -74.949988 -68.303584 
-91.875739 -75.395800 -92.521942 -74.460881 -76.033375 -89.888563 -92.556242 -72.626215 -89.634077 -72.570607 -82.227705 -70.452877 -72.561377 -73.136344 -75.266141 -83.599890 -74.746816 -74.525039 
-75.666804 -75.596937 -92.828803 -89.467065 -77.986126 -89.609366 -92.775964 -73.820639 -92.777144 -73.366643 -75.958169 -71.088674 -74.869219 -71.196112 -76.607447 -86.138763 -75.027256 -82.119175 -83.194721 -77.895175 -84.462734 -76.269614 -83.740040 -78.877422 -79.681938 -77.476101 
-73.772169 -76.518369 -92.466145 -89.100849 -76.955876 -89.238053 -92.312907 -71.419323 -92.378408 -71.745940 -75.996044 -73.728158 -68.293888 -70.302657 -86.998032 -75.176867 -87.825817 -73.076868 -84.295851 -80.265493 
-75.190348 -73.860921 -92.249046 -88.996533 -75.501718 -89.778262 -92.245813 -74.556568 -91.859775 -96.479520 -83.151453 -76.216989 
-73.922488 -71.015353 -92.260971 -69.094672 -76.767853 -90.651823 -91.440186 -72.491752 -92.146384 -88.202371 -70.592665 -70.588254 -73.983912 -69.877912 -76.816850 -79.109807 -69.855979 
-73.057264 -71.406576 -92.257186 -77.775933 -76.349988 -90.497706 -90.782270 -92.226209 -87.985496 -75.354152 -95.562486 -75.336474 -96.596089 -72.478726 
-88.107283 -87.892904 -92.248275 -69.957423 -76.339244 -90.500580 -90.838063 -92.209328 -69.976866 -72.359268 -75.681183 -80.209566 -78.074498 -96.404311 -79.050320 -70.587637 
-90.773647 -76.691314 -92.504368 -72.470483 -76.279517 -89.022517 -91.786396 -92.296683 -74.377107 -80.218715 -95.376904 -78.164936 -95.448186 
-90.395996 -92.496296 -91.763314 -92.110635 -76.330462 -78.788441 -74.327617 -92.159101 -79.439491 -88.965942 -93.227333 -73.567759 -86.530791 -76.805701 -82.921019 -85.715913 -86.770120 -75.315028 -83.835006 -83.556003 -75.873083 -83.453982 
-89.847718 -92.201928 -79.451622 -91.933349 -76.317715 -73.938946 -92.264327 -73.714802 -97.966495 -71.325201 -87.966137 -69.903103 -72.596842 -97.723660 -97.696510 -78.402606 
-91.140240 -91.846771 -97.065985 -92.417388 -76.983406 -73.467712 -92.523804 -89.655465 -68.876567 -97.903034 -75.190102 -70.391689 -76.434617 -96.884446 -86.835798 
-74.275734 -91.730520 -91.974514 -92.015855 -75.899701 -73.898845 -91.836258 -79.306859 -79.315953 -74.844346 
-70.916519 -91.638584 -91.907277 -91.955332 -75.603597 -73.572721 -91.817002 -96.978837 -73.508228 -69.053649 -76.012556 -85.972403 -74.851405 -73.741932 
-83.313020 -91.413423 -92.263900 -74.229498 -76.537120 -73.961810 -91.119053 -72.124665 -92.276104 -85.861218 -69.705060 
-90.624900 -91.194056 -92.154777 -73.731764 -77.032272 -83.762459 -90.704804 -74.680536 -92.287849 -80.175730 -76.640881 -68.967481 -68.840028 
-73.819446 -90.499983 -92.282581 -69.198605 -73.026996 -73.333270 -90.625802 -78.702471 -92.298356 -91.628869 -76.645415 -69.754548 -77.247306 -73.912873 -72.816415 -69.842453 
-74.180306 -69.576733 -92.301441 -69.970172 -72.975027 -74.718962 -90.891813 -78.858504 -92.064801 -92.000518 -75.519459 -70.578176 -89.624332 -80.238396 -70.443470 -82.658476 -76.931788 
-74.377100 -74.632074 -92.050009 -75.759446 -72.030044 -74.711882 -89.889572 -75.298729 -91.908771 -92.012021 -89.759971 -72.046611 -68.982390 -83.893998 
-91.620885 -75.963575 -92.479865 -73.225702 -82.938072 -74.620387 -91.718668 -92.216753 -79.961159 
-91.273420 -74.999218 -92.415736 -75.298764 -71.026380 -74.436197 -90.843917 -92.316631 -69.582648 -87.995453 -70.110838 -73.479497 -68.470609 -68.953401 
-91.345232 -76.276038 -92.358477 -74.477251 -72.393889 -74.606228 -91.306775 -92.342681 -73.053453 -86.800516 -70.925772 -78.232427 -74.549609 -70.298426 -71.311995 -75.496740 
-91.493619 -68.923066 -92.229710 -82.991390 -72.950210 -74.370438 -91.634561 -92.219726 -75.684799 -76.639538 -97.295767 
-91.300683 -79.018168 -92.351192 -68.453286 -68.748799 -72.526748 -91.538824 -92.225854 -76.738957 -92.097345 -73.310855 -73.755033 
-91.746292 -93.644866 -93.328955 -75.668383 -73.961364 -74.938125 -91.849211 -92.423161 -76.322681 -78.545804 -80.451278 -70.703175 -86.028109 -71.648028 -73.645188 -75.213288 -69.078903 -71.502205 
-92.337260 -93.864514 -86.768004 -74.376986 -73.927887 -95.638234 -91.917640 -70.184006 -75.886858 -92.474823 -75.546994 -72.880196 -68.983482 
-91.566817 -92.487698 -82.469756 -75.935741 -73.293673 -83.464705 -91.719711 -74.295347 -83.184622 -92.554409 -83.424526 -68.452657 -69.033522 -74.623843 -78.146566 -76.397769 -75.297347 -80.743063 -74.837908 -68.716615 
-91.600899 -92.966371 -92.850080 -75.908387 -74.300495 -89.193701 -91.660838 -87.818952 -74.179746 -74.192136 -76.508571 
-92.268979 -92.942133 -92.701435 -74.132887 -76.493998 -89.104932 -92.124631 -87.147338 -76.262479 -82.553745 
-92.285459 -93.319240 -93.261450 -74.303204 -75.719310 -73.328581 -92.418472 -88.073710 -86.791266 -73.716409 -76.677296 -96.107221 -73.505925 -96.370681 -69.381798 -95.940246 -68.648825 -74.475179 -69.946429 -76.178188 
-92.906068 -92.287000 -92.631980 -73.695011 -76.239004 -73.269940 -92.212447 -88.892730 -87.952617 -83.597527 -76.680681 -71.977274 -77.888692 -76.419065 -71.099814 -76.910104 -69.329686 -69.161776 -69.444128 -69.971929 -74.923716 -69.839995 -75.501432 
-92.430134 -91.641426 -92.386726 -76.785924 -76.225870 -73.503880 -91.546740 -88.928044 -88.702339 -74.512883 -81.763742 -79.712061 
-92.183526 -90.604259 -91.968774 -73.103257 -92.190953 -73.477463 -90.964519 -90.141649 -88.696273 -76.568869 -70.186688 -74.974883 -73.465933 -76.692417 -75.023410 -70.754779 
-91.826350 -74.370734 -91.778581 -69.347437 -91.480662 -72.984047 -89.258970 -88.535706 -76.615266 -78.391060 -69.922746 -89.169909 -76.315441 -76.206251 
-91.522667 -70.084889 -91.242978 -74.926520 -91.515923 -73.452879 -90.185701 -70.210437 -76.577836 -87.221086 -70.814577 -77.387905 
-91.708393 -88.565398 -91.578071 -73.373030 -91.708453 -75.764590 -89.001268 -69.288184 -76.612589 -70.458386 -73.910355 -79.603544 
-92.367603 -86.774273 -91.848590 -74.324083 -91.867769 -74.063018 -70.222124 -68.372748 -79.585340 -91.522037 -75.774814 -79.219829 -76.242167 -81.115830 -76.618401 
-91.975913 -87.822246 -91.950753 -74.875245 -91.924036 -74.181633 -75.559586 -89.748604 -97.178687 -68.677639 -71.578543 -73.939226 
-92.414557 -87.788857 -92.391983 -73.955891 -92.185017 -72.465548 -75.306481 -74.195014 -72.181969 -70.554136 -73.312272 -89.504840 -75.305583 -82.011170 -75.272212 -83.599067 -80.059968 -75.062431 -79.904579 -88.818233 -97.568405 -79.739849 -74.903632 -71.752584 -73.448407 -73.919141 -76.227915 
-92.473439 -81.980969 -92.544572 -76.783600 -92.313133 -73.427455 -74.232642 -75.672459 -87.121534 -87.738117 -88.564684 -78.170161 
-92.186248 -92.104213 -92.455248 -92.473793 -87.711377 -79.248943 -76.898868 -88.571519 -97.366245 -92.966047 -75.807570 -74.076408 -74.104968 -74.467356 -95.411822 -77.761166 -87.400597 -83.842769 -76.398357 -75.662199 -75.742125 -73.358050 
-91.332314 -91.374852 -73.825471 -92.353674 -87.613273 -71.955841 -76.802304 -76.390910 -92.982453 -92.848457 -70.117401 -79.908703 -78.313764 
-91.676809 -91.801584 -73.757279 -93.453008 -73.277738 -83.633298 -86.612140 -93.382329 -92.376806 -75.735161 -74.823108 -69.118823 -76.982786 -76.502331 -81.876394 
-91.501444 -91.358474 -75.032294 -93.761356 -75.560507 -76.036768 -77.117463 -93.845538 -92.447017 -68.298773 -68.437226 -77.323001 -79.598201 -82.899618 
-91.481491 -91.383746 -80.077604 -93.646013 -74.294529 -75.557149 -75.749200 -93.507338 -92.628898 -96.425257 -80.106411 
-91.492190 -91.585657 -92.623273 -73.838130 -73.628940 -96.261912 -86.668270 -93.224117 -80.188809 -80.804520 -76.949421 -71.857354 -95.115553 -71.107235 -94.155639 -69.647479 -95.244174 
-91.553288 -91.538580 -74.261021 -80.429855 -76.237625 -74.267464 -73.493322 -93.693900 -80.698639 -94.638587 -92.443160 -70.154808 -76.909029 -75.155528 
-91.553288 -91.538580 -92.260271 -74.254755 -75.919916 -75.294336 -68.860532 -92.416407 -68.924615 -86.838393 -74.774283 -68.495883 -79.740052 -74.750674 
-91.817425 -91.575931 -92.686081 -76.455614 -76.630722 -73.455209 -75.125636 -93.199650 -83.827118 -95.650569 -78.663598 
-91.532294 -91.610787 -92.221926 -75.848704 -97.329309 -84.508688 -74.507533 -92.567097 -73.679293 -73.742419 -69.770489 -80.422951 -78.479034 -83.333228 -76.417007 -69.203820 -79.935279 -80.219468 -80.298369 -74.662528 -79.098143 -97.180347 -68.440958 
-91.529217 -91.421872 -70.013827 -76.532052 -74.290818 -68.770907 -84.607231 -92.402191 -73.685108 -92.374138 -75.421761 -73.933014 
-91.308209 -87.884132 -75.536135 -75.220361 -75.726171 -91.309789 -92.064729 -92.568818 -91.920335 
-91.235083 -86.497465 -73.802577 -84.029898 -91.635872 -91.847312 -91.867864 -93.828490 -92.553178 -85.218605 -94.784768 -76.570614 -69.414767 -68.803117 -69.628706 -95.965864 -74.909992 
-91.797147 -78.624109 -76.494846 -87.242581 -92.142454 -92.769409 -92.108721 -69.293512 -76.211558 -95.777506 -78.924626 -95.924996 -74.175537 -70.962752 -69.548519 -78.443006 -76.578089 -88.238840 -95.895640 
-90.937718 -75.612741 -77.261505 -73.498357 -91.443193 -68.647627 -91.965466 -92.213068 -74.451427 -74.870207 -88.542807 -74.531329 -70.414671 -79.094248 -76.441358 -75.334686 -89.367315 -79.753771 
-90.098255 -76.922972 -73.825213 -88.593066 -91.539961 -80.211617 -91.447013 -91.721681 -73.637566 
-89.768452 -76.358922 -73.378873 -68.402195 -91.556710 -76.285370 -91.201215 -91.439571 -75.555471 -78.009552 -88.332752 -69.069404 
-89.287616 -75.683385 -74.872383 -88.429537 -91.524372 -74.102751 -91.526735 -91.593643 -75.205627 -76.743866 
-75.944272 -89.952063 -76.469024 -87.587273 -91.005274 -75.623368 -91.066500 -91.126874 
-76.327873 -89.408351 -76.107242 -88.851378 -91.435091 -72.892120 -91.475127 -91.450545 -88.659507 -82.373759 
-76.504725 -91.082985 -75.829132 -69.294276 -92.064548 -76.740435 -91.554063 -92.005222 -89.142911 -73.469575 -76.850063 -70.531319 -73.515045 -69.381744 -69.427231 -73.557750 -83.618265 -76.536634 -76.346186 -68.321711 
-72.429908 -70.835995 -92.378144 -90.942778 -91.824573 -74.952936 -92.224776 -76.366854 -74.553976 -73.862811 -88.007110 -91.062580 -97.143787 -95.873995 -89.881540 
-75.483941 -74.527224 -92.753065 -91.174241 -87.384499 -91.316054 -92.356562 -75.684626 -75.041425 -91.893505 -68.670907 -74.059677 -96.398962 
-74.923980 -74.277014 -79.291256 -91.239808 -92.180199 -91.316461 -92.087848 -75.862851 -87.814565 -76.454854 -79.213794 -89.329648 -78.428995 -79.810540 
-89.906054 -74.606931 -76.319629 -91.311030 -92.321163 -91.305607 -92.052088 -89.277358 -76.037999 -73.278066 -69.216656 -68.668034 -72.881587 -75.831692 -69.790221 
-68.276315 -72.363662 -90.258621 -90.905155 -91.997079 -91.170867 -92.141201 -73.894881 -76.060781 -75.101205 -75.149391 -78.770591 -75.284697 -77.375566 
-91.924100 -83.963332 -91.095876 -90.875682 -92.019933 -73.930505 -76.741095 -79.828976 -74.951574 -72.748859 -83.817611 -87.365737 -72.014104 -80.187066 -82.965160 -79.586623 -83.017659 -72.858769 
-92.148723 -73.953931 -91.556472 -90.053727 -92.200667 -73.726361 -89.306869 -76.620838 -76.521819 -86.917037 
-92.070639 -73.901090 -91.696053 -89.414241 -92.005568 -76.511525 -78.501571 -87.579656 -70.382571 -69.820865 -74.117438 -75.509701 -68.042463 -75.901108 -69.479696 
-91.969558 -78.269452 -92.154519 -89.372895 -92.124400 -76.443139 -79.402322 -73.794018 -73.590702 -87.112299 -69.172235 -75.654605 -79.752977 -80.967595 -73.549583 -78.673952 
-91.879070 -74.253025 -92.042386 -74.710253 -91.993347 -75.985377 -73.290645 -89.999975 -88.816296 -81.965439 -71.662761 -84.574212 
-91.500048 -88.319309 -91.544047 -73.953660 -91.612498 -76.169745 -81.556855 -89.835404 -74.650342 -79.136113 
-91.764605 -71.323571 -91.672766 -73.848804 -91.796373 -76.144604 -73.327223 -90.503369 -75.146450 -97.303757 -73.204567 -88.986765 -85.883441 -97.792301 -68.729242 -87.575548 
-91.820070 -78.655115 -91.409718 -74.551739 -91.727404 -76.630674 -75.561683 -90.923148 -74.409812 -87.492374 -87.289323 -72.519837 -73.997178 -69.020392 
-91.318362 -83.191217 -91.772273 -87.429016 -91.814367 -75.470060 -76.055299 -91.248018 -74.513851 -74.946696 -76.414337 -76.405140 -74.371508 -70.492896 
-78.885316 -88.940581 -91.105205 -91.131668 -91.179244 -75.576913 -76.431403 -90.061495 -73.240525 -78.991964 -73.877685 -79.761574 
-91.395699 -86.627029 -76.699307 -91.191070 -91.328269 -74.244134 -69.432070 -88.199760 -72.703589 -73.951231 -81.705500 -79.606576 
